2 0.45598958333333334 0.5170833333333333 0.07760416666666667 0.0775
2 0.25390625 0.6516666666666666 0.14114583333333333 0.13833333333333334
2 0.29453125 0.565 0.10052083333333334 0.09333333333333334
2 0.13776041666666666 0.6591666666666667 0.1421875 0.13166666666666665
6 0.019010416666666665 0.7833333333333333 0.03802083333333333 0.25333333333333335
2 0.5291666666666667 0.6945833333333333 0.159375 0.14416666666666667
2 0.8979166666666667 0.60125 0.1625 0.0925
15 0.9346354166666667 0.7308333333333333 0.0703125 0.08
15 0.73046875 0.5129166666666667 0.024479166666666666 0.0225
15 0.7020833333333333 0.4970833333333333 0.022916666666666665 0.0225
15 0.6640625 0.5045833333333334 0.029166666666666667 0.0225
15 0.6552083333333333 0.4975 0.022916666666666665 0.021666666666666667
15 0.634375 0.4979166666666667 0.021875 0.019166666666666665
2 0.9872395833333333 0.46291666666666664 0.025520833333333333 0.07583333333333334
2 0.16640625 0.5391666666666667 0.09947916666666666 0.08
2 0.00546875 0.6033333333333334 0.0109375 0.07
0 0.12526041666666668 0.5283333333333333 0.013020833333333334 0.015
2 0.007552083333333333 0.6329166666666667 0.015104166666666667 0.06416666666666666