4 0.025260416666666667 0.8441666666666666 0.050520833333333334 0.26166666666666666
2 0.20833333333333334 0.6841666666666667 0.14479166666666668 0.14833333333333334
4 0.35833333333333334 0.5733333333333334 0.09479166666666666 0.10166666666666667
2 0.34088541666666666 0.5404166666666667 0.07552083333333333 0.07083333333333333
2 0.22838541666666667 0.605 0.12760416666666666 0.12
2 0.046875 0.7516666666666667 0.09375 0.19333333333333333
2 0.016145833333333335 0.6375 0.03229166666666667 0.11
5 0.1421875 0.5320833333333334 0.08020833333333334 0.07083333333333333
2 0.18541666666666667 0.5175 0.036458333333333336 0.016666666666666666
12 0.25807291666666665 0.48583333333333334 0.0828125 0.06166666666666667
15 0.6552083333333333 0.535 0.03125 0.02666666666666667
15 0.6520833333333333 0.50375 0.013541666666666667 0.0175
15 0.5966145833333333 0.4975 0.0171875 0.015
15 0.7346354166666667 0.4970833333333333 0.025520833333333333 0.020833333333333332
13 0.478125 0.5458333333333333 0.046875 0.03666666666666667