15 0.5088541666666667 0.4970833333333333 0.01875 0.019166666666666665
15 0.5169270833333334 0.49625 0.021354166666666667 0.0175
2 0.3932291666666667 0.5625 0.09479166666666666 0.09833333333333333
2 0.18880208333333334 0.6941666666666667 0.16197916666666667 0.165
4 0.1125 0.66875 0.15520833333333334 0.14416666666666667
3 0.3033854166666667 0.555 0.10677083333333333 0.10333333333333333
4 0.21145833333333333 0.5195833333333333 0.07604166666666666 0.05583333333333333
2 0.14947916666666666 0.53 0.051041666666666666 0.028333333333333332
2 1.0 0.8491666666666666 0.0 0.3016666666666667
4 0.73671875 0.43666666666666665 0.0828125 0.05333333333333334
4 0.6020833333333333 0.43083333333333335 0.05 0.02666666666666667
2 0.57890625 0.4504166666666667 0.05677083333333333 0.05416666666666667
2 0.5627604166666667 0.4175 0.033854166666666664 0.011666666666666667