13 0.9309895833333334 0.7754166666666666 0.13802083333333334 0.1325
2 1.0 0.8545833333333334 0.0 0.20916666666666667
3 1.0 0.54875 0.0 0.20083333333333334
3 1.0 0.4475 0.0 0.12666666666666668
4 1.0 0.5508333333333333 0.0 0.11833333333333333
2 0.7731770833333333 0.4475 0.17552083333333332 0.10333333333333333
2 0.46432291666666664 0.45458333333333334 0.15260416666666668 0.1025
2 0.58828125 0.5316666666666666 0.19114583333333332 0.13
2 0.09739583333333333 0.4508333333333333 0.15625 0.09166666666666666
2 0.03411458333333333 0.5120833333333333 0.06822916666666666 0.13583333333333333
2 0.23984375 0.375 0.1421875 0.09166666666666666
4 0.0067708333333333336 0.38 0.013541666666666667 0.095
1 0.03229166666666667 0.3441666666666667 0.06458333333333334 0.07
2 0.0 0.3458333333333333 0.0 0.04
2 0.27630208333333334 0.3358333333333333 0.1234375 0.07833333333333334
2 0.49244791666666665 0.32625 0.09635416666666667 0.07416666666666667
4 0.6588541666666666 0.35375 0.12083333333333333 0.08416666666666667
4 0.8140625 0.31125 0.10729166666666666 0.07083333333333333
2 0.9268229166666667 0.34708333333333335 0.12135416666666667 0.0725
5 1.0 0.285 0.0 0.023333333333333334
11 0.35859375 0.2625 0.10572916666666667 0.011666666666666667
13 0.9546875 0.55875 0.090625 0.09416666666666666