2 0.34453125 0.5879166666666666 0.1078125 0.11083333333333334
4 0.30234375 0.5545833333333333 0.09427083333333333 0.09083333333333334
3 0.17317708333333334 0.6929166666666666 0.18802083333333333 0.18916666666666668
4 0.13645833333333332 0.6404166666666666 0.140625 0.1275
0 0.20182291666666666 0.5170833333333333 0.06614583333333333 0.0625
2 0.1375 0.5366666666666666 0.04375 0.02666666666666667
0 0.4393229166666667 0.7195833333333334 0.12760416666666666 0.13916666666666666
2 0.765625 0.6179166666666667 0.15 0.11083333333333334
2 0.9359375 0.5920833333333333 0.128125 0.0925
11 1.0 0.71 0.0 0.49333333333333335
11 0.690625 0.45 0.19583333333333333 0.11666666666666667
5 0.5010416666666667 0.42375 0.05 0.0425
15 0.6458333333333334 0.48125 0.0125 0.019166666666666665
15 0.653125 0.4975 0.021875 0.016666666666666666
15 0.5247395833333334 0.5479166666666667 0.030729166666666665 0.029166666666666667
15 0.5559895833333334 0.5395833333333333 0.0390625 0.020833333333333332
15 0.5666666666666667 0.53375 0.010416666666666666 0.015833333333333335
15 0.5854166666666667 0.5495833333333333 0.030208333333333334 0.0225
15 0.5986979166666667 0.5504166666666667 0.03177083333333333 0.0225
15 0.6158854166666666 0.5641666666666667 0.0328125 0.021666666666666667
15 0.62578125 0.595 0.033854166666666664 0.03666666666666667
15 0.5643229166666667 0.5629166666666666 0.0296875 0.0225
15 0.5434895833333333 0.5779166666666666 0.0328125 0.0275
15 0.5296875 0.5808333333333333 0.03958333333333333 0.02666666666666667
15 0.5169270833333334 0.6054166666666667 0.0359375 0.0275
15 0.7510416666666667 0.6725 0.03125 0.06