4 0.8986979166666667 0.3383333333333333 0.13385416666666666 0.085
4 0.8033854166666666 0.31666666666666665 0.09427083333333333 0.04666666666666667
4 0.9765625 0.5283333333333333 0.046875 0.13666666666666666
2 0.7408854166666666 0.3595833333333333 0.11302083333333333 0.0625
2 0.6671875 0.3229166666666667 0.10208333333333333 0.04416666666666667
15 0.14583333333333334 0.665 0.16770833333333332 0.12666666666666668
2 0.49114583333333334 0.32875 0.1 0.06416666666666666
2 0.4739583333333333 0.37 0.11770833333333333 0.08333333333333333
4 0.30546875 0.37166666666666665 0.12760416666666666 0.09666666666666666
2 0.25755208333333335 0.33416666666666667 0.10260416666666666 0.07
2 0.12916666666666668 0.37958333333333333 0.153125 0.08916666666666667