2 0.7200520833333334 0.45125 0.16614583333333333 0.1025
3 0.96171875 0.3425 0.0765625 0.08
2 0.4625 0.36791666666666667 0.12083333333333333 0.08916666666666667
2 0.8713541666666667 0.30875 0.115625 0.06916666666666667
2 0.6252604166666667 0.3225 0.09739583333333333 0.06666666666666667
2 0.3684895833333333 0.33416666666666667 0.10364583333333334 0.07333333333333333
0 0.009114583333333334 0.34541666666666665 0.018229166666666668 0.06583333333333333
6 0.33098958333333334 0.4216666666666667 0.1828125 0.13
0 0.009114583333333334 0.44416666666666665 0.018229166666666668 0.10333333333333333
2 0.7494791666666667 0.5379166666666667 0.19791666666666666 0.12416666666666666
4 0.15677083333333333 0.3770833333333333 0.14166666666666666 0.09083333333333334