2 0.89296875 0.45208333333333334 0.1859375 0.10583333333333333
2 0.65859375 0.44416666666666665 0.16302083333333334 0.11
0 0.41770833333333335 0.4475 0.115625 0.09833333333333333
2 0.18854166666666666 0.44416666666666665 0.16770833333333332 0.10833333333333334
9 0.04348958333333333 0.42125 0.08697916666666666 0.1725
1 0.73125 0.3516666666666667 0.096875 0.07666666666666666
0 0.6059895833333333 0.36333333333333334 0.09322916666666667 0.07666666666666666
2 0.4669270833333333 0.36375 0.1078125 0.08916666666666667
2 0.2591145833333333 0.38 0.1453125 0.08833333333333333
1 0.08177083333333333 0.38166666666666665 0.12291666666666666 0.08833333333333333
2 0.76875 0.30583333333333335 0.1 0.07166666666666667
2 0.6375 0.32208333333333333 0.10520833333333333 0.060833333333333336
2 0.4778645833333333 0.32875 0.10572916666666667 0.0725
2 0.3416666666666667 0.34625 0.109375 0.09083333333333334
3 0.18776041666666668 0.33375 0.14114583333333333 0.0925
2 0.8734375 0.31375 0.08541666666666667 0.0625
2 0.8947916666666667 0.3458333333333333 0.12395833333333334 0.07