4 0.2981770833333333 0.605 0.1171875 0.12333333333333334
4 0.15442708333333333 0.71125 0.17135416666666667 0.17583333333333334
4 0.175 0.5254166666666666 0.075 0.06416666666666666
2 0.13046875 0.5379166666666667 0.0296875 0.025833333333333333
2 1.0 0.9083333333333333 0.0 0.18333333333333332
2 0.0 0.66625 0.0 0.11083333333333334
15 0.6338541666666667 0.58 0.034375 0.041666666666666664
15 0.5885416666666666 0.5741666666666667 0.03958333333333333 0.04
15 0.5330729166666667 0.5341666666666667 0.030729166666666665 0.02666666666666667
15 0.5919270833333333 0.49875 0.019270833333333334 0.024166666666666666
15 0.7427083333333333 0.50375 0.016666666666666666 0.014166666666666666
2 0.007552083333333333 0.6208333333333333 0.015104166666666667 0.11
2 0.31328125 0.5629166666666666 0.0828125 0.07083333333333333
15 0.69453125 0.5983333333333334 0.025520833333333333 0.04
13 0.38385416666666666 0.44458333333333333 0.025 0.010833333333333334
11 0.6799479166666667 0.4116666666666667 0.13072916666666667 0.07
2 1.0 0.5075 0.0 0.08833333333333333
11 0.0 0.8579166666666667 0.0 0.2841666666666667