0 0.35494791666666664 0.5283333333333333 0.07552083333333333 0.07666666666666666
2 0.24375 0.59375 0.11875 0.11083333333333334
2 0.37786458333333334 0.5633333333333334 0.0984375 0.09833333333333333
2 0.24713541666666666 0.6479166666666667 0.1453125 0.14583333333333334
11 0.08697916666666666 0.7083333333333334 0.17395833333333333 0.275
13 0.47369791666666666 0.5554166666666667 0.0453125 0.049166666666666664
15 0.6354166666666666 0.5858333333333333 0.05 0.05333333333333334
15 0.5432291666666667 0.6458333333333334 0.04791666666666667 0.051666666666666666
15 0.6252604166666667 0.5354166666666667 0.0328125 0.019166666666666665
15 0.56640625 0.5483333333333333 0.03177083333333333 0.03333333333333333
15 0.49505208333333334 0.6433333333333333 0.04635416666666667 0.041666666666666664
15 0.8809895833333333 0.6658333333333334 0.06822916666666666 0.115