6 0.94296875 0.33708333333333335 0.1140625 0.1175
2 0.8216145833333334 0.3229166666666667 0.10989583333333333 0.060833333333333336
13 0.8734375 0.3566666666666667 0.06354166666666666 0.03666666666666667
4 0.6536458333333334 0.32125 0.103125 0.06916666666666667
4 0.7354166666666667 0.35375 0.11458333333333333 0.0875
2 0.4700520833333333 0.33375 0.08489583333333334 0.07416666666666667
2 0.5317708333333333 0.36125 0.11041666666666666 0.08083333333333333
2 0.33359375 0.33458333333333334 0.10885416666666667 0.0725
2 0.3625 0.3675 0.134375 0.09166666666666666
4 0.1484375 0.3745833333333333 0.14166666666666666 0.0925
2 0.015885416666666666 0.38083333333333336 0.03177083333333333 0.105
2 0.9072916666666667 0.44916666666666666 0.06458333333333334 0.08666666666666667
11 0.940625 0.48583333333333334 0.11875 0.24833333333333332
4 0.7197916666666667 0.4379166666666667 0.15 0.10416666666666667
2 0.7765625 0.5345833333333333 0.21354166666666666 0.13416666666666666
4 0.409375 0.41541666666666666 0.11145833333333334 0.1025
6 0.4479166666666667 0.4979166666666667 0.3541666666666667 0.21916666666666668
2 0.2015625 0.44625 0.17083333333333334 0.11916666666666667
10 0.11302083333333333 0.5041666666666667 0.22604166666666667 0.2