15 0.5830729166666667 0.5533333333333333 0.034895833333333334 0.023333333333333334
15 0.7278645833333334 0.585 0.018229166666666668 0.035
15 0.9096354166666667 0.70625 0.05677083333333333 0.06416666666666666
5 0.3450520833333333 0.5679166666666666 0.15885416666666666 0.14083333333333334
2 0.20989583333333334 0.6154166666666666 0.13125 0.1175
2 0.05182291666666667 0.7275 0.10364583333333334 0.175
5 0.06770833333333333 0.80125 0.13541666666666666 0.26916666666666667
15 0.6216145833333333 0.4825 0.016145833333333335 0.015
15 0.57890625 0.5116666666666667 0.018229166666666668 0.013333333333333334
5 0.14244791666666667 0.48625 0.04010416666666667 0.025833333333333333
2 0.9825520833333333 0.4608333333333333 0.034895833333333334 0.06333333333333334
13 0.7828125 0.4216666666666667 0.027083333333333334 0.013333333333333334