4 0.36354166666666665 0.5691666666666667 0.09583333333333334 0.09666666666666666
2 0.3106770833333333 0.56375 0.06197916666666667 0.07916666666666666
2 0.17239583333333333 0.5420833333333334 0.07916666666666666 0.06416666666666666
4 0.13463541666666667 0.5279166666666667 0.05572916666666667 0.060833333333333336
4 0.19010416666666666 0.68625 0.17395833333333333 0.1725
4 0.017708333333333333 0.63625 0.035416666666666666 0.1225
15 0.5552083333333333 0.52625 0.019791666666666666 0.0225
15 0.5776041666666667 0.5183333333333333 0.03125 0.028333333333333332
15 0.5934895833333333 0.5116666666666667 0.0171875 0.023333333333333334
15 0.678125 0.49166666666666664 0.0375 0.025
15 0.70703125 0.51125 0.0265625 0.020833333333333332
15 0.6380208333333334 0.50375 0.028125 0.025833333333333333
15 0.6268229166666667 0.4975 0.0171875 0.018333333333333333
15 0.6286458333333333 0.5416666666666666 0.025 0.02
4 0.4140625 0.44083333333333335 0.06041666666666667 0.03333333333333333