15 0.5479166666666667 0.52375 0.021875 0.025833333333333333
15 0.6497395833333334 0.6025 0.0484375 0.04833333333333333
2 0.33984375 0.5854166666666667 0.10677083333333333 0.11583333333333333
4 0.29583333333333334 0.56125 0.09791666666666667 0.09916666666666667
4 0.13307291666666668 0.6566666666666666 0.14635416666666667 0.14
4 0.24114583333333334 0.49875 0.06770833333333333 0.060833333333333336
2 0.16614583333333333 0.5179166666666667 0.08333333333333333 0.06416666666666666
2 0.07291666666666667 0.5858333333333333 0.10833333333333334 0.07666666666666666
4 0.010416666666666666 0.58875 0.020833333333333332 0.0475
2 1.0 0.6983333333333334 0.0 0.23
4 0.0 0.6804166666666667 0.0 0.12583333333333332
2 0.0578125 0.8179166666666666 0.115625 0.23916666666666667
4 0.6583333333333333 0.3975 0.04375 0.016666666666666666
2 0.7697916666666667 0.4266666666666667 0.06354166666666666 0.04
0 0.91875 0.43 0.07604166666666666 0.043333333333333335
2 1.0 0.4816666666666667 0.0 0.07
2 1.0 0.46708333333333335 0.0 0.08416666666666667