15 0.8809895833333333 0.41333333333333333 0.016145833333333335 0.011666666666666667
15 0.8911458333333333 0.40291666666666665 0.0020833333333333333 0.0075
15 0.7692708333333333 0.43041666666666667 0.025 0.014166666666666666
15 0.7768229166666667 0.4379166666666667 0.015104166666666667 0.0125
13 0.83828125 0.4525 0.030729166666666665 0.02666666666666667
15 0.8059895833333334 0.43666666666666665 0.013020833333333334 0.01
15 0.8005208333333333 0.43625 0.014583333333333334 0.010833333333333334
15 0.8145833333333333 0.4454166666666667 0.03125 0.0275
15 0.5833333333333334 0.5483333333333333 0.030208333333333334 0.03666666666666667
15 0.6005208333333333 0.5495833333333333 0.03333333333333333 0.034166666666666665
2 0.97421875 0.4529166666666667 0.0515625 0.05583333333333333
4 0.6575520833333334 0.42041666666666666 0.0546875 0.034166666666666665
2 0.5059895833333333 0.4583333333333333 0.050520833333333334 0.05
2 0.40260416666666665 0.5516666666666666 0.090625 0.09166666666666666
3 0.32864583333333336 0.5425 0.09791666666666667 0.09666666666666666
1 0.0 0.7945833333333333 0.0 0.20083333333333334
2 0.003125 0.85625 0.00625 0.18916666666666668
2 0.35989583333333336 0.44708333333333333 0.03125 0.035833333333333335
4 0.21276041666666667 0.49291666666666667 0.07552083333333333 0.059166666666666666
4 0.14375 0.5466666666666666 0.075 0.06833333333333333
4 0.0 0.8358333333333333 0.0 0.22833333333333333
2 0.0 0.9354166666666667 0.0 0.12916666666666668
5 0.0 1.0 0.0 0.0
4 0.5 0.5 1.0 1.0