0 0.3296875 0.33541666666666664 0.0875 0.0675
2 0.6221354166666667 0.31625 0.0953125 0.0625
2 0.4856770833333333 0.3254166666666667 0.09739583333333333 0.06416666666666666
2 0.77890625 0.44708333333333333 0.17239583333333333 0.10083333333333333
2 0.5619791666666667 0.4479166666666667 0.153125 0.10583333333333333
2 0.9013020833333333 0.5241666666666667 0.19739583333333333 0.12833333333333333
4 0.7786458333333334 0.35041666666666665 0.125 0.08083333333333333
4 0.6111979166666667 0.355 0.11822916666666666 0.09
4 0.47369791666666666 0.36541666666666667 0.12135416666666667 0.09083333333333334
4 0.31354166666666666 0.4425 0.15208333333333332 0.10666666666666667
4 0.6473958333333333 0.5179166666666667 0.20104166666666667 0.14583333333333334
4 0.18072916666666666 0.34 0.12083333333333333 0.07666666666666666
4 0.0546875 0.3458333333333333 0.109375 0.07
2 0.7580729166666667 0.3204166666666667 0.10885416666666667 0.060833333333333336