4 0.37109375 0.5654166666666667 0.0921875 0.0975
6 0.23072916666666668 0.6483333333333333 0.15104166666666666 0.15
2 0.05182291666666667 0.8225 0.10364583333333334 0.23333333333333334
4 0.3484375 0.5366666666666666 0.09375 0.08666666666666667
4 0.18697916666666667 0.6275 0.10833333333333334 0.10666666666666667
2 0.22057291666666667 0.4920833333333333 0.06822916666666666 0.0525
2 0.14921875 0.5358333333333334 0.04010416666666667 0.018333333333333333
4 0.2140625 0.5108333333333334 0.08020833333333334 0.06333333333333334
6 0.07890625 0.5833333333333334 0.1359375 0.095
2 0.0036458333333333334 0.6283333333333333 0.007291666666666667 0.11
2 0.8276041666666667 0.60375 0.14375 0.10583333333333333
0 0.7934895833333333 0.71875 0.09739583333333333 0.18083333333333335
15 0.7432291666666667 0.5045833333333334 0.016666666666666666 0.0175
15 0.6315104166666666 0.5491666666666667 0.033854166666666664 0.03
11 0.953125 0.4141666666666667 0.09375 0.10666666666666667
15 0.5502604166666667 0.535 0.033854166666666664 0.02666666666666667
15 0.6497395833333334 0.52 0.0328125 0.03
15 0.5721354166666667 0.5491666666666667 0.0328125 0.028333333333333332
15 0.7033854166666667 0.5204166666666666 0.03802083333333333 0.024166666666666666