2 0.6708333333333333 0.665 0.16354166666666667 0.11833333333333333
1 0.575 0.4608333333333333 0.042708333333333334 0.045
4 0.49296875 0.465 0.0546875 0.05333333333333334
4 0.005989583333333334 0.8029166666666666 0.011979166666666667 0.2175
15 0.8416666666666667 0.435 0.01875 0.013333333333333334
15 0.8622395833333333 0.4683333333333333 0.021354166666666667 0.015
3 0.39140625 0.5516666666666666 0.09427083333333333 0.1
15 0.90546875 0.43875 0.033854166666666664 0.014166666666666666
13 0.6916666666666667 0.5133333333333333 0.04375 0.03166666666666667
15 0.8328125 0.44375 0.030208333333333334 0.015833333333333335
4 0.020833333333333332 0.6195833333333334 0.041666666666666664 0.08916666666666667
2 0.2890625 0.4791666666666667 0.06458333333333334 0.05333333333333334
2 0.25364583333333335 0.47541666666666665 0.04895833333333333 0.049166666666666664
2 0.40546875 0.43083333333333335 0.0421875 0.043333333333333335