6 0.015364583333333333 0.5704166666666667 0.030729166666666665 0.0725
2 0.10885416666666667 0.555 0.11666666666666667 0.06666666666666667
2 0.17291666666666666 0.52875 0.08958333333333333 0.0525
11 0.09296875 0.6945833333333333 0.1859375 0.24583333333333332
2 0.2955729166666667 0.7275 0.18489583333333334 0.13166666666666665
6 0.32083333333333336 0.62125 0.19791666666666666 0.1275
4 0.39869791666666665 0.5754166666666667 0.0796875 0.08083333333333333
6 0.3927083333333333 0.5279166666666667 0.109375 0.07916666666666666
2 0.5888020833333333 0.7316666666666667 0.15052083333333333 0.12333333333333334
3 0.5455729166666666 0.5683333333333334 0.11510416666666666 0.08666666666666667
2 0.55 0.53 0.09375 0.055
4 0.8440104166666667 0.735 0.21302083333333333 0.14666666666666667
2 0.70234375 0.6529166666666667 0.1515625 0.1025
4 0.73828125 0.5654166666666667 0.10260416666666666 0.0725
4 0.6807291666666667 0.5354166666666667 0.09895833333333333 0.0675
2 0.88828125 0.6520833333333333 0.15989583333333332 0.09083333333333334
2 0.8825520833333333 0.5591666666666667 0.09322916666666667 0.07333333333333333
2 0.7763020833333333 0.53375 0.0859375 0.05583333333333333
4 0.7747395833333334 0.4891666666666667 0.028645833333333332 0.065
2 0.7125 0.5141666666666667 0.07708333333333334 0.041666666666666664
2 0.22864583333333333 0.5379166666666667 0.075 0.06583333333333333
4 0.20416666666666666 0.585 0.08229166666666667 0.07166666666666667