4 0.3145833333333333 0.5533333333333333 0.09479166666666666 0.09333333333333334
13 0.6760416666666667 0.6729166666666667 0.090625 0.0725
15 0.7893229166666667 0.7658333333333334 0.034895833333333334 0.041666666666666664
15 0.5213541666666667 0.5620833333333334 0.03125 0.0225
15 0.53203125 0.5691666666666667 0.03802083333333333 0.02
15 0.5518229166666667 0.5670833333333334 0.03697916666666667 0.029166666666666667
15 0.5734375 0.54125 0.022916666666666665 0.020833333333333332
15 0.5908854166666667 0.53625 0.0296875 0.025833333333333333
15 0.609375 0.4970833333333333 0.016666666666666666 0.0175
15 0.6169270833333333 0.4975 0.018229166666666668 0.016666666666666666
15 0.6627604166666666 0.505 0.0140625 0.03
2 0.87265625 0.48625 0.11614583333333334 0.08416666666666667
2 0.6796875 0.4354166666666667 0.057291666666666664 0.0525
2 0.20546875 0.5325 0.0609375 0.03
0 0.0 0.6929166666666666 0.0 0.10916666666666666
2 0.0 0.5583333333333333 0.0 0.075
13 0.14557291666666666 0.48541666666666666 0.0265625 0.0175
2 0.2786458333333333 0.44416666666666665 0.04583333333333333 0.013333333333333334
2 0.37734375 0.43375 0.043229166666666666 0.020833333333333332
2 0.019010416666666665 0.6125 0.03802083333333333 0.07833333333333334
16 0.6481770833333333 0.5120833333333333 0.0171875 0.020833333333333332
16 0.5828125 0.5425 0.020833333333333332 0.025