6 0.3619791666666667 0.57 0.1125 0.11333333333333333
2 0.18151041666666667 0.6954166666666667 0.1640625 0.16583333333333333
4 0.24322916666666666 0.5954166666666667 0.115625 0.1075
2 0.06328125 0.7233333333333334 0.1265625 0.175
4 0.1796875 0.53 0.09166666666666666 0.07166666666666667
2 0.017447916666666667 0.63125 0.034895833333333334 0.11916666666666667
0 0.2671875 0.46708333333333335 0.051041666666666666 0.0425
11 0.70703125 0.38708333333333333 0.12447916666666667 0.060833333333333336
2 0.6763020833333333 0.43666666666666665 0.07239583333333334 0.04666666666666667
15 0.60546875 0.4979166666666667 0.021354166666666667 0.015833333333333335
15 0.6270833333333333 0.5075 0.028125 0.041666666666666664
15 0.5682291666666667 0.505 0.0125 0.016666666666666666
15 0.5434895833333333 0.5333333333333333 0.022395833333333334 0.025
15 0.59296875 0.5270833333333333 0.0203125 0.020833333333333332
15 0.5604166666666667 0.55625 0.036458333333333336 0.0425
13 0.52265625 0.5645833333333333 0.0390625 0.03916666666666667
15 0.6596354166666667 0.5916666666666667 0.0453125 0.041666666666666664