13 0.47369791666666666 0.5454166666666667 0.043229166666666666 0.04083333333333333
11 0.27291666666666664 0.6033333333333334 0.3125 0.25166666666666665
2 0.05703125 0.7391666666666666 0.1140625 0.19
4 0.21171875 0.5141666666666667 0.0796875 0.065
2 0.015364583333333333 0.595 0.030729166666666665 0.03333333333333333
15 0.54609375 0.5479166666666667 0.03177083333333333 0.0275
15 0.59375 0.4979166666666667 0.010416666666666666 0.0175
15 0.6268229166666667 0.4975 0.016145833333333335 0.018333333333333333
15 0.9783854166666667 0.7366666666666667 0.043229166666666666 0.051666666666666666
13 0.41067708333333336 0.47541666666666665 0.016145833333333335 0.0175
2 0.134375 0.57 0.019791666666666666 0.015