2 0.49140625 0.49916666666666665 0.059895833333333336 0.06333333333333334
4 0.17421875 0.63375 0.1484375 0.1425
6 0.4473958333333333 0.475 0.07291666666666667 0.06833333333333333
4 0.31588541666666664 0.6029166666666667 0.11302083333333333 0.11083333333333334
15 0.7822916666666667 0.45416666666666666 0.017708333333333333 0.02
15 0.80546875 0.43666666666666665 0.015104166666666667 0.015
15 0.8908854166666667 0.43125 0.019270833333333334 0.019166666666666665
15 0.8463541666666666 0.4166666666666667 0.015625 0.013333333333333334
13 0.85703125 0.4345833333333333 0.022395833333333334 0.015833333333333335
15 0.8846354166666667 0.42291666666666666 0.0328125 0.010833333333333334
4 0.19947916666666668 0.49583333333333335 0.04791666666666667 0.051666666666666666
2 0.01796875 0.63375 0.0359375 0.10416666666666667
4 0.017447916666666667 0.5733333333333334 0.034895833333333334 0.065
4 0.24166666666666667 0.49666666666666665 0.08333333333333333 0.06833333333333333