15 0.6994791666666667 0.5054166666666666 0.014583333333333334 0.0225
15 0.6635416666666667 0.49833333333333335 0.016666666666666666 0.023333333333333334
15 0.4588541666666667 0.4970833333333333 0.021875 0.019166666666666665
15 0.49296875 0.46208333333333335 0.009895833333333333 0.010833333333333334
15 0.5278645833333333 0.46875 0.016145833333333335 0.014166666666666666
13 0.5359375 0.5279166666666667 0.022916666666666665 0.025833333333333333
2 0.93359375 0.59625 0.1328125 0.1025
1 0.7755208333333333 0.6354166666666666 0.121875 0.11583333333333333
4 0.38307291666666665 0.55625 0.08802083333333334 0.09916666666666667
1 0.26171875 0.6470833333333333 0.1140625 0.12583333333333332
2 0.32005208333333335 0.5529166666666666 0.08697916666666666 0.08583333333333333
2 0.18359375 0.6341666666666667 0.13489583333333333 0.12166666666666667
3 0.16510416666666666 0.5108333333333334 0.084375 0.06666666666666667
2 0.21614583333333334 0.5120833333333333 0.08020833333333334 0.06583333333333333
2 0.014322916666666666 0.5966666666666667 0.028645833333333332 0.07666666666666666
2 0.9825520833333333 0.465 0.034895833333333334 0.03166666666666667