3 0.34713541666666664 0.58125 0.10677083333333333 0.1125
2 0.14375 0.7233333333333334 0.18854166666666666 0.18666666666666668
5 0.27447916666666666 0.5745833333333333 0.11875 0.1125
2 0.08411458333333334 0.6995833333333333 0.16822916666666668 0.16083333333333333
2 0.18984375 0.5341666666666667 0.08697916666666666 0.075
5 0.13307291666666668 0.53625 0.04635416666666667 0.04583333333333333
5 0.016927083333333332 0.6033333333333334 0.033854166666666664 0.11
0 0.8765625 0.5879166666666666 0.12083333333333333 0.08583333333333333
11 1.0 0.6341666666666667 0.0 0.38666666666666666
2 0.6638020833333333 0.43083333333333335 0.0390625 0.043333333333333335
11 0.5354166666666667 0.4241666666666667 0.11875 0.085
15 0.3546875 0.44458333333333333 0.010416666666666666 0.005833333333333334
15 0.35 0.445 0.0125 0.011666666666666667
15 0.5161458333333333 0.5129166666666667 0.020833333333333332 0.014166666666666666
15 0.5083333333333333 0.47583333333333333 0.010416666666666666 0.011666666666666667
15 0.44192708333333336 0.45458333333333334 0.021354166666666667 0.0175
15 0.59921875 0.6091666666666666 0.033854166666666664 0.03166666666666667
2 0.9671875 0.455 0.065625 0.065
3 0.0 0.8095833333333333 0.0 0.18083333333333335
2 0.0 0.6470833333333333 0.0 0.1075
2 0.00546875 0.545 0.0109375 0.04833333333333333
15 0.6815104166666667 0.5129166666666667 0.022395833333333334 0.015833333333333335
13 0.6065104166666667 0.47541666666666665 0.025520833333333333 0.015833333333333335
15 0.53125 0.5045833333333334 0.029166666666666667 0.019166666666666665