11 0.17994791666666668 0.6875 0.35989583333333336 0.3466666666666667
2 0.38958333333333334 0.5570833333333334 0.08020833333333334 0.08416666666666667
2 0.32864583333333336 0.5579166666666666 0.03333333333333333 0.034166666666666665
15 0.5486979166666667 0.5208333333333334 0.033854166666666664 0.028333333333333332
15 0.60078125 0.4895833333333333 0.022395833333333334 0.019166666666666665
4 0.22239583333333332 0.4891666666666667 0.06145833333333333 0.051666666666666666
2 0.13463541666666667 0.5391666666666667 0.03697916666666667 0.028333333333333332
4 0.19036458333333334 0.535 0.08177083333333333 0.07166666666666667
2 0.016145833333333335 0.6120833333333333 0.03229166666666667 0.06916666666666667
6 0.009114583333333334 0.5375 0.018229166666666668 0.05333333333333334
4 0.7119791666666667 0.4270833333333333 0.06145833333333333 0.019166666666666665
2 1.0 0.45958333333333334 0.0 0.07416666666666667
2 1.0 0.46375 0.0 0.04083333333333333
2 1.0 0.6341666666666667 0.0 0.045