11 0.6268229166666667 0.4216666666666667 0.12864583333333332 0.07833333333333334
3 0.3640625 0.51625 0.06770833333333333 0.0625
4 0.058854166666666666 0.8195833333333333 0.11770833333333333 0.2525
2 0.03984375 0.7695833333333333 0.0796875 0.21083333333333334
3 1.0 0.5966666666666667 0.0 0.17
3 0.77265625 0.60375 0.1609375 0.1175
15 0.75625 0.43916666666666665 0.014583333333333334 0.015
15 0.7830729166666667 0.4375 0.0140625 0.015
15 0.7872395833333333 0.43041666666666667 0.027604166666666666 0.0225
15 0.8 0.4370833333333333 0.014583333333333334 0.0125
15 0.81015625 0.43625 0.015104166666666667 0.009166666666666667
15 0.8377604166666667 0.4666666666666667 0.0390625 0.021666666666666667
15 0.8536458333333333 0.43333333333333335 0.015625 0.011666666666666667
2 0.275 0.4825 0.06770833333333333 0.056666666666666664
1 0.18411458333333333 0.5070833333333333 0.058854166666666666 0.050833333333333335
1 0.015364583333333333 0.6079166666666667 0.030729166666666665 0.05416666666666667