2 0.37864583333333335 0.5283333333333333 0.18541666666666667 0.13833333333333334
4 0.65625 0.5291666666666667 0.203125 0.14666666666666667
2 0.896875 0.5233333333333333 0.20625 0.12666666666666668
0 0.8114583333333333 0.445 0.13333333333333333 0.08833333333333333
2 0.5606770833333333 0.44458333333333333 0.1484375 0.1025
2 0.3268229166666667 0.44583333333333336 0.15677083333333333 0.105
2 0.08359375 0.5204166666666666 0.1671875 0.1225
4 0.0 0.4479166666666667 0.0 0.0975
2 0.0 0.5070833333333333 0.0 0.1375
4 0.023958333333333335 0.38375 0.04791666666666667 0.09916666666666667
4 0.12578125 0.37583333333333335 0.15885416666666666 0.09333333333333334
2 0.2947916666666667 0.37875 0.13854166666666667 0.08916666666666667
4 0.46588541666666666 0.36583333333333334 0.10572916666666667 0.08333333333333333
2 0.6674479166666667 0.35791666666666666 0.12760416666666666 0.08583333333333333
3 0.3729166666666667 0.32625 0.11666666666666667 0.09083333333333334
4 0.53203125 0.32958333333333334 0.09635416666666667 0.06916666666666667
0 0.209375 0.3329166666666667 0.11041666666666666 0.07416666666666667
0 0.7184895833333333 0.3204166666666667 0.10885416666666667 0.08083333333333333
2 1.0 0.5229166666666667 0.0 0.12416666666666666
2 0.9934895833333334 0.4525 0.013020833333333334 0.095
2 1.0 0.5404166666666667 0.0 0.1375
2 1.0 0.4558333333333333 0.0 0.105
4 0.8364583333333333 0.34875 0.11979166666666667 0.07083333333333333
2 1.0 0.8825 0.0 0.235
13 0.92890625 0.7716666666666666 0.1421875 0.12666666666666668
2 0.8549479166666667 0.3120833333333333 0.10052083333333334 0.06416666666666666
4 0.95234375 0.33875 0.07135416666666666 0.06916666666666667
2 1.0 0.8533333333333334 0.0 0.18333333333333332