2 0.33098958333333334 0.6066666666666667 0.11302083333333333 0.12166666666666667
2 0.30520833333333336 0.56125 0.08958333333333333 0.08916666666666667
2 0.1546875 0.7104166666666667 0.16354166666666667 0.16416666666666666
2 0.20677083333333332 0.52 0.07604166666666666 0.06166666666666667
3 0.13619791666666667 0.5304166666666666 0.05364583333333333 0.04083333333333333
3 0.017708333333333333 0.6091666666666666 0.035416666666666666 0.07833333333333334
15 0.5393229166666667 0.5404166666666667 0.021354166666666667 0.015833333333333335
15 0.5489583333333333 0.535 0.030208333333333334 0.025
15 0.5546875 0.5266666666666666 0.017708333333333333 0.02
15 0.5614583333333333 0.52625 0.015625 0.0225
15 0.5994791666666667 0.5204166666666666 0.026041666666666668 0.020833333333333332
15 0.6171875 0.5058333333333334 0.017708333333333333 0.023333333333333334
15 0.6169270833333333 0.4820833333333333 0.0046875 0.009166666666666667
15 0.5861979166666667 0.48291666666666666 0.015104166666666667 0.014166666666666666