4 0.37942708333333336 0.44208333333333333 0.14427083333333332 0.10916666666666666
2 0.17239583333333333 0.44083333333333335 0.17708333333333334 0.10833333333333334
2 0.8348958333333333 0.44333333333333336 0.165625 0.09833333333333333
2 0.9950520833333333 0.53625 0.009895833333333333 0.11916666666666667
2 0.9731770833333333 0.44875 0.05364583333333333 0.1075
4 0.05286458333333333 0.38333333333333336 0.10572916666666667 0.08166666666666667
2 0.21614583333333334 0.37833333333333335 0.153125 0.09333333333333334
2 0.403125 0.37 0.125 0.08833333333333333
2 0.596875 0.36 0.1125 0.09
2 0.7643229166666666 0.3566666666666667 0.12447916666666667 0.07
4 0.8752604166666667 0.33916666666666667 0.09427083333333333 0.095
2 0.7567708333333333 0.3258333333333333 0.10625 0.065
2 0.57109375 0.32708333333333334 0.10260416666666666 0.07416666666666667
2 0.4265625 0.33916666666666667 0.10520833333333333 0.06333333333333334
4 0.2596354166666667 0.3333333333333333 0.12135416666666667 0.075
0 0.10677083333333333 0.34625 0.12708333333333333 0.060833333333333336
2 1.0 0.8479166666666667 0.0 0.1925
13 0.9302083333333333 0.7754166666666666 0.13958333333333334 0.14583333333333334
2 0.40546875 0.3070833333333333 0.09010416666666667 0.06916666666666667
2 0.5908854166666667 0.29541666666666666 0.0921875 0.0625
4 0.7309895833333333 0.29291666666666666 0.1078125 0.06583333333333333
2 0.79296875 0.275 0.0609375 0.055
3 0.7927083333333333 0.25458333333333333 0.09791666666666667 0.0525
4 0.16614583333333333 0.24333333333333335 0.051041666666666666 0.045
4 0.85546875 0.22791666666666666 0.03802083333333333 0.015833333333333335