2 0.7890625 0.73875 0.19895833333333332 0.12916666666666668
13 0.9 0.9595833333333333 0.15833333333333333 0.08083333333333333
3 0.6736979166666667 0.6458333333333334 0.15885416666666666 0.10833333333333334
5 0.33567708333333335 0.7108333333333333 0.20052083333333334 0.155
2 0.10390625 0.6545833333333333 0.16510416666666666 0.0925
2 0.9682291666666667 0.7320833333333333 0.06354166666666666 0.12083333333333333
2 0.8796875 0.65875 0.16354166666666667 0.09916666666666667
2 1.0 0.66625 0.0 0.09416666666666666
2 1.0 0.7495833333333334 0.0 0.13583333333333333
2 1.0 0.6595833333333333 0.0 0.1275
2 0.5190104166666667 0.5775 0.10572916666666667 0.07833333333333334
4 0.5580729166666667 0.5366666666666666 0.08697916666666666 0.05333333333333334
0 0.6692708333333334 0.56625 0.0875 0.0725
2 0.8145833333333333 0.555 0.103125 0.07
2 0.35546875 0.5825 0.11927083333333334 0.08
4 0.18151041666666667 0.5795833333333333 0.13072916666666667 0.08916666666666667
4 0.030989583333333334 0.5933333333333334 0.06197916666666667 0.095
4 0.08255208333333333 0.55 0.1234375 0.07
4 0.24479166666666666 0.55 0.1 0.06166666666666667
2 0.40729166666666666 0.5491666666666667 0.08125 0.043333333333333335
4 0.72421875 0.5366666666666666 0.09322916666666667 0.05
2 1.0 0.7775 0.0 0.105
4 0.015104166666666667 0.7220833333333333 0.030208333333333334 0.14416666666666667
2 0.0 0.65125 0.0 0.0975
15 0.0 0.99875 0.0 0.0025
2 0.9947916666666666 0.9991666666666666 0.010416666666666666 0.0016666666666666668