9 0.3450520833333333 0.5729166666666666 0.1578125 0.14083333333333334
5 0.10104166666666667 0.7420833333333333 0.20208333333333334 0.2275
2 0.20416666666666666 0.6166666666666667 0.12291666666666666 0.115
2 0.05416666666666667 0.7370833333333333 0.10833333333333334 0.18416666666666667
15 0.5330729166666667 0.5329166666666667 0.0296875 0.024166666666666666
15 0.57265625 0.5345833333333333 0.03177083333333333 0.0225
15 0.6252604166666667 0.5058333333333334 0.015104166666666667 0.025
15 0.5765625 0.5195833333333333 0.025 0.020833333333333332
15 0.5817708333333333 0.5325 0.030208333333333334 0.015
5 0.2015625 0.5175 0.09375 0.07333333333333333
15 0.62109375 0.49083333333333334 0.030729166666666665 0.011666666666666667
2 0.7447916666666666 0.40875 0.053125 0.0325
2 0.9111979166666667 0.4483333333333333 0.09739583333333333 0.05333333333333334
2 0.9328125 0.4270833333333333 0.1 0.0675
15 0.9026041666666667 0.7058333333333333 0.059375 0.10833333333333334