4 0.9958333333333333 0.5195833333333333 0.008333333333333333 0.14583333333333334
1 0.8528645833333334 0.34208333333333335 0.10677083333333333 0.08083333333333333
0 0.734375 0.35541666666666666 0.09895833333333333 0.0725
2 0.5614583333333333 0.3595833333333333 0.11041666666666666 0.08083333333333333
2 0.40130208333333334 0.365 0.12135416666666667 0.08666666666666667
2 0.16171875 0.3779166666666667 0.14739583333333334 0.0875
2 0.8453125 0.30541666666666667 0.10625 0.06916666666666667
4 0.7247395833333333 0.3095833333333333 0.11302083333333333 0.0725
2 0.5747395833333333 0.32125 0.1015625 0.06916666666666667
2 0.41302083333333334 0.3258333333333333 0.103125 0.07666666666666666
3 0.8205729166666667 0.26916666666666667 0.08802083333333334 0.07666666666666666
2 0.6986979166666667 0.29125 0.08385416666666666 0.0575
4 0.98125 0.6320833333333333 0.0375 0.19083333333333333
2 0.05572916666666667 0.3433333333333333 0.11145833333333334 0.08333333333333333
2 0.3453125 0.4375 0.16770833333333332 0.10833333333333334