2 0.33541666666666664 0.5433333333333333 0.08125 0.07
4 0.35 0.5775 0.09583333333333334 0.1
4 0.18854166666666666 0.69 0.16770833333333332 0.16833333333333333
2 0.18984375 0.6345833333333334 0.12864583333333332 0.1175
2 0.015104166666666667 0.8579166666666667 0.030208333333333334 0.23416666666666666
2 0.027604166666666666 0.7741666666666667 0.05520833333333333 0.20833333333333334
3 0.19375 0.5166666666666667 0.09583333333333334 0.07666666666666666
2 0.13541666666666666 0.5375 0.0375 0.021666666666666667
3 0.018489583333333334 0.6045833333333334 0.03697916666666667 0.08083333333333333
13 0.5526041666666667 0.5208333333333334 0.041666666666666664 0.035
15 0.6026041666666667 0.535 0.03229166666666667 0.021666666666666667
15 0.6408854166666667 0.49833333333333335 0.022395833333333334 0.018333333333333333
15 0.6200520833333333 0.5933333333333334 0.030729166666666665 0.03
2 0.97734375 0.5804166666666667 0.0453125 0.0975
2 0.6869791666666667 0.6733333333333333 0.16666666666666666 0.14333333333333334
2 0.2890625 0.7679166666666667 0.13645833333333332 0.09916666666666667
1 0.15286458333333333 0.4920833333333333 0.0515625 0.0325
2 0.40859375 0.4375 0.0546875 0.035
2 0.596875 0.4295833333333333 0.057291666666666664 0.04083333333333333
4 0.7536458333333333 0.42333333333333334 0.06354166666666666 0.035