2 0.3541666666666667 0.5841666666666666 0.103125 0.105
3 0.30390625 0.55125 0.10364583333333334 0.0975
6 0.17317708333333334 0.60875 0.16197916666666667 0.14583333333333334
2 0.08411458333333334 0.7666666666666667 0.16822916666666668 0.21333333333333335
0 0.19765625 0.5233333333333333 0.0796875 0.065
2 0.14401041666666667 0.5295833333333333 0.06510416666666667 0.0425
15 0.5828125 0.5116666666666667 0.021875 0.025
13 0.59140625 0.5475 0.03177083333333333 0.02666666666666667
15 0.6145833333333334 0.48291666666666666 0.016666666666666666 0.015833333333333335
15 0.6973958333333333 0.49666666666666665 0.025 0.02666666666666667
2 0.0 0.8579166666666667 0.0 0.08583333333333333
2 0.0 0.645 0.0 0.11166666666666666
2 0.9505208333333334 0.44583333333333336 0.09895833333333333 0.065
13 0.5317708333333333 0.5470833333333334 0.036458333333333336 0.0375
15 0.5533854166666666 0.6108333333333333 0.043229166666666666 0.05