4 0.8052083333333333 0.28583333333333333 0.05520833333333333 0.07166666666666667
4 0.58515625 0.30125 0.08489583333333334 0.0575
4 0.8958333333333334 0.4504166666666667 0.17708333333333334 0.10083333333333333
2 0.34088541666666666 0.36916666666666664 0.12135416666666667 0.085
2 0.30052083333333335 0.32625 0.10833333333333334 0.06583333333333333
2 0.9153645833333334 0.3441666666666667 0.1015625 0.065
2 0.9580729166666667 0.5345833333333333 0.08385416666666666 0.1225
2 0.6744791666666666 0.5258333333333334 0.18645833333333334 0.125
2 0.796875 0.32416666666666666 0.08958333333333333 0.058333333333333334
2 0.8971354166666666 0.635 0.20572916666666666 0.165
15 0.9994791666666667 0.7770833333333333 0.0010416666666666667 0.0875