15 0.6213541666666667 0.5795833333333333 0.035416666666666666 0.029166666666666667
15 0.5614583333333333 0.5629166666666666 0.03333333333333333 0.0325
15 0.60625 0.4975 0.021875 0.016666666666666666
15 0.8182291666666667 0.6741666666666667 0.05 0.043333333333333335
6 0.36223958333333334 0.57 0.11197916666666667 0.11333333333333333
1 0.24375 0.5966666666666667 0.1125 0.10333333333333333
2 0.15989583333333332 0.7108333333333333 0.17083333333333334 0.17
2 0.06067708333333333 0.7254166666666667 0.12135416666666667 0.17083333333333334
0 0.83046875 0.44 0.07864583333333333 0.03833333333333333
0 0.17890625 0.5308333333333334 0.09010416666666667 0.07166666666666667
15 0.6346354166666667 0.5045833333333334 0.03177083333333333 0.0175
15 0.6252604166666667 0.5125 0.0234375 0.013333333333333334
15 0.6190104166666667 0.5041666666666667 0.0296875 0.016666666666666666
2 0.016927083333333332 0.6316666666666667 0.033854166666666664 0.11666666666666667
2 0.0 0.78625 0.0 0.20583333333333334