4 0.40546875 0.5479166666666667 0.08177083333333333 0.0875
4 0.3419270833333333 0.5420833333333334 0.08697916666666666 0.0825
0 0.29765625 0.6179166666666667 0.0953125 0.10583333333333333
3 0.18932291666666667 0.6233333333333333 0.15052083333333333 0.14
2 0.09244791666666667 0.7691666666666667 0.18489583333333334 0.21666666666666667
2 0.015625 0.7983333333333333 0.03125 0.21
15 0.3875 0.6066666666666667 0.06458333333333334 0.075
15 0.4713541666666667 0.47541666666666665 0.010416666666666666 0.015833333333333335
15 0.5440104166666667 0.5125 0.021354166666666667 0.015
15 0.7346354166666667 0.4970833333333333 0.025520833333333333 0.0225
4 0.21197916666666666 0.5125 0.078125 0.06666666666666667
2 0.13880208333333333 0.5383333333333333 0.0453125 0.021666666666666667
2 0.0 0.6854166666666667 0.0 0.13083333333333333
4 0.815625 0.4979166666666667 0.10833333333333334 0.08083333333333333
2 0.6020833333333333 0.4225 0.04479166666666667 0.03333333333333333
2 0.5580729166666667 0.42541666666666667 0.049479166666666664 0.0425