2 0.6268229166666667 0.4404166666666667 0.0453125 0.04416666666666667
4 0.2799479166666667 0.6266666666666667 0.13072916666666667 0.13166666666666665
2 0.31875 0.5575 0.08854166666666667 0.08666666666666667
2 0.04348958333333333 0.8504166666666667 0.08697916666666666 0.2675
13 0.11822916666666666 0.6808333333333333 0.07916666666666666 0.06333333333333334
2 0.35052083333333334 0.745 0.17395833333333333 0.18166666666666667
15 0.5653645833333333 0.6433333333333333 0.043229166666666666 0.051666666666666666
4 0.34140625 0.45875 0.05260416666666667 0.04416666666666667
4 0.3658854166666667 0.42916666666666664 0.0390625 0.03833333333333333
4 0.14244791666666667 0.5470833333333334 0.0703125 0.06916666666666667
15 0.98359375 0.6866666666666666 0.024479166666666666 0.05333333333333334
15 0.8739583333333333 0.43166666666666664 0.017708333333333333 0.013333333333333334
15 0.8625 0.46 0.030208333333333334 0.02
13 0.61796875 0.54 0.05364583333333333 0.045
15 0.79765625 0.44583333333333336 0.025520833333333333 0.013333333333333334
15 0.7635416666666667 0.43875 0.011458333333333333 0.010833333333333334
15 0.79375 0.42041666666666666 0.014583333333333334 0.010833333333333334