0 0.36302083333333335 0.5704166666666667 0.075 0.08583333333333333
15 0.7221354166666667 0.6591666666666667 0.0359375 0.051666666666666666
15 0.61875 0.5945833333333334 0.029166666666666667 0.030833333333333334
15 0.6263020833333334 0.5808333333333333 0.033854166666666664 0.03333333333333333
15 0.6018229166666667 0.5354166666666667 0.03697916666666667 0.025833333333333333
15 0.57734375 0.535 0.03177083333333333 0.023333333333333334
15 0.6096354166666667 0.5270833333333333 0.022395833333333334 0.0125
15 0.5625 0.5266666666666666 0.019791666666666666 0.025
15 0.5908854166666667 0.5125 0.024479166666666666 0.018333333333333333
15 0.5216145833333333 0.5416666666666666 0.024479166666666666 0.02666666666666667
15 0.48723958333333334 0.5266666666666666 0.0234375 0.025
15 0.45234375 0.44708333333333333 0.0109375 0.0125
15 0.4375 0.46875 0.019791666666666666 0.014166666666666666
15 0.6018229166666667 0.49 0.011979166666666667 0.015
3 0.209375 0.66625 0.16979166666666667 0.17583333333333334
0 0.19244791666666666 0.6033333333333334 0.1015625 0.1
4 0.31875 0.5454166666666667 0.08854166666666667 0.08583333333333333
0 0.00625 0.8608333333333333 0.0125 0.23
2 0.03515625 0.7758333333333334 0.0703125 0.21833333333333332
5 0.20651041666666667 0.5020833333333333 0.1015625 0.07916666666666666
4 0.1375 0.5270833333333333 0.057291666666666664 0.05416666666666667
2 0.013541666666666667 0.6075 0.027083333333333334 0.095
11 0.9791666666666666 0.5645833333333333 0.041666666666666664 0.2925
4 0.6984375 0.46958333333333335 0.07604166666666666 0.0625
4 0.609375 0.43583333333333335 0.04895833333333333 0.03833333333333333
9 0.9861979166666667 0.41458333333333336 0.027604166666666666 0.0925
13 0.9296875 0.44708333333333333 0.035416666666666666 0.020833333333333332
4 0.9229166666666667 0.6079166666666667 0.15416666666666667 0.1175