13 0.89921875 0.9633333333333334 0.15677083333333333 0.07333333333333333
2 0.9924479166666667 0.995 0.015104166666666667 0.01
4 0.8752604166666667 0.7329166666666667 0.2046875 0.14083333333333334
4 0.5515625 0.7325 0.171875 0.14
2 0.22083333333333333 0.73 0.18854166666666666 0.135
2 0.0 0.6566666666666666 0.0 0.09333333333333334
2 0.09192708333333334 0.6504166666666666 0.16302083333333334 0.09583333333333334
4 0.28177083333333336 0.6454166666666666 0.14166666666666666 0.10916666666666666
2 0.5330729166666667 0.6508333333333334 0.1453125 0.09666666666666666
2 0.7479166666666667 0.65625 0.16041666666666668 0.0975
2 0.9205729166666666 0.6466666666666666 0.15885416666666666 0.1
0 0.8776041666666666 0.5608333333333333 0.042708333333333334 0.056666666666666664
4 0.78046875 0.56 0.1046875 0.06666666666666667
2 0.6388020833333333 0.5741666666666667 0.10572916666666667 0.06333333333333334
0 0.48125 0.57625 0.08125 0.07583333333333334
4 0.32421875 0.5770833333333333 0.11197916666666667 0.08416666666666667
2 0.14739583333333334 0.5954166666666667 0.14479166666666668 0.0875
0 0.0375 0.5879166666666666 0.075 0.0775
2 0.040364583333333336 0.5583333333333333 0.08072916666666667 0.065
0 0.16171875 0.55125 0.10989583333333333 0.0675
2 0.31197916666666664 0.5395833333333333 0.10833333333333334 0.06416666666666666
2 0.4705729166666667 0.5454166666666667 0.09635416666666667 0.06416666666666666
2 0.6263020833333334 0.5329166666666667 0.08697916666666666 0.059166666666666666
4 0.8088541666666667 0.5270833333333333 0.096875 0.06416666666666666
4 0.28958333333333336 0.5195833333333333 0.09479166666666666 0.059166666666666666
2 0.2708333333333333 0.4708333333333333 0.025 0.0016666666666666668
2 0.7046875 0.4716666666666667 0.057291666666666664 0.005