15 0.7057291666666666 0.6 0.017708333333333333 0.03333333333333333
13 0.5533854166666666 0.5425 0.034895833333333334 0.03
15 0.7942708333333334 0.47875 0.025 0.0225
4 0.4484375 0.52125 0.075 0.07916666666666666
0 0.31276041666666665 0.6075 0.08697916666666666 0.095
2 0.09192708333333334 0.76875 0.18385416666666668 0.21416666666666667
4 0.34817708333333336 0.53875 0.09010416666666667 0.08416666666666667
3 0.20390625 0.6133333333333333 0.14010416666666667 0.12666666666666668
2 0.019010416666666665 0.79125 0.03802083333333333 0.21083333333333334
0 0.2513020833333333 0.495 0.0671875 0.06166666666666667
4 0.14036458333333332 0.5375 0.049479166666666664 0.025
2 0.014322916666666666 0.61125 0.028645833333333332 0.1025
2 0.0 0.68375 0.0 0.1325
11 1.0 0.7325 0.0 0.4083333333333333