2 0.89296875 0.45166666666666666 0.1859375 0.105
2 0.6622395833333333 0.44666666666666666 0.16614583333333333 0.10833333333333334
0 0.4171875 0.44708333333333333 0.11458333333333333 0.0975
2 0.19010416666666666 0.44375 0.165625 0.11083333333333334
9 0.04609375 0.4216666666666667 0.0921875 0.20333333333333334
0 0.7309895833333333 0.3516666666666667 0.09739583333333333 0.07666666666666666
0 0.6059895833333333 0.36291666666666667 0.09322916666666667 0.08083333333333333
2 0.46640625 0.3641666666666667 0.10885416666666667 0.09
2 0.26171875 0.37875 0.14114583333333333 0.09583333333333334
1 0.08359375 0.38125 0.12447916666666667 0.0825
2 0.8953125 0.3458333333333333 0.12604166666666666 0.07
3 0.1875 0.33375 0.14166666666666666 0.09083333333333334
2 0.34088541666666666 0.3441666666666667 0.11197916666666667 0.08166666666666667
2 0.4786458333333333 0.3283333333333333 0.10625 0.075
2 0.6372395833333333 0.3225 0.10052083333333334 0.06166666666666667
4 0.7674479166666667 0.31416666666666665 0.10364583333333334 0.07166666666666667
2 0.8729166666666667 0.31083333333333335 0.084375 0.06333333333333334