4 0.178125 0.5079166666666667 0.04895833333333333 0.0475
4 0.2171875 0.5079166666666667 0.07604166666666666 0.0675
5 0.13515625 0.5441666666666667 0.04114583333333333 0.023333333333333334
2 0.01484375 0.6341666666666667 0.0296875 0.1
4 0.4401041666666667 0.5170833333333333 0.08020833333333334 0.0775
2 0.3385416666666667 0.5866666666666667 0.10208333333333333 0.10666666666666667
15 0.5942708333333333 0.5125 0.017708333333333333 0.018333333333333333
15 0.8770833333333333 0.7404166666666666 0.071875 0.08916666666666667
15 0.8700520833333333 0.72875 0.05677083333333333 0.07416666666666667
4 0.9440104166666666 0.5125 0.11197916666666667 0.095
11 0.006510416666666667 0.5629166666666666 0.013020833333333334 0.15583333333333332
6 0.25390625 0.7670833333333333 0.3796875 0.39916666666666667