4 0.6442708333333333 0.5245833333333333 0.17291666666666666 0.14083333333333334
4 0.8877604166666667 0.5183333333333333 0.22447916666666667 0.145
2 0.5481770833333334 0.44375 0.15052083333333333 0.09916666666666667
3 0.7723958333333333 0.43875 0.18229166666666666 0.11416666666666667
2 0.95703125 0.4475 0.0859375 0.09833333333333333
2 1.0 0.5308333333333334 0.0 0.135
2 0.5895833333333333 0.36791666666666667 0.125 0.08083333333333333
2 0.7296875 0.35583333333333333 0.11354166666666667 0.07
3 0.9130208333333333 0.335 0.14583333333333334 0.08833333333333333
3 0.76953125 0.3129166666666667 0.12135416666666667 0.08583333333333333
12 0.81796875 0.2683333333333333 0.10677083333333333 0.08166666666666667
2 0.6111979166666667 0.32875 0.10677083333333333 0.06916666666666667
2 0.53359375 0.3045833333333333 0.0890625 0.06416666666666666