2 1.0 0.8554166666666667 0.0 0.19583333333333333
13 0.9299479166666667 0.7745833333333333 0.14010416666666667 0.13916666666666666
4 0.8330729166666667 0.5291666666666667 0.18697916666666667 0.12166666666666667
13 0.8338541666666667 0.4295833333333333 0.09270833333333334 0.059166666666666666
3 0.5828125 0.5175 0.2 0.155
3 0.5854166666666667 0.4475 0.16770833333333332 0.125
4 0.21276041666666667 0.5258333333333334 0.21510416666666668 0.14166666666666666
2 0.2643229166666667 0.4475 0.17239583333333333 0.105
2 0.027864583333333335 0.5279166666666667 0.05572916666666667 0.11416666666666667
2 0.07005208333333333 0.44958333333333333 0.14010416666666667 0.10083333333333333
4 0.24817708333333333 0.37375 0.13177083333333334 0.09416666666666666
2 0.45703125 0.3725 0.12239583333333333 0.08666666666666667
2 0.6479166666666667 0.35541666666666666 0.12395833333333334 0.07916666666666666
4 0.7919270833333333 0.35333333333333333 0.1078125 0.08833333333333333
6 0.7059895833333333 0.31083333333333335 0.1203125 0.07833333333333334
2 0.5630208333333333 0.32625 0.09895833333333333 0.0725
6 0.390625 0.3120833333333333 0.121875 0.09083333333333334
4 0.22369791666666666 0.3279166666666667 0.1140625 0.0775
2 0.06484375 0.38166666666666665 0.1296875 0.09
2 0.9380208333333333 0.3425 0.12083333333333333 0.07333333333333333
2 0.96484375 0.4475 0.0703125 0.10166666666666667
2 0.5666666666666667 0.2945833333333333 0.08854166666666667 0.060833333333333336
4 0.6799479166666667 0.2825 0.058854166666666666 0.056666666666666664
2 0.7848958333333333 0.27791666666666665 0.06145833333333333 0.07416666666666667