5 0.3619791666666667 0.565 0.11041666666666666 0.11166666666666666
2 0.18229166666666666 0.69375 0.16458333333333333 0.16416666666666666
4 0.24270833333333333 0.5945833333333334 0.1125 0.10583333333333333
2 0.0625 0.7216666666666667 0.125 0.17166666666666666
11 0.43411458333333336 0.4008333333333333 0.07760416666666667 0.055
0 0.17786458333333333 0.52625 0.08802083333333334 0.0725
2 0.13177083333333334 0.54 0.023958333333333335 0.016666666666666666
2 0.017447916666666667 0.6283333333333333 0.034895833333333334 0.11833333333333333
15 0.5354166666666667 0.5195833333333333 0.029166666666666667 0.020833333333333332
15 0.55703125 0.48375 0.022395833333333334 0.014166666666666666
15 0.4947916666666667 0.48375 0.020833333333333332 0.015833333333333335
15 0.4734375 0.455 0.020833333333333332 0.018333333333333333
15 0.45338541666666665 0.46125 0.0109375 0.0125
15 0.44192708333333336 0.44666666666666666 0.009895833333333333 0.008333333333333333
13 0.41015625 0.44625 0.011979166666666667 0.014166666666666666
15 0.34921875 0.45916666666666667 0.009895833333333333 0.008333333333333333
15 0.3455729166666667 0.4666666666666667 0.0203125 0.015
15 0.3528645833333333 0.44458333333333333 0.0109375 0.0075
15 0.38671875 0.44583333333333336 0.008854166666666666 0.01
15 0.3815104166666667 0.44583333333333336 0.009895833333333333 0.01
15 0.37161458333333336 0.4454166666666667 0.009895833333333333 0.009166666666666667
15 0.33567708333333335 0.43666666666666665 0.0036458333333333334 0.006666666666666667
15 0.29635416666666664 0.45 0.0020833333333333333 0.005
15 0.3807291666666667 0.42291666666666666 0.003125 0.0075
15 0.37447916666666664 0.42291666666666666 0.003125 0.004166666666666667
15 0.36432291666666666 0.43 0.0109375 0.006666666666666667
11 0.9661458333333334 0.5479166666666667 0.06770833333333333 0.24916666666666668
2 0.7083333333333334 0.4504166666666667 0.05625 0.050833333333333335