2 0.3411458333333333 0.5883333333333334 0.10625 0.11333333333333333
4 0.296875 0.5670833333333334 0.09166666666666666 0.09083333333333334
2 0.134375 0.7333333333333333 0.17604166666666668 0.18166666666666667
4 0.13567708333333334 0.66375 0.14322916666666666 0.1325
2 0.0036458333333333334 0.81125 0.007291666666666667 0.2075
4 1.0 0.57375 0.0 0.12083333333333333
2 0.859375 0.625 0.16979166666666667 0.12666666666666668
2 0.52421875 0.71375 0.16822916666666668 0.1625
4 0.24166666666666667 0.50625 0.06979166666666667 0.060833333333333336
2 0.1671875 0.5220833333333333 0.08229166666666667 0.06916666666666667
2 0.0 0.6841666666666667 0.0 0.09
2 0.0 0.6329166666666667 0.0 0.09916666666666667
2 0.0 0.8529166666666667 0.0 0.22583333333333333
2 0.0 0.76375 0.0 0.17416666666666666
2 0.0 0.68875 0.0 0.08583333333333333
2 0.0 0.9954166666666666 0.0 0.009166666666666667
2 0.0 0.9479166666666666 0.0 0.10416666666666667
2 0.0 1.0 0.0 0.0
2 0.5 0.5 1.0 1.0
15 1.0 0.7158333333333333 0.0 0.11333333333333333
15 0.8752604166666667 0.7445833333333334 0.0234375 0.07083333333333333
15 0.6841145833333333 0.4979166666666667 0.022395833333333334 0.019166666666666665
2 1.0 0.4379166666666667 0.0 0.03916666666666667
2 1.0 0.4691666666666667 0.0 0.07
2 1.0 0.47625 0.0 0.08083333333333333
2 1.0 0.5141666666666667 0.0 0.06833333333333333
2 1.0 0.5279166666666667 0.0 0.15916666666666668