2 0.013541666666666667 0.6075 0.027083333333333334 0.09
2 0.13385416666666666 0.5633333333333334 0.013541666666666667 0.011666666666666667
2 0.13984375 0.5383333333333333 0.0484375 0.025
2 0.21145833333333333 0.5166666666666667 0.075 0.06833333333333333
2 0.31145833333333334 0.4625 0.06145833333333333 0.041666666666666664
0 0.33671875 0.5929166666666666 0.0921875 0.1025
4 0.49244791666666665 0.4395833333333333 0.058854166666666666 0.0275
0 0.49296875 0.7091666666666666 0.12864583333333332 0.13
0 1.0 0.6033333333333334 0.0 0.18166666666666667
12 0.8791666666666667 0.4266666666666667 0.10729166666666666 0.06333333333333334
11 1.0 0.4345833333333333 0.0 0.1475
15 1.0 0.68125 0.0 0.0575