15 0.6630208333333333 0.52125 0.034375 0.025833333333333333
15 0.5411458333333333 0.5258333333333334 0.021875 0.018333333333333333
15 0.6106770833333334 0.5058333333333334 0.03177083333333333 0.023333333333333334
15 0.6268229166666667 0.49833333333333335 0.021354166666666667 0.016666666666666666
4 0.3385416666666667 0.5825 0.103125 0.10333333333333333
4 0.27578125 0.575 0.0859375 0.085
11 0.12864583333333332 0.7816666666666666 0.25729166666666664 0.43166666666666664
2 0.26953125 0.4716666666666667 0.0515625 0.04
2 0.19817708333333334 0.5233333333333333 0.0640625 0.056666666666666664
2 0.15234375 0.51625 0.0359375 0.0375
2 0.021614583333333333 0.6075 0.04010416666666667 0.058333333333333334
4 0.29583333333333334 0.4504166666666667 0.04479166666666667 0.0175
4 0.38515625 0.43 0.0515625 0.03
2 0.559375 0.4395833333333333 0.040625 0.019166666666666665
4 0.6786458333333333 0.39791666666666664 0.04895833333333333 0.0325
5 0.8041666666666667 0.40291666666666665 0.08854166666666667 0.049166666666666664
2 0.76171875 0.43666666666666665 0.0609375 0.018333333333333333
2 0.9768229166666667 0.46166666666666667 0.04635416666666667 0.07833333333333334
5 0.0078125 0.60375 0.015625 0.0425