3 0.9723958333333333 0.7266666666666667 0.05520833333333333 0.14333333333333334
2 0.8341145833333333 0.7291666666666666 0.1984375 0.12166666666666667
2 0.8528645833333334 0.6558333333333334 0.18072916666666666 0.11166666666666666
2 0.8658854166666666 0.5591666666666667 0.10989583333333333 0.058333333333333334
6 0.8026041666666667 0.51625 0.12083333333333333 0.07916666666666666
2 0.73046875 0.50125 0.0390625 0.05416666666666667
2 0.63671875 0.5420833333333334 0.08385416666666666 0.0525
2 0.7213541666666666 0.5679166666666666 0.11041666666666666 0.05583333333333333
2 0.59296875 0.7295833333333334 0.18489583333333334 0.14916666666666667
2 0.6260416666666667 0.6516666666666666 0.14166666666666666 0.095
2 0.5520833333333334 0.5775 0.10104166666666667 0.07833333333333334
2 0.4940104166666667 0.54625 0.08802083333333334 0.0575
2 0.253125 0.58125 0.11979166666666667 0.08416666666666667
2 0.07786458333333333 0.5854166666666667 0.1484375 0.0875
0 0.7059895833333333 0.47541666666666665 0.0484375 0.0475
0 0.21822916666666667 0.4741666666666667 0.09791666666666667 0.02