3 0.3690104166666667 0.5179166666666667 0.08489583333333334 0.0825
3 0.32890625 0.5929166666666666 0.12135416666666667 0.12083333333333333
2 0.23802083333333332 0.6025 0.103125 0.1
13 0.1375 0.6620833333333334 0.084375 0.07916666666666666
11 0.63984375 0.4425 0.17239583333333333 0.105
1 0.7466145833333333 0.4608333333333333 0.0640625 0.051666666666666666
4 0.7807291666666667 0.44375 0.07916666666666666 0.0575
4 0.9658854166666667 0.44708333333333333 0.06822916666666666 0.0725
15 0.5481770833333334 0.5329166666666667 0.0296875 0.024166666666666666
15 0.38046875 0.46 0.009895833333333333 0.008333333333333333
15 0.41484375 0.44625 0.008854166666666666 0.0075
15 0.34817708333333336 0.45916666666666667 0.0109375 0.01
15 0.4627604166666667 0.455 0.018229166666666668 0.013333333333333334
15 0.46822916666666664 0.44708333333333333 0.009375 0.0075