13 0.46328125 0.5266666666666666 0.0390625 0.03666666666666667
4 0.36875 0.575 0.09895833333333333 0.1
2 0.325 0.5466666666666666 0.096875 0.09166666666666666
2 0.17161458333333332 0.6341666666666667 0.1390625 0.13166666666666665
2 0.031510416666666666 0.7820833333333334 0.06302083333333333 0.2125
4 0.2046875 0.52125 0.078125 0.06416666666666666
2 0.14322916666666666 0.5358333333333334 0.03958333333333333 0.021666666666666667
5 0.071875 0.5616666666666666 0.14375 0.11
2 0.0067708333333333336 0.6175 0.013541666666666667 0.11166666666666666
2 0.97578125 0.44958333333333333 0.0484375 0.06416666666666666
2 0.9697916666666667 0.48833333333333334 0.06041666666666667 0.08333333333333333
2 1.0 0.5970833333333333 0.0 0.13583333333333333
15 0.5609375 0.52 0.03125 0.023333333333333334
15 0.5440104166666667 0.49875 0.022395833333333334 0.0225
15 0.64765625 0.4979166666666667 0.024479166666666666 0.0225
15 0.515625 0.47583333333333333 0.011458333333333333 0.016666666666666666
15 0.4791666666666667 0.46166666666666667 0.010416666666666666 0.016666666666666666
2 1.0 0.8954166666666666 0.0 0.16583333333333333
15 0.3567708333333333 0.44458333333333333 0.014583333333333334 0.019166666666666665
15 0.3411458333333333 0.44375 0.0125 0.0125
15 0.34817708333333336 0.4295833333333333 0.0109375 0.0075
4 0.004427083333333333 0.5304166666666666 0.008854166666666666 0.0275