3 0.39739583333333334 0.5583333333333333 0.10833333333333334 0.10333333333333333
2 0.30546875 0.57125 0.0953125 0.09083333333333334
3 0.21640625 0.66375 0.16510416666666666 0.16416666666666666
2 0.0953125 0.6933333333333334 0.128125 0.13833333333333334
2 0.021614583333333333 0.8445833333333334 0.043229166666666666 0.22083333333333333
1 0.17109375 0.5366666666666666 0.07239583333333334 0.06333333333333334
4 0.0171875 0.6329166666666667 0.034375 0.0875
2 0.9078125 0.5670833333333334 0.13958333333333334 0.09416666666666666
15 0.82265625 0.6591666666666667 0.0421875 0.051666666666666666
15 0.6895833333333333 0.6075 0.034375 0.043333333333333335
15 0.6294270833333333 0.5358333333333334 0.0328125 0.028333333333333332
15 0.5510416666666667 0.5345833333333333 0.030208333333333334 0.035833333333333335
15 0.48046875 0.46166666666666667 0.008854166666666666 0.01
15 0.4859375 0.46166666666666667 0.011458333333333333 0.011666666666666667
11 0.7354166666666667 0.4583333333333333 0.21354166666666666 0.12833333333333333