4 0.32395833333333335 0.54125 0.075 0.07916666666666666
4 0.18958333333333333 0.62625 0.121875 0.11916666666666667
2 0.021614583333333333 0.7904166666666667 0.043229166666666666 0.2175
6 0.35104166666666664 0.5733333333333334 0.1125 0.11166666666666666
3 0.19375 0.6854166666666667 0.16979166666666667 0.17416666666666666
2 0.0 0.8679166666666667 0.0 0.1875
13 0.4822916666666667 0.5191666666666667 0.04895833333333333 0.03666666666666667
2 0.21354166666666666 0.5120833333333333 0.07916666666666666 0.06583333333333333
1 0.021354166666666667 0.60875 0.026041666666666668 0.0425
2 0.12447916666666667 0.5383333333333333 0.016666666666666666 0.016666666666666666
2 0.0078125 0.55125 0.015625 0.06416666666666666
15 0.6690104166666667 0.63625 0.0390625 0.04416666666666667
15 0.7234375 0.5066666666666667 0.026041666666666668 0.028333333333333332
2 0.48984375 0.42125 0.04114583333333333 0.029166666666666667
2 0.5731770833333333 0.42541666666666667 0.05260416666666667 0.035833333333333335
2 0.6934895833333333 0.47125 0.07864583333333333 0.06416666666666666
12 0.8419270833333333 0.46208333333333335 0.12135416666666667 0.08083333333333333
5 0.9388020833333334 0.46125 0.12239583333333333 0.07916666666666666
15 0.6276041666666666 0.50375 0.027083333333333334 0.024166666666666666
15 0.6169270833333333 0.5120833333333333 0.022395833333333334 0.019166666666666665
13 0.30625 0.6754166666666667 0.06354166666666666 0.060833333333333336
15 0.32890625 0.42875 0.0109375 0.0075