11 0.12916666666666668 0.7804166666666666 0.25833333333333336 0.4325
4 0.33645833333333336 0.58375 0.103125 0.10916666666666666
4 0.2760416666666667 0.5741666666666667 0.08229166666666667 0.085
15 0.54140625 0.5270833333333333 0.022395833333333334 0.0175
15 0.61171875 0.5070833333333333 0.033854166666666664 0.0225
15 0.6265625 0.4970833333333333 0.021875 0.019166666666666665
15 0.6940104166666666 0.49666666666666665 0.024479166666666666 0.02
15 1.0 0.6754166666666667 0.0 0.0675
15 0.5559895833333334 0.7433333333333333 0.016145833333333335 0.041666666666666664
15 0.9596354166666666 0.7791666666666667 0.08072916666666667 0.09666666666666666
2 0.33489583333333334 0.44458333333333333 0.04791666666666667 0.010833333333333334
2 0.4484375 0.43166666666666664 0.05416666666666667 0.02666666666666667
2 0.6018229166666667 0.43041666666666667 0.03177083333333333 0.0125
2 0.6622395833333333 0.4116666666666667 0.03697916666666667 0.03166666666666667
2 0.703125 0.39666666666666667 0.04479166666666667 0.025
2 1.0 0.465 0.0 0.07333333333333333
11 1.0 0.495 0.0 0.24166666666666667
2 0.26927083333333335 0.4716666666666667 0.051041666666666666 0.041666666666666664
4 0.0 0.6191666666666666 0.0 0.10166666666666667
2 0.2078125 0.4795833333333333 0.052083333333333336 0.019166666666666665
2 0.20182291666666666 0.5233333333333333 0.0640625 0.03666666666666667
2 0.15234375 0.51625 0.0359375 0.0375
2 0.020833333333333332 0.6079166666666667 0.040625 0.0575
2 0.009375 0.6033333333333334 0.01875 0.021666666666666667