15 0.5578125 0.47625 0.010416666666666666 0.0125
15 0.69296875 0.4975 0.025520833333333333 0.021666666666666667
15 0.88515625 0.53125 0.0265625 0.0225
15 1.0 0.7583333333333333 0.0 0.10333333333333333
2 0.9513020833333333 0.5895833333333333 0.09739583333333333 0.10083333333333333
2 0.7453125 0.6125 0.15208333333333332 0.10333333333333333
2 0.5231770833333333 0.685 0.13385416666666666 0.13166666666666665
2 0.340625 0.5845833333333333 0.109375 0.1125
2 0.17239583333333333 0.7041666666666667 0.159375 0.165
2 0.29583333333333334 0.5529166666666666 0.10520833333333333 0.09916666666666667
6 0.15520833333333334 0.6233333333333333 0.175 0.15333333333333332
2 0.23463541666666668 0.495 0.06822916666666666 0.058333333333333334
13 0.1671875 0.5395833333333333 0.040625 0.025833333333333333
2 0.14557291666666666 0.5258333333333334 0.0671875 0.03833333333333333
2 0.011979166666666667 0.5954166666666667 0.023958333333333335 0.0925
2 0.9895833333333334 0.4533333333333333 0.020833333333333332 0.065
2 1.0 0.6766666666666666 0.0 0.24666666666666667
2 0.8325520833333333 0.47458333333333336 0.1046875 0.07416666666666667
2 0.6385416666666667 0.4395833333333333 0.06458333333333334 0.0525