4 0.3619791666666667 0.5716666666666667 0.09479166666666666 0.1
4 0.19010416666666666 0.6875 0.16979166666666667 0.16666666666666666
2 0.16302083333333334 0.5429166666666667 0.08333333333333333 0.09416666666666666
3 0.016927083333333332 0.6370833333333333 0.033854166666666664 0.12083333333333333
15 0.55546875 0.5266666666666666 0.018229166666666668 0.023333333333333334
15 0.57890625 0.5191666666666667 0.0328125 0.035
15 0.5942708333333333 0.5129166666666667 0.019791666666666666 0.020833333333333332
15 0.6880208333333333 0.49166666666666664 0.03333333333333333 0.028333333333333332
15 0.7067708333333333 0.5116666666666667 0.020833333333333332 0.028333333333333332
15 0.628125 0.535 0.03229166666666667 0.02
15 0.9239583333333333 0.6683333333333333 0.04895833333333333 0.055
4 0.75546875 0.40791666666666665 0.050520833333333334 0.04083333333333333
2 0.6927083333333334 0.41375 0.058333333333333334 0.0425
4 0.48385416666666664 0.4395833333333333 0.052083333333333336 0.025833333333333333
4 0.9065104166666667 0.44333333333333336 0.0796875 0.05
15 0.6268229166666667 0.48875 0.008854166666666666 0.0175