2 0.3109375 0.56375 0.059375 0.07583333333333334
4 0.36276041666666664 0.5675 0.09427083333333333 0.09833333333333333
4 0.18723958333333332 0.6866666666666666 0.17864583333333334 0.18
4 0.16458333333333333 0.6341666666666667 0.15104166666666666 0.14
11 1.0 0.6 0.0 0.34833333333333333
2 0.84609375 0.6329166666666667 0.1703125 0.11916666666666667
15 1.0 0.7375 0.0 0.07666666666666666
2 0.7966145833333333 0.5854166666666667 0.12552083333333333 0.09083333333333334
0 0.9723958333333333 0.5883333333333334 0.05520833333333333 0.09
15 0.65546875 0.4970833333333333 0.024479166666666666 0.024166666666666666
15 0.6807291666666667 0.52875 0.022916666666666665 0.0225
15 0.6755208333333333 0.5275 0.022916666666666665 0.013333333333333334
15 0.7458333333333333 0.5041666666666667 0.014583333333333334 0.02
15 0.7127604166666667 0.5116666666666667 0.025520833333333333 0.02666666666666667
15 0.684375 0.4970833333333333 0.021875 0.0175
0 0.02734375 0.8483333333333334 0.0546875 0.22166666666666668
2 0.17109375 0.5429166666666667 0.07864583333333333 0.06416666666666666
2 0.13489583333333333 0.5233333333333333 0.058333333333333334 0.06
2 0.01640625 0.635 0.0328125 0.12166666666666667
2 0.5322916666666667 0.7254166666666667 0.17708333333333334 0.14916666666666667
2 0.9661458333333334 0.495 0.06770833333333333 0.08833333333333333