2 0.9184895833333333 0.5804166666666667 0.1484375 0.0975
4 0.31640625 0.7558333333333334 0.1640625 0.12666666666666668
2 0.39739583333333334 0.55875 0.08958333333333333 0.09083333333333334
4 0.33151041666666664 0.5425 0.0765625 0.07833333333333334
2 0.22864583333333333 0.6641666666666667 0.13229166666666667 0.125
4 0.16276041666666666 0.63875 0.15572916666666667 0.14083333333333334
2 0.03046875 0.7775 0.0609375 0.21833333333333332
2 0.03359375 0.8379166666666666 0.0671875 0.21583333333333332
2 0.18854166666666666 0.5245833333333333 0.08645833333333333 0.06916666666666667
2 0.14427083333333332 0.5245833333333333 0.07291666666666667 0.060833333333333336
2 0.019270833333333334 0.6004166666666667 0.025 0.049166666666666664
4 1.0 0.5154166666666666 0.0 0.1025
13 1.0 0.7079166666666666 0.0 0.08083333333333333
15 0.65625 0.4895833333333333 0.03229166666666667 0.0225
15 0.6591145833333333 0.46625 0.0203125 0.014166666666666666
4 0.013020833333333334 0.605 0.026041666666666668 0.105