4 0.3619791666666667 0.5716666666666667 0.09479166666666666 0.1
4 0.19010416666666666 0.6875 0.16979166666666667 0.16666666666666666
2 0.16302083333333334 0.5429166666666667 0.08333333333333333 0.09416666666666666
3 0.016927083333333332 0.6370833333333333 0.033854166666666664 0.12083333333333333
15 0.5557291666666667 0.5266666666666666 0.019791666666666666 0.023333333333333334
15 0.5791666666666667 0.5191666666666667 0.03333333333333333 0.035
15 0.5942708333333333 0.5129166666666667 0.019791666666666666 0.020833333333333332
15 0.6903645833333333 0.49041666666666667 0.033854166666666664 0.0225
15 0.7067708333333333 0.5116666666666667 0.020833333333333332 0.028333333333333332
15 0.62421875 0.505 0.022395833333333334 0.025
15 0.6708333333333333 0.5908333333333333 0.03958333333333333 0.041666666666666664
4 0.13932291666666666 0.4970833333333333 0.027604166666666666 0.034166666666666665
6 0.36302083333333335 0.44583333333333336 0.06458333333333334 0.041666666666666664
4 0.6049479166666667 0.4295833333333333 0.04635416666666667 0.0375
4 0.43125 0.745 0.178125 0.16333333333333333
6 0.9729166666666667 0.4508333333333333 0.05416666666666667 0.08333333333333333
11 0.9875 0.42916666666666664 0.025 0.13
2 0.30572916666666666 0.5658333333333333 0.09479166666666666 0.1
15 0.628125 0.49916666666666665 0.011458333333333333 0.021666666666666667