2 0.8703125 0.6258333333333334 0.16979166666666667 0.11166666666666666
2 0.6052083333333333 0.4225 0.03854166666666667 0.035
2 0.51171875 0.49333333333333335 0.06510416666666667 0.065
4 0.4739583333333333 0.47208333333333335 0.06458333333333334 0.060833333333333336
2 0.13385416666666666 0.71875 0.178125 0.18083333333333335
6 0.31536458333333334 0.4533333333333333 0.0703125 0.056666666666666664
2 0.24088541666666666 0.4845833333333333 0.0640625 0.05416666666666667
13 0.1671875 0.5383333333333333 0.04375 0.03
15 0.8153645833333333 0.4529166666666667 0.015104166666666667 0.015833333333333335
15 0.78828125 0.45416666666666666 0.0171875 0.021666666666666667
13 0.93203125 0.5166666666666667 0.0453125 0.02666666666666667
15 0.8645833333333334 0.46041666666666664 0.03125 0.020833333333333332
15 0.8583333333333333 0.45 0.014583333333333334 0.006666666666666667
15 0.88828125 0.41291666666666665 0.0140625 0.005833333333333334
15 0.7783854166666667 0.43833333333333335 0.0140625 0.011666666666666667
15 0.86953125 0.43166666666666664 0.015104166666666667 0.015
15 0.8947916666666667 0.43041666666666667 0.017708333333333333 0.014166666666666666
15 0.9088541666666666 0.42916666666666664 0.017708333333333333 0.015