1 0.36276041666666664 0.5695833333333333 0.0734375 0.0875
4 0.3182291666666667 0.5433333333333333 0.084375 0.08666666666666667
3 0.20911458333333333 0.6641666666666667 0.16614583333333333 0.16666666666666666
3 0.19140625 0.6041666666666666 0.0984375 0.09666666666666666
15 0.5317708333333333 0.5341666666666667 0.030208333333333334 0.02
15 0.5614583333333333 0.5191666666666667 0.029166666666666667 0.023333333333333334
15 0.61484375 0.4979166666666667 0.0234375 0.0125
15 0.6065104166666667 0.5054166666666666 0.03177083333333333 0.0175
15 0.5973958333333333 0.48291666666666666 0.019791666666666666 0.0125
4 0.3463541666666667 0.4483333333333333 0.05625 0.02666666666666667
2 0.031510416666666666 0.7841666666666667 0.06302083333333333 0.22666666666666666
5 0.21041666666666667 0.50375 0.11041666666666666 0.08083333333333333
4 0.13802083333333334 0.53 0.06145833333333333 0.056666666666666664