0 0.39895833333333336 0.5566666666666666 0.07083333333333333 0.07833333333333334
2 0.2518229166666667 0.6466666666666666 0.13697916666666668 0.135
2 0.07890625 0.8079166666666666 0.1578125 0.2525
4 0.3260416666666667 0.5504166666666667 0.09895833333333333 0.09083333333333334
2 0.15729166666666666 0.6558333333333334 0.13020833333333334 0.12666666666666668
5 0.18932291666666667 0.5208333333333334 0.10052083333333334 0.08
2 0.13411458333333334 0.54 0.03177083333333333 0.03833333333333333
2 0.019270833333333334 0.5995833333333334 0.03854166666666667 0.0875
4 1.0 0.5754166666666667 0.0 0.1525
4 0.828125 0.4675 0.09270833333333334 0.06833333333333333
2 0.653125 0.4220833333333333 0.030208333333333334 0.035833333333333335
2 0.9390625 0.59375 0.121875 0.09916666666666667
15 0.6078125 0.4975 0.011458333333333333 0.018333333333333333
15 0.5921875 0.52125 0.021875 0.024166666666666666
15 0.6364583333333333 0.55 0.030208333333333334 0.03166666666666667
2 0.023697916666666666 0.6108333333333333 0.03697916666666667 0.051666666666666666
15 0.6510416666666666 0.55 0.03125 0.03333333333333333