6 0.99453125 0.5108333333333334 0.0109375 0.16
3 0.88359375 0.5179166666666667 0.2328125 0.1475
2 0.653125 0.5204166666666666 0.17604166666666668 0.12416666666666666
2 0.8778645833333333 0.3475 0.12760416666666666 0.075
2 0.73125 0.3545833333333333 0.12291666666666666 0.0775
2 0.84140625 0.3104166666666667 0.10885416666666667 0.0675
3 0.5348958333333333 0.3575 0.12395833333333334 0.10166666666666667
3 0.9557291666666666 0.43916666666666665 0.08854166666666667 0.12833333333333333
3 0.32395833333333335 0.3670833333333333 0.14270833333333333 0.09583333333333334
2 0.65234375 0.3175 0.1015625 0.06333333333333334
1 0.5059895833333333 0.32166666666666666 0.07135416666666666 0.058333333333333334
2 0.7541666666666667 0.44416666666666665 0.16354166666666667 0.09833333333333333
9 0.14244791666666667 0.22666666666666666 0.21927083333333333 0.058333333333333334
3 0.9791666666666666 0.6245833333333334 0.041666666666666664 0.18583333333333332