3 0.3807291666666667 0.5604166666666667 0.10520833333333333 0.10583333333333333
11 0.15859375 0.7208333333333333 0.3171875 0.36833333333333335
2 0.30390625 0.5591666666666667 0.05572916666666667 0.07333333333333333
6 0.16171875 0.5316666666666666 0.10364583333333334 0.08166666666666667
2 0.13463541666666667 0.51875 0.0421875 0.0275
2 0.015364583333333333 0.6333333333333333 0.030729166666666665 0.10666666666666667
12 1.0 0.5866666666666667 0.0 0.23333333333333334
13 0.0 0.5679166666666666 0.0 0.024166666666666666
16 0.5322916666666667 0.5333333333333333 0.027083333333333334 0.023333333333333334
15 0.55859375 0.5345833333333333 0.030729166666666665 0.0275
15 0.72578125 0.5125 0.0296875 0.028333333333333332
15 0.60703125 0.5120833333333333 0.016145833333333335 0.019166666666666665
15 0.5989583333333334 0.5120833333333333 0.019791666666666666 0.019166666666666665
15 0.625 0.4979166666666667 0.020833333333333332 0.015833333333333335
15 0.634375 0.49291666666666667 0.030208333333333334 0.024166666666666666
15 0.6276041666666666 0.49125 0.019791666666666666 0.015833333333333335