3 0.93125 0.33416666666666667 0.13645833333333332 0.10666666666666667
2 0.7661458333333333 0.36 0.12395833333333334 0.07333333333333333
4 0.7036458333333333 0.44416666666666665 0.159375 0.10833333333333334
0 0.6307291666666667 0.35375 0.09479166666666666 0.07916666666666666
4 0.8481770833333333 0.3120833333333333 0.08072916666666667 0.06416666666666666
4 0.71015625 0.31333333333333335 0.11822916666666666 0.07666666666666666
0 0.5630208333333333 0.3225 0.07291666666666667 0.065
2 0.39869791666666665 0.33 0.10052083333333334 0.075
4 0.365625 0.3645833333333333 0.11979166666666667 0.0925
4 0.2375 0.3375 0.12083333333333333 0.08666666666666667
2 0.16458333333333333 0.38166666666666665 0.15104166666666666 0.09
4 0.9455729166666667 0.44125 0.10885416666666667 0.10916666666666666
2 0.4388020833333333 0.4370833333333333 0.15677083333333333 0.11083333333333334
1 0.04635416666666667 0.4425 0.09270833333333334 0.09833333333333333
2 0.81328125 0.2866666666666667 0.06822916666666666 0.058333333333333334
4 0.026822916666666665 0.37958333333333333 0.05364583333333333 0.09416666666666666
4 0.8098958333333334 0.24375 0.078125 0.034166666666666665
4 0.0625 0.34541666666666665 0.125 0.0675
3 0.2950520833333333 0.25666666666666665 0.044270833333333336 0.006666666666666667