2 0.5161458333333333 0.42583333333333334 0.0020833333333333333 0.035
2 0.5651041666666666 0.465 0.05625 0.055
3 0.32890625 0.53625 0.09947916666666666 0.09416666666666666
4 0.0 0.8770833333333333 0.0 0.24583333333333332
4 0.32890625 0.46 0.0578125 0.04833333333333333
4 0.30416666666666664 0.4483333333333333 0.03958333333333333 0.03666666666666667
2 0.14114583333333333 0.5591666666666667 0.053125 0.06333333333333334
2 0.14973958333333334 0.5320833333333334 0.0640625 0.030833333333333334
2 0.0 0.8791666666666667 0.0 0.195
2 0.0 0.7616666666666667 0.0 0.16166666666666665
2 0.9671875 0.4554166666666667 0.065625 0.0675
2 0.0 0.7395833333333334 0.0 0.0975
5 0.0 0.5866666666666667 0.0 0.09166666666666666
15 0.66640625 0.5416666666666666 0.0203125 0.02666666666666667
15 0.6455729166666667 0.55625 0.04635416666666667 0.035833333333333335
15 0.9911458333333333 0.5541666666666667 0.017708333333333333 0.025
15 0.98125 0.5583333333333333 0.0375 0.02
15 0.971875 0.5333333333333333 0.041666666666666664 0.021666666666666667
15 0.9059895833333333 0.41041666666666665 0.0171875 0.0075
15 0.8942708333333333 0.41208333333333336 0.017708333333333333 0.009166666666666667
15 1.0 0.6979166666666666 0.0 0.06583333333333333
4 0.2 0.7791666666666667 0.09375 0.07166666666666667