2 0.3216145833333333 0.5516666666666666 0.0859375 0.08166666666666667
2 0.18229166666666666 0.635 0.13229166666666667 0.12
4 0.38229166666666664 0.5566666666666666 0.0875 0.10166666666666667
1 0.26119791666666664 0.6475 0.1140625 0.12666666666666668
2 0.21640625 0.5120833333333333 0.08072916666666667 0.06583333333333333
3 0.16536458333333334 0.5108333333333334 0.08489583333333334 0.06833333333333333
2 0.0140625 0.5975 0.028125 0.08
15 0.4317708333333333 0.4608333333333333 0.010416666666666666 0.013333333333333334
15 0.3932291666666667 0.43125 0.009375 0.0075
15 0.3888020833333333 0.4454166666666667 0.009895833333333333 0.0075
15 0.37395833333333334 0.4454166666666667 0.009375 0.010833333333333334
15 0.36640625 0.445 0.009895833333333333 0.006666666666666667
15 0.54296875 0.47541666666666665 0.009895833333333333 0.014166666666666666
15 0.44296875 0.48333333333333334 0.019270833333333334 0.016666666666666666
15 0.4661458333333333 0.44708333333333333 0.013541666666666667 0.0125
15 0.4986979166666667 0.455 0.016145833333333335 0.015
15 0.3578125 0.45916666666666667 0.010416666666666666 0.013333333333333334
2 0.77265625 0.46291666666666664 0.09322916666666667 0.0675
11 0.63203125 0.44166666666666665 0.15989583333333332 0.11333333333333333
2 0.5419270833333333 0.4195833333333333 0.033854166666666664 0.0225
2 0.9841145833333333 0.46208333333333335 0.03177083333333333 0.030833333333333334