2 0.054427083333333334 0.445 0.10885416666666667 0.09666666666666666
2 0.08619791666666667 0.34291666666666665 0.13177083333333334 0.07583333333333334
4 0.15989583333333332 0.51125 0.19583333333333333 0.13083333333333333
2 0.2830729166666667 0.44083333333333335 0.1671875 0.09833333333333333
6 0.2716145833333333 0.35208333333333336 0.1671875 0.1075
4 0.3809895833333333 0.52375 0.1828125 0.13916666666666666
2 0.5072916666666667 0.45 0.15 0.11
12 0.52265625 0.3329166666666667 0.1953125 0.15416666666666667
0 0.39348958333333334 0.3325 0.07864583333333333 0.07166666666666667
2 0.615625 0.5241666666666667 0.184375 0.13833333333333334
0 0.925 0.535 0.15 0.11833333333333333
2 0.7723958333333333 0.4483333333333333 0.190625 0.10166666666666667
2 0.7143229166666667 0.3545833333333333 0.1265625 0.08416666666666667
4 0.6671875 0.31708333333333333 0.11354166666666667 0.08416666666666667
0 0.9932291666666667 0.45166666666666666 0.013541666666666667 0.09833333333333333
2 0.9119791666666667 0.3408333333333333 0.11145833333333334 0.07166666666666667
4 0.8049479166666667 0.3145833333333333 0.1140625 0.06583333333333333
2 0.5447916666666667 0.3233333333333333 0.06354166666666666 0.06833333333333333
13 0.13489583333333333 0.38083333333333336 0.07083333333333333 0.03833333333333333