2 0.47604166666666664 0.51125 0.06979166666666667 0.06916666666666667
2 0.36354166666666665 0.575 0.08229166666666667 0.095
4 0.30703125 0.55875 0.10677083333333333 0.09916666666666667
2 0.22708333333333333 0.6683333333333333 0.15104166666666666 0.155
2 0.1265625 0.6708333333333333 0.128125 0.12666666666666668
0 0.20286458333333332 0.51875 0.0703125 0.060833333333333336
2 0.14557291666666666 0.5283333333333333 0.0671875 0.04
2 0.011979166666666667 0.6016666666666667 0.023958333333333335 0.08166666666666667
15 0.528125 0.4970833333333333 0.01875 0.015833333333333335
15 0.50625 0.47583333333333333 0.011458333333333333 0.015
15 0.559375 0.4845833333333333 0.025 0.024166666666666666
15 0.5361979166666667 0.4708333333333333 0.019270833333333334 0.015
15 0.4765625 0.47541666666666665 0.011458333333333333 0.0125
15 0.6080729166666666 0.6358333333333334 0.04739583333333333 0.05
0 0.15208333333333332 0.4875 0.042708333333333334 0.041666666666666664
2 0.27005208333333336 0.46166666666666667 0.07135416666666666 0.04833333333333333
2 0.51484375 0.4191666666666667 0.0359375 0.03166666666666667