6 0.046614583333333334 0.84 0.09322916666666667 0.15666666666666668
6 0.2877604166666667 0.4666666666666667 0.0796875 0.06166666666666667
4 0.0 0.6791666666666667 0.0 0.15166666666666667
6 1.0 0.0 0.0 0.0
2 0.0 1.0 0.0 0.0
15 0.6747395833333333 0.62 0.0328125 0.045
15 0.5971354166666667 0.54875 0.021354166666666667 0.029166666666666667
15 0.6213541666666667 0.4891666666666667 0.022916666666666665 0.023333333333333334
15 0.8682291666666667 0.4683333333333333 0.025 0.04
15 0.6864583333333333 0.49666666666666665 0.020833333333333332 0.025
2 0.31953125 0.4508333333333333 0.0026041666666666665 0.0016666666666666668
2 0.0 0.9154166666666667 0.0 0.16916666666666666
2 0.0 0.6758333333333333 0.0 0.11333333333333333
15 0.6588541666666666 0.5129166666666667 0.026041666666666668 0.0225