5 0.31536458333333334 0.5979166666666667 0.12864583333333332 0.12583333333333332
2 0.2916666666666667 0.565 0.10416666666666667 0.1
3 0.10520833333333333 0.7370833333333333 0.21041666666666667 0.21916666666666668
2 0.08046875 0.68875 0.1609375 0.15416666666666667
3 0.20833333333333334 0.5175 0.08854166666666667 0.07666666666666666
4 0.14375 0.53 0.07604166666666666 0.06833333333333333
11 0.4765625 0.42 0.0875 0.041666666666666664
4 0.68203125 0.42875 0.0640625 0.035833333333333335
15 0.46796875 0.7395833333333334 0.011979166666666667 0.034166666666666665
13 0.5763020833333333 0.5354166666666667 0.0328125 0.024166666666666666
15 0.53828125 0.5475 0.030729166666666665 0.021666666666666667
15 0.4986979166666667 0.5345833333333333 0.0265625 0.034166666666666665
15 0.5559895833333334 0.5266666666666666 0.016145833333333335 0.018333333333333333
15 0.5921875 0.5266666666666666 0.025 0.02
15 0.5713541666666667 0.505 0.010416666666666666 0.011666666666666667
15 0.6015625 0.49875 0.022916666666666665 0.0175
13 0.7109375 0.5158333333333334 0.046875 0.028333333333333332
2 0.008333333333333333 0.6116666666666667 0.016666666666666666 0.105