3 0.91484375 0.44458333333333333 0.1703125 0.11583333333333333
4 0.6723958333333333 0.3475 0.121875 0.08333333333333333
2 1.0 0.32875 0.0 0.0525
4 0.7822916666666667 0.31666666666666665 0.10104166666666667 0.06833333333333333
2 0.51015625 0.325 0.09427083333333333 0.07
4 0.1671875 0.24416666666666667 0.028125 0.028333333333333332
2 0.3296875 0.3770833333333333 0.13333333333333333 0.08916666666666667
5 0.8427083333333333 0.24208333333333334 0.06979166666666667 0.0425
4 0.309375 0.44458333333333333 0.14479166666666668 0.1075
0 0.04244791666666667 0.4404166666666667 0.08489583333333334 0.0975
4 0.16458333333333333 0.335 0.134375 0.08
2 0.026822916666666665 0.38166666666666665 0.05364583333333333 0.09
5 0.0 0.3329166666666667 0.0 0.0875