4 0.17942708333333332 0.6970833333333334 0.1515625 0.16083333333333333
4 0.09791666666666667 0.68 0.16145833333333334 0.15
2 0.3533854166666667 0.5895833333333333 0.10052083333333334 0.1075
0 0.2796875 0.57375 0.096875 0.0975
0 0.21614583333333334 0.5108333333333334 0.08333333333333333 0.07
15 0.58125 0.7225 0.052083333333333336 0.04666666666666667
15 0.5286458333333334 0.6895833333333333 0.04791666666666667 0.04583333333333333
15 0.6125 0.49 0.013541666666666667 0.02
15 0.68359375 0.49041666666666667 0.0328125 0.025833333333333333
15 0.740625 0.4975 0.0125 0.021666666666666667
4 0.934375 0.60125 0.13125 0.09916666666666667
2 0.7953125 0.48625 0.09791666666666667 0.07416666666666667