3 0.3953125 0.5591666666666667 0.10833333333333334 0.10666666666666667
2 0.30546875 0.57125 0.0953125 0.09083333333333334
3 0.21666666666666667 0.6641666666666667 0.165625 0.16333333333333333
2 0.0953125 0.6904166666666667 0.12708333333333333 0.1325
2 0.021614583333333333 0.845 0.043229166666666666 0.22
1 0.17083333333333334 0.5366666666666666 0.071875 0.06333333333333334
4 0.015625 0.6333333333333333 0.03125 0.08833333333333333
2 0.43411458333333336 0.70125 0.1578125 0.15583333333333332
13 0.5677083333333334 0.5375 0.042708333333333334 0.03833333333333333
15 0.3828125 0.46708333333333335 0.017708333333333333 0.014166666666666666
15 0.44375 0.44666666666666666 0.009375 0.011666666666666667
15 0.415625 0.4608333333333333 0.010416666666666666 0.011666666666666667
15 0.37916666666666665 0.44458333333333333 0.010416666666666666 0.015833333333333335
15 0.43802083333333336 0.44708333333333333 0.010416666666666666 0.010833333333333334
11 0.9893229166666667 0.57375 0.021354166666666667 0.2975
11 0.6278645833333333 0.44 0.1609375 0.10333333333333333