1 0.8270833333333333 0.3129166666666667 0.08541666666666667 0.059166666666666666
2 0.7 0.3229166666666667 0.10208333333333333 0.049166666666666664
1 0.5072916666666667 0.3225 0.07604166666666666 0.06666666666666667
4 0.3497395833333333 0.3283333333333333 0.10052083333333334 0.075
2 0.17005208333333333 0.34291666666666665 0.12760416666666666 0.0725
2 0.8424479166666666 0.3516666666666667 0.11927083333333334 0.07333333333333333
1 0.7010416666666667 0.3416666666666667 0.09479166666666666 0.07333333333333333
2 0.48515625 0.36625 0.1140625 0.08416666666666667
2 0.5822916666666667 0.52875 0.18645833333333334 0.1325
11 0.9145833333333333 0.48083333333333333 0.17083333333333334 0.21
4 0.7640625 0.24625 0.06458333333333334 0.0125
4 0.55859375 0.26958333333333334 0.0484375 0.009166666666666667