2 0.35703125 0.5708333333333333 0.08802083333333334 0.085
5 0.20859375 0.49583333333333335 0.09635416666666667 0.07666666666666666
2 0.14401041666666667 0.5291666666666667 0.0546875 0.025
2 0.3216145833333333 0.5479166666666667 0.09114583333333333 0.0875
1 0.8354166666666667 0.4725 0.08229166666666667 0.06333333333333334
1 0.6817708333333333 0.415 0.035416666666666666 0.035
2 1.0 0.46166666666666667 0.0 0.015
15 0.6252604166666667 0.505 0.016145833333333335 0.02
15 0.6104166666666667 0.4970833333333333 0.008333333333333333 0.014166666666666666
15 0.6020833333333333 0.4975 0.015625 0.018333333333333333
15 0.6924479166666667 0.5279166666666667 0.019270833333333334 0.014166666666666666
15 0.6291666666666667 0.4979166666666667 0.013541666666666667 0.019166666666666665
2 0.0 0.6225 0.0 0.11833333333333333
2 0.1453125 0.48833333333333334 0.041666666666666664 0.023333333333333334
4 0.3953125 0.41583333333333333 0.03333333333333333 0.028333333333333332
2 1.0 0.43416666666666665 0.0 0.06666666666666667