4 0.35859375 0.5725 0.10364583333333334 0.10166666666666667
4 0.22890625 0.6604166666666667 0.1421875 0.14916666666666667
2 0.03333333333333333 0.86125 0.06666666666666667 0.24583333333333332
2 0.25234375 0.5920833333333333 0.11197916666666667 0.10916666666666666
2 0.06692708333333333 0.7166666666666667 0.13385416666666666 0.17833333333333334
2 0.24609375 0.49666666666666665 0.058854166666666666 0.05333333333333334
2 0.14348958333333334 0.5554166666666667 0.0484375 0.024166666666666666
2 0.146875 0.5283333333333333 0.029166666666666667 0.016666666666666666
15 0.6578125 0.7595833333333334 0.0020833333333333333 0.0125
15 0.56953125 0.5125 0.022395833333333334 0.023333333333333334
15 0.6177083333333333 0.4975 0.022916666666666665 0.013333333333333334
15 0.6244791666666667 0.49 0.015625 0.02
2 0.71171875 0.43291666666666667 0.0734375 0.04583333333333333
11 0.9322916666666666 0.41208333333333336 0.13541666666666666 0.10083333333333333