2 1.0 0.5333333333333333 0.0 0.13333333333333333
4 0.8880208333333334 0.51625 0.22395833333333334 0.1425
0 0.6442708333333333 0.5233333333333333 0.17083333333333334 0.14
2 0.30416666666666664 0.5270833333333333 0.178125 0.11916666666666667
2 0.9578125 0.44708333333333333 0.084375 0.0975
3 0.7721354166666666 0.43875 0.1828125 0.11416666666666667
2 0.5479166666666667 0.44375 0.15 0.09916666666666667
4 0.21744791666666666 0.43916666666666665 0.16614583333333333 0.105
0 0.0625 0.3854166666666667 0.125 0.07916666666666666
4 0.35651041666666666 0.36625 0.1203125 0.0925
2 0.45989583333333334 0.3325 0.10729166666666666 0.075
2 0.5895833333333333 0.36791666666666667 0.125 0.0775
2 0.61953125 0.3254166666666667 0.1046875 0.06416666666666666
2 0.7309895833333333 0.35541666666666666 0.1078125 0.07416666666666667
4 0.76953125 0.3125 0.12135416666666667 0.08333333333333333
3 0.9203125 0.33416666666666667 0.14583333333333334 0.085
13 0.8533854166666667 0.3120833333333333 0.024479166666666666 0.020833333333333332
2 0.79921875 0.2733333333333333 0.08177083333333333 0.07166666666666667
2 0.0 0.6054166666666667 0.0 0.16416666666666666