4 0.3619791666666667 0.5691666666666667 0.09583333333333334 0.09666666666666666
2 0.3106770833333333 0.5641666666666667 0.0609375 0.07833333333333334
2 0.1703125 0.5408333333333334 0.08229166666666667 0.06666666666666667
2 0.13177083333333334 0.52875 0.023958333333333335 0.010833333333333334
4 0.18984375 0.6858333333333333 0.16927083333333334 0.16666666666666666
4 0.016666666666666666 0.6379166666666667 0.03333333333333333 0.12083333333333333
4 0.16171875 0.6358333333333334 0.15052083333333333 0.14333333333333334
15 0.6109375 0.585 0.040625 0.035
15 0.6268229166666667 0.5854166666666667 0.04114583333333333 0.0275
15 0.4666666666666667 0.48375 0.017708333333333333 0.0175
15 0.5153645833333333 0.4975 0.018229166666666668 0.025
15 0.5278645833333333 0.49 0.008854166666666666 0.015
15 0.55703125 0.50375 0.022395833333333334 0.020833333333333332
15 0.56640625 0.46875 0.013020833333333334 0.020833333333333332
15 0.5739583333333333 0.48375 0.015625 0.0225
15 0.68125 0.49125 0.03333333333333333 0.029166666666666667
15 0.70625 0.5104166666666666 0.026041666666666668 0.029166666666666667
4 0.5635416666666667 0.6995833333333333 0.12916666666666668 0.13583333333333333
6 0.0033854166666666668 0.7995833333333333 0.0067708333333333336 0.2791666666666667
15 0.40625 0.43916666666666665 0.019791666666666666 0.013333333333333334