4 0.3419270833333333 0.5420833333333334 0.08697916666666666 0.0825
4 0.40625 0.5483333333333333 0.08333333333333333 0.08833333333333333
0 0.2981770833333333 0.6179166666666667 0.0953125 0.1075
3 0.18932291666666667 0.6229166666666667 0.14947916666666666 0.13916666666666666
4 0.09140625 0.76875 0.1828125 0.2125
4 0.21119791666666668 0.50875 0.0734375 0.06583333333333333
2 0.013802083333333333 0.6125 0.027604166666666666 0.11
15 0.6158854166666666 0.5116666666666667 0.0171875 0.016666666666666666
15 0.6330729166666667 0.4979166666666667 0.025520833333333333 0.0225
15 0.7359375 0.49625 0.025 0.024166666666666666
4 0.1390625 0.5383333333333333 0.046875 0.02666666666666667
2 0.0 0.68375 0.0 0.1325
2 0.0 0.7375 0.0 0.14833333333333334