2 0.4765625 0.51125 0.06979166666666667 0.0725
2 0.36223958333333334 0.5745833333333333 0.08177083333333333 0.09083333333333334
4 0.3072916666666667 0.5591666666666667 0.10833333333333334 0.1
2 0.22916666666666666 0.6675 0.15 0.155
2 0.1265625 0.6691666666666667 0.128125 0.12833333333333333
0 0.203125 0.5195833333333333 0.07083333333333333 0.060833333333333336
2 0.14557291666666666 0.5283333333333333 0.0671875 0.04
2 0.0125 0.6020833333333333 0.025 0.08083333333333333
15 0.46770833333333334 0.47541666666666665 0.010416666666666666 0.015833333333333335
15 0.3723958333333333 0.46791666666666665 0.017708333333333333 0.015833333333333335
15 0.38567708333333334 0.4608333333333333 0.0140625 0.01
13 0.4231770833333333 0.4554166666666667 0.024479166666666666 0.0125
15 0.44609375 0.45458333333333334 0.019270833333333334 0.0175
15 0.45338541666666665 0.44708333333333333 0.008854166666666666 0.0075
15 0.44921875 0.4404166666666667 0.018229166666666668 0.010833333333333334
15 0.3572916666666667 0.445 0.0125 0.008333333333333333
15 0.3768229166666667 0.44583333333333336 0.0140625 0.01
13 0.35 0.43041666666666667 0.0125 0.0075
15 0.3841145833333333 0.42291666666666666 0.0015625 0.0075
15 0.3888020833333333 0.43083333333333335 0.009895833333333333 0.005
2 0.9729166666666667 0.5025 0.05416666666666667 0.08666666666666667
2 0.7106770833333333 0.45125 0.07864583333333333 0.05583333333333333
2 0.6541666666666667 0.46625 0.06875 0.059166666666666666