11 0.9158854166666667 0.5220833333333333 0.16822916666666668 0.2125
11 0.7802083333333333 0.4429166666666667 0.23645833333333333 0.11916666666666667
11 0.5473958333333333 0.42291666666666666 0.13125 0.08583333333333333
4 0.40572916666666664 0.54875 0.08229166666666667 0.08916666666666667
4 0.3419270833333333 0.5425 0.08697916666666666 0.08333333333333333
0 0.29739583333333336 0.6183333333333333 0.09479166666666666 0.10833333333333334
3 0.18932291666666667 0.6225 0.14947916666666666 0.14
2 0.09140625 0.7704166666666666 0.1828125 0.21416666666666667
2 0.015625 0.7979166666666667 0.03125 0.21083333333333334
15 0.16614583333333333 0.79 0.05416666666666667 0.05333333333333334
15 0.37942708333333336 0.445 0.0109375 0.016666666666666666
15 0.4296875 0.4608333333333333 0.011458333333333333 0.011666666666666667
15 0.42291666666666666 0.44666666666666666 0.011458333333333333 0.01
15 0.4083333333333333 0.43166666666666664 0.011458333333333333 0.013333333333333334
15 0.7346354166666667 0.4975 0.025520833333333333 0.023333333333333334
4 0.21197916666666666 0.5125 0.078125 0.06833333333333333
2 0.13880208333333333 0.5383333333333333 0.0453125 0.021666666666666667
2 0.0 0.6845833333333333 0.0 0.13083333333333333