6 0.12213541666666666 0.5766666666666667 0.1203125 0.07833333333333334
2 0.11822916666666666 0.55375 0.11875 0.0625
11 0.29322916666666665 0.7079166666666666 0.43854166666666666 0.21416666666666667
2 0.2625 0.5491666666666667 0.1125 0.07
4 0.4315104166666667 0.5754166666666667 0.1015625 0.07916666666666666
6 0.4703125 0.5270833333333333 0.10520833333333333 0.0775
2 0.90078125 0.73375 0.1984375 0.1225
6 0.8458333333333333 0.6241666666666666 0.22291666666666668 0.13166666666666665
4 0.6223958333333334 0.5670833333333334 0.10625 0.06916666666666667
3 0.8947916666666667 0.5608333333333333 0.06458333333333334 0.058333333333333334
2 0.8182291666666667 0.5358333333333334 0.06145833333333333 0.051666666666666666
4 0.06354166666666666 0.6408333333333334 0.12708333333333333 0.10833333333333334
2 0.005729166666666666 0.5645833333333333 0.011458333333333333 0.07083333333333333