2 0.3390625 0.5883333333333334 0.09895833333333333 0.10833333333333334
2 0.10130208333333333 0.745 0.2015625 0.20333333333333334
4 0.31015625 0.5545833333333333 0.1046875 0.09916666666666667
4 0.17890625 0.64625 0.13697916666666668 0.12416666666666666
2 0.18854166666666666 0.51125 0.10416666666666667 0.0825
1 0.13229166666666667 0.5325 0.03854166666666667 0.023333333333333334
1 0.01953125 0.6041666666666666 0.0390625 0.06333333333333334
2 0.01015625 0.59125 0.0203125 0.06916666666666667
2 0.93359375 0.5925 0.1328125 0.10833333333333334
4 1.0 0.6529166666666667 0.0 0.2275
4 1.0 0.5645833333333333 0.0 0.13416666666666666
4 0.4921875 0.41583333333333333 0.03229166666666667 0.03166666666666667
2 0.35078125 0.7404166666666666 0.17552083333333332 0.16416666666666666
15 0.7216145833333333 0.4970833333333333 0.025520833333333333 0.0175
15 0.7135416666666666 0.4979166666666667 0.023958333333333335 0.020833333333333332
15 0.8270833333333333 0.6566666666666666 0.04375 0.056666666666666664
15 0.7736979166666667 0.6741666666666667 0.027604166666666666 0.056666666666666664
15 0.39427083333333335 0.43125 0.011458333333333333 0.009166666666666667