5 0.36276041666666664 0.5533333333333333 0.11614583333333334 0.11333333333333333
5 0.29140625 0.5495833333333333 0.1015625 0.09916666666666667
2 0.21979166666666666 0.675 0.15416666666666667 0.15833333333333333
2 0.1046875 0.6825 0.16145833333333334 0.15
2 0.04453125 0.8470833333333333 0.0890625 0.25416666666666665
15 0.53359375 0.5266666666666666 0.019270833333333334 0.018333333333333333
15 0.5953125 0.5054166666666666 0.025 0.019166666666666665
15 0.60078125 0.4975 0.022395833333333334 0.018333333333333333
15 0.65625 0.48291666666666666 0.021875 0.019166666666666665
15 0.7026041666666667 0.5129166666666667 0.022916666666666665 0.0275
0 0.48880208333333336 0.6808333333333333 0.15052083333333333 0.15333333333333332
4 0.3484375 0.4508333333333333 0.05 0.016666666666666666
2 0.2046875 0.525 0.08541666666666667 0.06
2 0.14713541666666666 0.52625 0.06510416666666667 0.0425
2 0.006510416666666667 0.5795833333333333 0.013020833333333334 0.060833333333333336
3 0.6994791666666667 0.40166666666666667 0.059375 0.03666666666666667
4 0.8338541666666667 0.425 0.07083333333333333 0.045
13 0.62421875 0.4970833333333333 0.027604166666666666 0.0275
15 0.5989583333333334 0.4970833333333333 0.014583333333333334 0.009166666666666667