4 0.37135416666666665 0.5654166666666667 0.09166666666666666 0.0925
6 0.23046875 0.6483333333333333 0.15052083333333333 0.15
2 0.05130208333333333 0.8208333333333333 0.10260416666666666 0.235
4 0.34817708333333336 0.5366666666666666 0.09427083333333333 0.08666666666666667
4 0.18567708333333333 0.62625 0.1078125 0.10916666666666666
2 0.2203125 0.49166666666666664 0.06875 0.05333333333333334
2 0.14947916666666666 0.53625 0.03958333333333333 0.0175
4 0.21458333333333332 0.51375 0.08020833333333334 0.06416666666666666
6 0.07942708333333333 0.5841666666666666 0.1265625 0.09166666666666666
2 0.0033854166666666668 0.6275 0.0067708333333333336 0.11
11 0.8291666666666667 0.5658333333333333 0.2947916666666667 0.17166666666666666
2 0.5877604166666667 0.6883333333333334 0.1671875 0.145
15 0.47734375 0.48333333333333334 0.021354166666666667 0.02
15 0.5440104166666667 0.6145833333333334 0.044270833333333336 0.0325
15 0.49375 0.6291666666666667 0.04583333333333333 0.03666666666666667
15 0.5208333333333334 0.6429166666666667 0.04479166666666667 0.04416666666666667
15 0.4830729166666667 0.6920833333333334 0.0578125 0.06583333333333333
15 0.7375 0.49625 0.0020833333333333333 0.0125
11 0.953125 0.41333333333333333 0.09375 0.10666666666666667
0 0.63125 0.43833333333333335 0.046875 0.04
4 0.684375 0.46291666666666664 0.08958333333333333 0.0675