4 0.9294270833333333 0.33416666666666667 0.1328125 0.105
2 0.7653645833333333 0.36083333333333334 0.1171875 0.07333333333333333
0 0.63046875 0.35375 0.0953125 0.08083333333333333
4 0.8526041666666667 0.31166666666666665 0.08958333333333333 0.065
4 0.71015625 0.31375 0.11822916666666666 0.07583333333333334
0 0.56328125 0.3225 0.0734375 0.065
2 0.39921875 0.33125 0.0984375 0.0775
4 0.3494791666666667 0.36541666666666667 0.12291666666666666 0.09083333333333334
4 0.2375 0.3375 0.12083333333333333 0.08666666666666667
2 0.10416666666666667 0.3854166666666667 0.159375 0.09083333333333334
13 0.6497395833333334 0.44416666666666665 0.0765625 0.055
4 0.3671875 0.435 0.14895833333333333 0.115
2 0.3580729166666667 0.2633333333333333 0.05677083333333333 0.006666666666666667
2 0.7291666666666666 0.2520833333333333 0.05416666666666667 0.009166666666666667
2 0.04739583333333333 0.32208333333333333 0.09479166666666666 0.0725