4 0.16614583333333333 0.295 0.05520833333333333 0.05333333333333334
4 0.20833333333333334 0.2941666666666667 0.08333333333333333 0.07333333333333333
5 0.12421875 0.33416666666666667 0.044270833333333336 0.025
2 0.01328125 0.43666666666666665 0.0265625 0.12666666666666668
4 0.4557291666666667 0.30125 0.08958333333333333 0.0875
15 0.7067708333333333 0.40166666666666667 0.04375 0.04
4 0.9622395833333334 0.25583333333333336 0.07552083333333333 0.07833333333333334
2 0.0 0.3670833333333333 0.0 0.10083333333333333
5 0.7239583333333334 0.21416666666666667 0.09270833333333334 0.07166666666666667
4 0.71796875 0.18375 0.04635416666666667 0.04416666666666667
2 0.39010416666666664 0.20708333333333334 0.027083333333333334 0.030833333333333334