13 0.45546875 0.5170833333333333 0.04635416666666667 0.04083333333333333
0 0.35260416666666666 0.5779166666666666 0.090625 0.09416666666666666
2 0.1390625 0.7266666666666667 0.18854166666666666 0.18833333333333332
0 0.3609375 0.5295833333333333 0.07291666666666667 0.0725
2 0.2265625 0.60875 0.11770833333333333 0.11583333333333333
4 0.07682291666666667 0.7016666666666667 0.15364583333333334 0.16
4 0.2125 0.5108333333333334 0.08020833333333334 0.06666666666666667
0 0.13802083333333334 0.5375 0.041666666666666664 0.023333333333333334
2 0.13671875 0.56875 0.0328125 0.024166666666666666
6 0.0125 0.6108333333333333 0.025 0.12
15 0.6716145833333333 0.4975 0.015104166666666667 0.018333333333333333
15 0.6026041666666667 0.5716666666666667 0.04791666666666667 0.041666666666666664
13 0.6419270833333334 0.485 0.024479166666666666 0.025
15 0.49375 0.5120833333333333 0.01875 0.020833333333333332
13 0.07083333333333333 0.8041666666666667 0.075 0.07666666666666666
15 0.5825520833333333 0.5358333333333334 0.033854166666666664 0.023333333333333334
15 0.5640625 0.5366666666666666 0.035416666666666666 0.021666666666666667