13 0.93203125 0.77625 0.1359375 0.13583333333333333
4 0.05286458333333333 0.44333333333333336 0.10572916666666667 0.11333333333333333
2 0.2994791666666667 0.44708333333333333 0.16354166666666667 0.10416666666666667
4 0.5856770833333333 0.45208333333333334 0.1421875 0.10583333333333333
2 0.8184895833333333 0.515 0.2140625 0.12166666666666667
2 0.9880208333333333 0.5275 0.023958333333333335 0.11833333333333333
2 0.9682291666666667 0.45 0.06354166666666666 0.115
2 0.09791666666666667 0.385 0.16145833333333334 0.09166666666666666
2 0.29453125 0.375 0.1296875 0.08166666666666667
2 0.48802083333333335 0.37166666666666665 0.10416666666666667 0.08166666666666667
4 0.6544270833333333 0.35375 0.11510416666666666 0.07583333333333334
4 0.8395833333333333 0.3441666666666667 0.12083333333333333 0.07833333333333334
2 0.7255208333333333 0.3104166666666667 0.10729166666666666 0.0675
4 0.5489583333333333 0.32625 0.10625 0.0725
4 0.3736979166666667 0.3308333333333333 0.10260416666666666 0.09
4 0.21458333333333332 0.33458333333333334 0.13541666666666666 0.08416666666666667
4 0.04895833333333333 0.34625 0.09791666666666667 0.07083333333333333
2 1.0 0.8525 0.0 0.18333333333333332