13 0.4630208333333333 0.5266666666666666 0.03958333333333333 0.03666666666666667
4 0.36770833333333336 0.5745833333333333 0.096875 0.09916666666666667
2 0.3234375 0.5479166666666667 0.10104166666666667 0.0925
2 0.17239583333333333 0.6341666666666667 0.13854166666666667 0.12833333333333333
2 0.03177083333333333 0.7829166666666667 0.06354166666666666 0.2125
4 0.20546875 0.52125 0.07864583333333333 0.06416666666666666
2 0.14322916666666666 0.535 0.03958333333333333 0.021666666666666667
5 0.07135416666666666 0.5625 0.14270833333333333 0.11
2 0.0067708333333333336 0.6175 0.013541666666666667 0.11166666666666666
2 0.9752604166666666 0.4525 0.049479166666666664 0.065
2 0.6255208333333333 0.45 0.06145833333333333 0.05333333333333334
2 0.4940104166666667 0.69 0.1578125 0.14
15 0.396875 0.4533333333333333 0.019791666666666666 0.01
15 0.40234375 0.4529166666666667 0.018229166666666668 0.014166666666666666
15 0.37213541666666666 0.4454166666666667 0.011979166666666667 0.014166666666666666
15 0.3796875 0.44583333333333336 0.011458333333333333 0.015
15 0.48880208333333336 0.48375 0.019270833333333334 0.0225
15 0.36770833333333336 0.4375 0.0020833333333333333 0.005
15 0.3346354166666667 0.43625 0.0015625 0.005833333333333334
15 0.48046875 0.46958333333333335 0.022395833333333334 0.0175
15 0.5377604166666666 0.46958333333333335 0.019270833333333334 0.020833333333333332
15 0.45390625 0.4558333333333333 0.019270833333333334 0.011666666666666667
15 0.43854166666666666 0.4475 0.0125 0.015
2 1.0 0.8970833333333333 0.0 0.17583333333333334