4 0.1625 0.5379166666666667 0.08645833333333333 0.06583333333333333
4 0.28932291666666665 0.5666666666666667 0.0984375 0.095
2 0.15494791666666666 0.6491666666666667 0.14114583333333333 0.135
2 0.38333333333333336 0.5595833333333333 0.08645833333333333 0.08916666666666667
4 0.27005208333333336 0.6379166666666667 0.12135416666666667 0.12583333333333332
2 0.03723958333333333 0.83875 0.07447916666666667 0.24916666666666668
2 0.96640625 0.4575 0.0671875 0.03
1 0.9713541666666666 0.43416666666666665 0.057291666666666664 0.025
15 0.5875 0.4975 0.015625 0.013333333333333334
15 0.63515625 0.5045833333333334 0.0265625 0.024166666666666666
15 0.6666666666666666 0.5279166666666667 0.023958333333333335 0.019166666666666665
15 0.64140625 0.49041666666666667 0.0296875 0.015833333333333335
13 0.70078125 0.5041666666666667 0.03697916666666667 0.03
13 0.5453125 0.5416666666666666 0.040625 0.03333333333333333
15 0.4901041666666667 0.6858333333333333 0.041666666666666664 0.03