11 0.38333333333333336 0.3025 0.290625 0.135
3 0.6315104166666666 0.315 0.1171875 0.08166666666666667
4 0.7549479166666667 0.31416666666666665 0.09114583333333333 0.07
1 0.8627604166666667 0.3145833333333333 0.04739583333333333 0.0625
4 0.12890625 0.34 0.1203125 0.08166666666666667
4 0.053125 0.38 0.10625 0.095
4 0.22057291666666667 0.37625 0.1328125 0.09083333333333334
2 0.4270833333333333 0.37166666666666665 0.121875 0.07333333333333333
4 0.6184895833333334 0.3525 0.12760416666666666 0.085
4 0.8036458333333333 0.3516666666666667 0.11354166666666667 0.07833333333333334
4 0.91796875 0.34375 0.1078125 0.0775
2 0.057291666666666664 0.4454166666666667 0.11458333333333333 0.09416666666666666
2 0.26979166666666665 0.44958333333333333 0.15104166666666666 0.1025
4 0.5416666666666666 0.43375 0.165625 0.10416666666666667
4 0.8291666666666667 0.43583333333333335 0.17291666666666666 0.11166666666666666
2 0.9994791666666667 0.44958333333333333 0.0010416666666666667 0.10416666666666667
13 0.9317708333333333 0.7695833333333333 0.13645833333333332 0.1225
2 1.0 0.8545833333333334 0.0 0.2075
2 0.8127604166666667 0.5133333333333333 0.20885416666666667 0.12166666666666667
4 0.7697916666666667 0.25666666666666665 0.059375 0.06333333333333334
1 0.74375 0.2891666666666667 0.075 0.05
4 0.5877604166666667 0.3 0.0484375 0.055
4 0.18802083333333333 0.23875 0.035416666666666666 0.004166666666666667
2 0.0 0.34625 0.0 0.07083333333333333