13 0.45625 0.51875 0.04583333333333333 0.0375
2 0.36015625 0.52625 0.0703125 0.07416666666666667
2 0.22734375 0.6083333333333333 0.11927083333333334 0.115
4 0.07838541666666667 0.7 0.15677083333333333 0.17
2 0.35182291666666665 0.5754166666666667 0.08489583333333334 0.0975
2 0.13854166666666667 0.7258333333333333 0.1875 0.19
0 1.0 0.46791666666666665 0.0 0.06583333333333333
4 1.0 0.47291666666666665 0.0 0.08083333333333333
0 0.69609375 0.4116666666666667 0.0484375 0.03666666666666667
4 0.0 0.5716666666666667 0.0 0.065
4 0.21197916666666666 0.5075 0.078125 0.065
2 0.13723958333333333 0.5691666666666667 0.0328125 0.025
2 0.13802083333333334 0.5375 0.041666666666666664 0.02666666666666667
5 0.012239583333333333 0.6095833333333334 0.024479166666666666 0.11916666666666667