13 0.43515625 0.54875 0.05572916666666667 0.04583333333333333
4 0.2125 0.6720833333333334 0.15520833333333334 0.1575
2 0.3578125 0.5720833333333334 0.08645833333333333 0.0825
6 0.24270833333333333 0.5704166666666667 0.13541666666666666 0.11916666666666667
2 0.04479166666666667 0.7554166666666666 0.08958333333333333 0.19583333333333333
6 0.20833333333333334 0.49583333333333335 0.09479166666666666 0.075
4 0.14479166666666668 0.53 0.05625 0.02666666666666667
15 0.7572916666666667 0.5041666666666667 0.015625 0.021666666666666667
15 0.5932291666666667 0.5279166666666667 0.020833333333333332 0.015833333333333335
15 0.5864583333333333 0.5345833333333333 0.030208333333333334 0.015833333333333335
15 0.7169270833333333 0.5125 0.024479166666666666 0.02666666666666667
15 0.6265625 0.4970833333333333 0.016666666666666666 0.015833333333333335
15 0.6200520833333333 0.5054166666666666 0.0265625 0.019166666666666665
15 0.60703125 0.4979166666666667 0.016145833333333335 0.0125
15 0.5947916666666667 0.4975 0.016666666666666666 0.015
15 0.559375 0.5345833333333333 0.030208333333333334 0.0175
15 0.5502604166666667 0.54125 0.0203125 0.020833333333333332
16 0.5205729166666667 0.5416666666666666 0.021354166666666667 0.021666666666666667
15 0.5111979166666667 0.54125 0.021354166666666667 0.019166666666666665