5 1.0 0.4979166666666667 0.0 0.17083333333333334
2 0.5828125 0.44916666666666666 0.15520833333333334 0.105
2 0.8005208333333333 0.45 0.175 0.10333333333333333
4 0.9635416666666666 0.4429166666666667 0.07291666666666667 0.10083333333333333
2 0.7427083333333333 0.35625 0.11666666666666667 0.07083333333333333
1 0.5408854166666667 0.3625 0.11614583333333334 0.09166666666666666
11 0.228125 0.32958333333333334 0.3572916666666667 0.15083333333333335
2 0.02890625 0.38333333333333336 0.0578125 0.09833333333333333
2 0.78671875 0.31875 0.11614583333333334 0.0675
13 0.89453125 0.315 0.049479166666666664 0.02
11 0.2747395833333333 0.49333333333333335 0.46927083333333336 0.225