4 0.19010416666666666 0.6270833333333333 0.12291666666666666 0.12083333333333333
5 0.3502604166666667 0.5733333333333334 0.11197916666666667 0.11166666666666666
4 0.32447916666666665 0.5416666666666666 0.075 0.07833333333333334
13 0.52734375 0.5354166666666667 0.03697916666666667 0.034166666666666665
2 0.21276041666666667 0.5125 0.07760416666666667 0.06833333333333333
9 0.9854166666666667 0.42583333333333334 0.029166666666666667 0.09833333333333333
13 0.9265625 0.44625 0.03229166666666667 0.015833333333333335
2 0.7669270833333334 0.47583333333333333 0.0765625 0.065
2 0.67734375 0.4166666666666667 0.03802083333333333 0.04
2 0.9940104166666667 0.47 0.011979166666666667 0.056666666666666664
4 0.15885416666666666 0.49041666666666667 0.06041666666666667 0.04583333333333333
2 0.12473958333333333 0.5383333333333333 0.018229166666666668 0.016666666666666666
0 0.022395833333333334 0.6095833333333334 0.03229166666666667 0.04416666666666667