13 0.46484375 0.5320833333333334 0.04635416666666667 0.035833333333333335
4 0.3541666666666667 0.5779166666666666 0.096875 0.1025
1 0.19947916666666668 0.6783333333333333 0.125 0.135
2 0.2125 0.5141666666666667 0.07291666666666667 0.06
2 0.14479166666666668 0.5329166666666667 0.059375 0.030833333333333334
2 0.013541666666666667 0.6033333333333334 0.027083333333333334 0.095
2 0.2515625 0.47333333333333333 0.065625 0.023333333333333334
2 0.6971354166666667 0.43375 0.0609375 0.04416666666666667
3 0.9453125 0.43875 0.109375 0.0725
15 0.5427083333333333 0.5116666666666667 0.004166666666666667 0.013333333333333334
15 0.58671875 0.49833333333333335 0.018229166666666668 0.02
15 0.5416666666666666 0.5416666666666666 0.017708333333333333 0.025