2 0.8338541666666667 0.30375 0.06875 0.0525
3 0.71015625 0.3120833333333333 0.11510416666666666 0.0775
2 0.5630208333333333 0.3304166666666667 0.09895833333333333 0.07083333333333333
3 0.4140625 0.32625 0.11458333333333333 0.08916666666666667
0 0.2546875 0.3304166666666667 0.11041666666666666 0.08083333333333333
3 0.06432291666666666 0.3408333333333333 0.12864583333333332 0.08666666666666667
2 0.9583333333333334 0.35541666666666666 0.053125 0.029166666666666667
0 0.8255208333333334 0.3441666666666667 0.10416666666666667 0.07333333333333333
2 0.6432291666666666 0.36083333333333334 0.12395833333333334 0.085
2 0.42109375 0.37166666666666665 0.1359375 0.08833333333333333
4 0.23776041666666667 0.37416666666666665 0.13385416666666666 0.09
2 0.07473958333333333 0.3904166666666667 0.14947916666666666 0.08916666666666667
2 0.0 0.39 0.0 0.08333333333333333
2 0.9776041666666667 0.52875 0.04479166666666667 0.12583333333333332
2 0.81640625 0.23666666666666666 0.008854166666666666 0.023333333333333334