2 0.38203125 0.5625 0.09635416666666667 0.1
1 0.271875 0.6245833333333334 0.103125 0.1075
4 0.0953125 0.7654166666666666 0.190625 0.2275
2 0.28958333333333336 0.57125 0.09791666666666667 0.0925
2 0.21796875 0.5095833333333334 0.059895833333333336 0.05416666666666667
4 0.14348958333333334 0.55375 0.04010416666666667 0.0325
1 0.008333333333333333 0.6058333333333333 0.016666666666666666 0.09333333333333334
2 0.11979166666666667 0.6720833333333334 0.15208333333333332 0.14083333333333334
15 0.73828125 0.5041666666666667 0.015104166666666667 0.021666666666666667
15 0.6497395833333334 0.49666666666666665 0.0234375 0.018333333333333333
15 1.0 0.6970833333333334 0.0 0.08416666666666667
15 0.8359375 0.68875 0.06458333333333334 0.07416666666666667
15 0.9283854166666666 0.6795833333333333 0.03802083333333333 0.0625
13 0.9833333333333333 0.4533333333333333 0.03333333333333333 0.02666666666666667
15 0.6997395833333333 0.49666666666666665 0.024479166666666666 0.02
15 0.7078125 0.49583333333333335 0.026041666666666668 0.02
2 1.0 0.6733333333333333 0.0 0.21666666666666667
2 0.296875 0.7658333333333334 0.18020833333333333 0.175