2 0.011197916666666667 0.56875 0.022395833333333334 0.04416666666666667
4 0.11666666666666667 0.54875 0.12395833333333334 0.07416666666666667
4 0.2520833333333333 0.5475 0.11458333333333333 0.075
2 0.4432291666666667 0.5416666666666666 0.09375 0.065
5 0.61171875 0.50875 0.0953125 0.0625
4 0.746875 0.5008333333333334 0.07916666666666666 0.06666666666666667
2 0.79921875 0.5341666666666667 0.07552083333333333 0.055
2 0.06692708333333333 0.5991666666666666 0.13385416666666666 0.075
2 0.24973958333333332 0.58375 0.1328125 0.08416666666666667
2 0.43828125 0.5754166666666667 0.10260416666666666 0.07916666666666666
4 0.60703125 0.5695833333333333 0.10364583333333334 0.07083333333333333
2 0.7424479166666667 0.5741666666666667 0.0984375 0.045
2 0.86640625 0.55875 0.10572916666666667 0.06916666666666667
2 0.46119791666666665 0.6508333333333334 0.1453125 0.095
2 0.6955729166666667 0.65625 0.15260416666666668 0.0975
4 0.8885416666666667 0.6545833333333333 0.171875 0.10416666666666667
2 0.1890625 0.6483333333333333 0.16041666666666668 0.10666666666666667
0 0.33958333333333335 0.51625 0.078125 0.05416666666666667
4 0.14817708333333332 0.5158333333333334 0.08697916666666666 0.055