5 0.37057291666666664 0.56375 0.10260416666666666 0.10916666666666666
4 0.20911458333333333 0.67625 0.13697916666666668 0.13916666666666666
2 0.022135416666666668 0.8495833333333334 0.044270833333333336 0.2325
2 0.3026041666666667 0.5608333333333333 0.09583333333333334 0.08666666666666667
15 0.6260416666666667 0.4975 0.020833333333333332 0.018333333333333333
15 0.5877604166666667 0.5279166666666667 0.019270833333333334 0.035833333333333335
15 0.55078125 0.53375 0.0265625 0.025833333333333333
15 0.5385416666666667 0.5341666666666667 0.027083333333333334 0.02666666666666667
3 0.20260416666666667 0.51375 0.09375 0.07583333333333334
2 0.13229166666666667 0.5708333333333333 0.017708333333333333 0.011666666666666667
2 0.12708333333333333 0.54625 0.009375 0.0075