4 0.37213541666666666 0.5591666666666667 0.09427083333333333 0.1
2 0.22395833333333334 0.6608333333333334 0.14791666666666667 0.145
4 0.29583333333333334 0.5566666666666666 0.09166666666666666 0.09
5 0.21067708333333332 0.51 0.0703125 0.06
2 0.13619791666666667 0.5383333333333333 0.058854166666666666 0.06333333333333334
2 0.0 0.6366666666666667 0.0 0.115
15 0.57109375 0.5408333333333334 0.0203125 0.018333333333333333
15 0.5424479166666667 0.5283333333333333 0.0234375 0.025
15 0.58125 0.5129166666666667 0.021875 0.019166666666666665
15 0.6197916666666666 0.4970833333333333 0.021875 0.0175
15 0.6138020833333333 0.5245833333333333 0.0359375 0.029166666666666667
2 0.57265625 0.39875 0.049479166666666664 0.0325
1 0.7268229166666667 0.42375 0.0515625 0.04083333333333333
2 0.9260416666666667 0.4483333333333333 0.10833333333333334 0.055
3 1.0 0.4425 0.0 0.07166666666666667