13 0.9296875 0.7754166666666666 0.140625 0.14416666666666667
2 1.0 0.8545833333333334 0.0 0.23083333333333333
4 0.54140625 0.43333333333333335 0.16822916666666668 0.10833333333333334
4 0.8315104166666667 0.43625 0.1734375 0.1125
2 0.99921875 0.44916666666666666 0.0015625 0.105
2 0.27005208333333336 0.44958333333333333 0.1515625 0.10416666666666667
2 0.05755208333333333 0.44583333333333336 0.11510416666666666 0.09666666666666666
4 0.053385416666666664 0.38 0.10677083333333333 0.09333333333333334
4 0.22109375 0.37625 0.1328125 0.09083333333333334
2 0.42682291666666666 0.37 0.1234375 0.085
4 0.6197916666666666 0.35208333333333336 0.13020833333333334 0.08916666666666667
4 0.80390625 0.35125 0.11510416666666666 0.07416666666666667
4 0.9197916666666667 0.34375 0.11041666666666666 0.07416666666666667
4 1.0 0.3329166666666667 0.0 0.05583333333333333
1 0.8638020833333333 0.3145833333333333 0.0484375 0.060833333333333336
4 0.7549479166666667 0.31416666666666665 0.0921875 0.07
3 0.6299479166666667 0.31333333333333335 0.11510416666666666 0.08166666666666667
11 0.38255208333333335 0.3016666666666667 0.2869791666666667 0.13166666666666665
4 0.06197916666666667 0.3433333333333333 0.12395833333333334 0.06833333333333333
4 0.5611979166666666 0.2975 0.0640625 0.06166666666666667
1 0.6859375 0.28875 0.06666666666666667 0.0525
3 0.7908854166666667 0.28375 0.08697916666666666 0.07083333333333333
4 0.4591145833333333 0.57875 0.1796875 0.15916666666666668
2 0.21276041666666667 0.2475 0.06302083333333333 0.013333333333333334