4 0.34375 0.5833333333333334 0.10520833333333333 0.10833333333333334
4 0.184375 0.6904166666666667 0.15416666666666667 0.15916666666666668
2 0.2682291666666667 0.5866666666666667 0.11041666666666666 0.10666666666666667
2 0.09010416666666667 0.68875 0.159375 0.1475
1 0.23619791666666667 0.5054166666666666 0.058854166666666666 0.0525
2 0.016666666666666666 0.6283333333333333 0.03333333333333333 0.095
4 1.0 0.53625 0.0 0.12416666666666666
2 1.0 0.5654166666666667 0.0 0.0625
2 0.8541666666666666 0.45875 0.09895833333333333 0.06416666666666666
11 0.5893229166666667 0.41541666666666666 0.14114583333333333 0.08416666666666667
15 0.68671875 0.49166666666666664 0.034895833333333334 0.02666666666666667
15 0.44375 0.46875 0.017708333333333333 0.010833333333333334
15 0.40208333333333335 0.475 0.010416666666666666 0.015
15 0.41796875 0.46166666666666667 0.015104166666666667 0.015
15 0.38671875 0.4691666666666667 0.024479166666666666 0.021666666666666667
15 0.42421875 0.44625 0.009895833333333333 0.009166666666666667
15 0.73125 0.5129166666666667 0.029166666666666667 0.029166666666666667
15 0.6752604166666667 0.4891666666666667 0.0296875 0.018333333333333333
2 0.6044270833333333 0.4554166666666667 0.049479166666666664 0.0225