2 0.8263020833333333 0.6079166666666667 0.1515625 0.1075
2 0.41171875 0.71875 0.14427083333333332 0.15416666666666667
15 0.7078125 0.49833333333333335 0.023958333333333335 0.013333333333333334
2 0.5955729166666667 0.4479166666666667 0.0234375 0.0425
2 0.5015625 0.4995833333333333 0.06770833333333333 0.07083333333333333
2 0.08515625 0.76875 0.1703125 0.20416666666666666
15 0.8307291666666666 0.7633333333333333 0.053125 0.06833333333333333
6 0.14609375 0.5308333333333334 0.09947916666666666 0.08666666666666667
2 0.3770833333333333 0.44208333333333333 0.042708333333333334 0.04083333333333333
4 0.3307291666666667 0.43625 0.004166666666666667 0.025833333333333333
15 0.7177083333333333 0.51375 0.029166666666666667 0.0275
15 0.72265625 0.4575 0.0109375 0.008333333333333333
15 0.8421875 0.44416666666666665 0.03229166666666667 0.018333333333333333
15 0.57734375 0.5345833333333333 0.0265625 0.0225