15 0.79609375 0.7025 0.04739583333333333 0.055
15 1.0 0.6204166666666666 0.0 0.0275
15 0.9479166666666666 0.72875 0.028125 0.0625
15 0.8190104166666666 0.7391666666666666 0.0296875 0.06833333333333333
15 0.6356770833333333 0.4975 0.0171875 0.016666666666666666
2 0.98359375 0.4625 0.0328125 0.03166666666666667
13 0.44635416666666666 0.5366666666666666 0.04583333333333333 0.04
2 0.29583333333333334 0.47375 0.06041666666666667 0.0525
2 0.013020833333333334 0.6091666666666666 0.026041666666666668 0.09333333333333334
2 0.0 0.69375 0.0 0.15583333333333332
2 0.0 0.93875 0.0 0.1225