2 0.025260416666666667 0.8541666666666666 0.050520833333333334 0.24
4 0.009895833333333333 0.79625 0.019791666666666666 0.22083333333333333
4 0.33932291666666664 0.595 0.0921875 0.1
4 0.22057291666666667 0.6070833333333333 0.1078125 0.12083333333333333
2 0.5338541666666666 0.48375 0.06145833333333333 0.059166666666666666
0 0.42265625 0.49541666666666667 0.0609375 0.06583333333333333
0 0.34010416666666665 0.44125 0.04479166666666667 0.04083333333333333
2 0.26145833333333335 0.4895833333333333 0.078125 0.059166666666666666
2 0.15572916666666667 0.52375 0.08645833333333333 0.0625
15 0.8333333333333334 0.47708333333333336 0.028125 0.0325
15 0.7197916666666667 0.46625 0.025 0.029166666666666667
15 0.7130208333333333 0.48833333333333334 0.013541666666666667 0.016666666666666666
13 0.6591145833333333 0.43125 0.025520833333333333 0.019166666666666665
3 0.0 0.69 0.0 0.125
15 0.8395833333333333 0.4166666666666667 0.014583333333333334 0.011666666666666667
15 0.8544270833333333 0.41583333333333333 0.019270833333333334 0.013333333333333334
15 0.875 0.41375 0.017708333333333333 0.015833333333333335
15 0.8927083333333333 0.41208333333333336 0.016666666666666666 0.009166666666666667
15 0.9166666666666666 0.41041666666666665 0.016666666666666666 0.009166666666666667
15 0.9307291666666667 0.42791666666666667 0.01875 0.010833333333333334
15 0.94140625 0.4270833333333333 0.0203125 0.014166666666666666