5 0.37161458333333336 0.56375 0.10052083333333334 0.1075
4 0.20885416666666667 0.6766666666666666 0.13541666666666666 0.13833333333333334
2 0.021354166666666667 0.8545833333333334 0.042708333333333334 0.2275
2 0.3028645833333333 0.5641666666666667 0.09947916666666666 0.08833333333333333
15 0.625 0.4970833333333333 0.020833333333333332 0.020833333333333332
15 0.5875 0.5270833333333333 0.019791666666666666 0.035833333333333335
15 0.54921875 0.5341666666666667 0.0265625 0.02666666666666667
15 0.5385416666666667 0.5345833333333333 0.028125 0.029166666666666667
3 0.203125 0.5133333333333333 0.09479166666666666 0.075
2 0.1328125 0.57 0.017708333333333333 0.011666666666666667
2 0.12734375 0.5458333333333333 0.008854166666666666 0.006666666666666667