4 0.17864583333333334 0.5079166666666667 0.04895833333333333 0.0475
4 0.21822916666666667 0.5108333333333334 0.07916666666666666 0.06666666666666667
5 0.13515625 0.5441666666666667 0.04010416666666667 0.023333333333333334
2 0.015104166666666667 0.6345833333333334 0.030208333333333334 0.10083333333333333
4 0.440625 0.5175 0.08229166666666667 0.08
15 0.5940104166666667 0.5120833333333333 0.018229166666666668 0.0175
2 0.33828125 0.5875 0.10260416666666666 0.10666666666666667
12 0.9609375 0.4558333333333333 0.078125 0.135
4 0.78671875 0.465 0.09322916666666667 0.06666666666666667
4 0.7583333333333333 0.4345833333333333 0.057291666666666664 0.050833333333333335
2 0.6294270833333333 0.43 0.0234375 0.043333333333333335
2 0.6723958333333333 0.41541666666666666 0.03229166666666667 0.0425