3 0.25729166666666664 0.48375 0.08333333333333333 0.06416666666666666
5 0.1421875 0.5325 0.08333333333333333 0.06666666666666667
2 0.34322916666666664 0.5408333333333334 0.07916666666666666 0.07
2 0.22760416666666666 0.60375 0.128125 0.12083333333333333
2 0.046875 0.7483333333333333 0.09375 0.18166666666666667
4 0.35833333333333334 0.5725 0.09270833333333334 0.09833333333333333
2 0.20859375 0.68375 0.14427083333333332 0.1475
2 0.03046875 0.8408333333333333 0.0609375 0.27666666666666667
13 0.47734375 0.5466666666666666 0.04739583333333333 0.03666666666666667
15 0.6252604166666667 0.5125 0.021354166666666667 0.025
15 0.6567708333333333 0.53625 0.03333333333333333 0.0225
15 0.653125 0.5054166666666666 0.03125 0.025833333333333333
15 0.7317708333333334 0.49541666666666667 0.023958333333333335 0.015833333333333335
15 0.8622395833333333 0.6475 0.0359375 0.04666666666666667
15 0.7447916666666666 0.6558333333333334 0.052083333333333336 0.03333333333333333
13 0.45859375 0.4766666666666667 0.021354166666666667 0.023333333333333334
4 0.6921875 0.43375 0.06041666666666667 0.050833333333333335
13 0.5546875 0.41 0.014583333333333334 0.011666666666666667
5 0.38307291666666665 0.72375 0.20677083333333332 0.22083333333333333