0 0.39817708333333335 0.55625 0.06822916666666666 0.08083333333333333
2 0.2515625 0.6470833333333333 0.13645833333333332 0.13416666666666666
2 0.0828125 0.7979166666666667 0.165625 0.23416666666666666
4 0.32473958333333336 0.5504166666666667 0.09739583333333333 0.09416666666666666
2 0.15677083333333333 0.6554166666666666 0.13020833333333334 0.12916666666666668
2 0.023177083333333334 0.78 0.04635416666666667 0.23
5 0.18932291666666667 0.5204166666666666 0.10052083333333334 0.07916666666666666
2 0.13359375 0.54 0.0328125 0.03833333333333333
2 0.019010416666666665 0.5991666666666666 0.03802083333333333 0.08666666666666667
2 1.0 0.6475 0.0 0.23
2 1.0 0.5495833333333333 0.0 0.10916666666666666
2 0.9546875 0.5870833333333333 0.090625 0.09416666666666666
15 0.6078125 0.4970833333333333 0.011458333333333333 0.0175
15 0.5919270833333333 0.5216666666666666 0.025520833333333333 0.02666666666666667
15 0.6166666666666667 0.6 0.042708333333333334 0.03333333333333333
3 0.0 0.6295833333333334 0.0 0.11083333333333334
2 0.023958333333333335 0.6108333333333333 0.036458333333333336 0.051666666666666666
15 0.709375 0.5120833333333333 0.022916666666666665 0.024166666666666666