2 0.9458333333333333 0.44166666666666665 0.10833333333333334 0.105
3 0.934375 0.3358333333333333 0.12916666666666668 0.08666666666666667
4 0.7109375 0.31416666666666665 0.11979166666666667 0.07333333333333333
1 0.56328125 0.3229166666666667 0.07447916666666667 0.0675
0 0.6307291666666667 0.35375 0.09479166666666666 0.07916666666666666
2 0.36666666666666664 0.365 0.121875 0.09166666666666666
0 0.30755208333333334 0.44958333333333333 0.1203125 0.09583333333333334
2 0.4783854166666667 0.44208333333333333 0.1640625 0.10083333333333333
2 0.7036458333333333 0.445 0.159375 0.11
2 0.9260416666666667 0.535 0.14791666666666667 0.13
0 0.6885416666666667 0.5258333333333334 0.17291666666666666 0.12833333333333333
2 0.41640625 0.5166666666666667 0.15364583333333334 0.13
2 0.16484375 0.38125 0.1515625 0.0925
2 0.052083333333333336 0.44083333333333335 0.10416666666666667 0.10833333333333334
2 0.027864583333333335 0.38 0.05572916666666667 0.09333333333333334
2 0.23723958333333334 0.33791666666666664 0.12135416666666667 0.0875
2 0.06171875 0.34125 0.1234375 0.06583333333333333
2 0.9588541666666667 0.6383333333333333 0.08229166666666667 0.16
2 0.7700520833333333 0.36333333333333334 0.1234375 0.06666666666666667
2 0.8544270833333333 0.3129166666666667 0.09114583333333333 0.0625
2 0.39921875 0.33125 0.0984375 0.0775
2 0.1703125 0.24625 0.05 0.0275
2 0.7203125 0.25416666666666665 0.05 0.016666666666666666