3 0.39505208333333336 0.5604166666666667 0.1109375 0.1025
3 0.2171875 0.6641666666666667 0.16666666666666666 0.16333333333333333
2 0.30546875 0.57125 0.09427083333333333 0.09083333333333334
2 0.09479166666666666 0.6908333333333333 0.12708333333333333 0.135
2 0.021614583333333333 0.84375 0.043229166666666666 0.21916666666666668
1 0.171875 0.5366666666666666 0.07291666666666667 0.06333333333333334
4 0.016145833333333335 0.6283333333333333 0.03229166666666667 0.095
15 0.7364583333333333 0.6733333333333333 0.04375 0.055
15 0.7486979166666666 0.6575 0.034895833333333334 0.05333333333333334
15 0.60546875 0.4970833333333333 0.005729166666666666 0.014166666666666666
15 0.6127604166666667 0.4979166666666667 0.009895833333333333 0.0175
15 0.69375 0.4816666666666667 0.023958333333333335 0.02