11 0.30494791666666665 0.58625 0.2640625 0.21916666666666668
2 0.05364583333333333 0.805 0.10729166666666666 0.18833333333333332
11 0.6802083333333333 0.45125 0.16145833333333334 0.10083333333333333
2 0.5822916666666667 0.4325 0.051041666666666666 0.043333333333333335
11 0.4328125 0.3983333333333333 0.075 0.08333333333333333
2 0.21979166666666666 0.5170833333333333 0.08541666666666667 0.06583333333333333
2 0.1359375 0.5391666666666667 0.023958333333333335 0.05
2 0.016927083333333332 0.6225 0.033854166666666664 0.08333333333333333
2 0.0013020833333333333 0.6066666666666667 0.0026041666666666665 0.08333333333333333
15 0.33229166666666665 0.44333333333333336 0.0125 0.01
15 0.41328125 0.43166666666666664 0.009895833333333333 0.006666666666666667
15 0.38828125 0.43083333333333335 0.009895833333333333 0.006666666666666667
15 0.3809895833333333 0.43083333333333335 0.009895833333333333 0.006666666666666667
15 0.32838541666666665 0.44375 0.0109375 0.0075
15 0.3575520833333333 0.4370833333333333 0.019270833333333334 0.014166666666666666
15 0.3453125 0.4370833333333333 0.0010416666666666667 0.005833333333333334