15 0.5869791666666667 0.5045833333333334 0.030208333333333334 0.015833333333333335
15 0.5645833333333333 0.5191666666666667 0.027083333333333334 0.02
15 0.5346354166666667 0.5341666666666667 0.0265625 0.023333333333333334
15 0.63046875 0.5204166666666666 0.03177083333333333 0.0225
15 0.7252604166666666 0.49666666666666665 0.025520833333333333 0.015
15 0.7372395833333333 0.49666666666666665 0.015104166666666667 0.015
13 0.8716145833333333 0.52375 0.0484375 0.06583333333333333
2 0.3528645833333333 0.5816666666666667 0.09322916666666667 0.10833333333333334
2 0.20364583333333333 0.6691666666666667 0.11875 0.13
2 0.048177083333333336 0.8266666666666667 0.09635416666666667 0.22666666666666666
2 0.2796875 0.5754166666666667 0.10833333333333334 0.09916666666666667
2 0.23385416666666667 0.5058333333333334 0.075 0.06166666666666667
3 0.6651041666666667 0.41333333333333333 0.05520833333333333 0.03
2 0.9231770833333334 0.4504166666666667 0.1109375 0.04416666666666667
15 0.47630208333333335 0.7016666666666667 0.0578125 0.041666666666666664
15 0.98671875 0.6570833333333334 0.0265625 0.06416666666666666
15 0.98359375 0.7229166666666667 0.0328125 0.06416666666666666