4 0.5669270833333333 0.6716666666666666 0.15052083333333333 0.14333333333333334
2 0.5169270833333334 0.48583333333333334 0.06197916666666667 0.06166666666666667
2 0.43984375 0.4820833333333333 0.059895833333333336 0.05416666666666667
2 0.253125 0.5920833333333333 0.11458333333333333 0.1075
2 0.0 0.92125 0.0 0.1575
4 0.934375 0.43916666666666665 0.103125 0.056666666666666664
2 0.23463541666666668 0.5191666666666667 0.0453125 0.035
4 0.24453125 0.47583333333333333 0.059895833333333336 0.04833333333333333
15 0.57890625 0.5129166666666667 0.019270833333333334 0.0225
15 0.63203125 0.49875 0.0234375 0.0425
2 0.9671875 0.7345833333333334 0.065625 0.2225