3 0.25078125 0.2679166666666667 0.09114583333333333 0.0725
5 0.12942708333333333 0.32 0.0921875 0.08
2 0.3494791666666667 0.32666666666666666 0.08541666666666667 0.07833333333333334
2 0.2328125 0.39666666666666667 0.13645833333333332 0.13
2 0.054947916666666666 0.5416666666666666 0.10989583333333333 0.17333333333333334
4 0.3697916666666667 0.36125 0.1 0.10916666666666666
2 0.22395833333333334 0.475 0.15208333333333332 0.15333333333333332
2 0.03958333333333333 0.6245833333333334 0.07916666666666666 0.2475
13 0.4979166666666667 0.3325 0.051041666666666666 0.04
15 0.6932291666666667 0.325 0.04583333333333333 0.035
15 0.6903645833333333 0.3 0.034895833333333334 0.025
15 0.7809895833333333 0.2758333333333333 0.024479166666666666 0.03
15 0.9411458333333333 0.5108333333333334 0.06354166666666666 0.06333333333333334
15 0.4856770833333333 0.23083333333333333 0.011979166666666667 0.01
15 0.4703125 0.2325 0.019791666666666666 0.01
15 0.44036458333333334 0.23916666666666667 0.0109375 0.01
2 0.5963541666666666 0.22916666666666666 0.05625 0.04
5 0.5205729166666667 0.1775 0.058854166666666666 0.04833333333333333
11 0.9533854166666667 0.30125 0.09322916666666667 0.2575