2 0.36302083333333335 0.5808333333333333 0.10208333333333333 0.10166666666666667
2 0.29713541666666665 0.5645833333333333 0.1015625 0.09083333333333334
4 0.19401041666666666 0.5220833333333333 0.0890625 0.0725
2 0.13723958333333333 0.5295833333333333 0.044270833333333336 0.0525
4 0.09192708333333334 0.6829166666666666 0.16197916666666667 0.15416666666666667
15 0.5403645833333334 0.5341666666666667 0.030729166666666665 0.023333333333333334
15 0.5778645833333333 0.5170833333333333 0.028645833333333332 0.019166666666666665
15 0.6127604166666667 0.48875 0.013020833333333334 0.015833333333333335
15 0.6106770833333334 0.5191666666666667 0.0296875 0.018333333333333333
15 0.6611979166666667 0.5183333333333333 0.034895833333333334 0.03
4 0.89765625 0.5770833333333333 0.13177083333333334 0.08916666666666667
2 0.12604166666666666 0.7354166666666667 0.18333333333333332 0.1875