4 0.5015625 0.49125 0.06979166666666667 0.06916666666666667
4 0.40130208333333334 0.49541666666666667 0.059895833333333336 0.0675
2 0.35625 0.44708333333333333 0.04375 0.04416666666666667
2 0.5875 0.43083333333333335 0.04791666666666667 0.043333333333333335
2 0.3736979166666667 0.4241666666666667 0.03697916666666667 0.03666666666666667
13 0.5546875 0.5420833333333334 0.0375 0.034166666666666665
15 0.59453125 0.52 0.0328125 0.03166666666666667
15 0.70625 0.76125 0.023958333333333335 0.05583333333333333
15 0.48098958333333336 0.7333333333333333 0.0265625 0.056666666666666664
4 0.20885416666666667 0.6154166666666666 0.13854166666666667 0.14083333333333334
15 0.8122395833333333 0.4525 0.016145833333333335 0.023333333333333334
15 0.8205729166666667 0.4354166666666667 0.015104166666666667 0.0075
2 0.0 0.6554166666666666 0.0 0.11916666666666667
13 0.24296875 0.4795833333333333 0.0109375 0.034166666666666665