15 0.790625 0.7679166666666667 0.03125 0.0375
15 0.5002604166666667 0.6308333333333334 0.044270833333333336 0.03333333333333333
15 0.51328125 0.63875 0.03802083333333333 0.029166666666666667
15 0.5364583333333334 0.63 0.042708333333333334 0.03166666666666667
15 0.5723958333333333 0.54125 0.022916666666666665 0.019166666666666665
15 0.5908854166666667 0.53875 0.030729166666666665 0.024166666666666666
15 0.6091145833333333 0.4970833333333333 0.0171875 0.019166666666666665
15 0.6161458333333333 0.4970833333333333 0.015625 0.014166666666666666
15 0.6614583333333334 0.49833333333333335 0.023958333333333335 0.016666666666666666
4 0.3145833333333333 0.55375 0.09479166666666666 0.0925
2 0.20286458333333332 0.5325 0.06302083333333333 0.043333333333333335
2 0.020572916666666666 0.61125 0.04114583333333333 0.07916666666666666
13 0.0 0.615 0.0 0.035
16 0.5822916666666667 0.54375 0.025 0.025833333333333333
16 0.65078125 0.49625 0.0265625 0.019166666666666665