15 0.8111979166666666 0.46125 0.0296875 0.025833333333333333
15 0.57421875 0.5333333333333333 0.0234375 0.03333333333333333
2 0.96171875 0.42583333333333334 0.0765625 0.058333333333333334
2 0.36354166666666665 0.5245833333333333 0.078125 0.07916666666666666
15 0.7747395833333334 0.43833333333333335 0.015104166666666667 0.015
2 0.078125 0.71375 0.15625 0.17583333333333334
0 0.34348958333333335 0.4508333333333333 0.058854166666666666 0.058333333333333334
2 0.14765625 0.555 0.05260416666666667 0.02666666666666667
4 0.16953125 0.5195833333333333 0.030729166666666665 0.0175
2 0.2794270833333333 0.46458333333333335 0.018229166666666668 0.03916666666666667
15 0.5671875 0.52625 0.014583333333333334 0.014166666666666666