5 0.37734375 0.5420833333333334 0.1296875 0.11416666666666667
2 0.39453125 0.5091666666666667 0.0734375 0.065
2 0.5526041666666667 0.47583333333333333 0.022916666666666665 0.03833333333333333
0 0.16354166666666667 0.6345833333333334 0.11666666666666667 0.1125
2 0.6997395833333333 0.4125 0.043229166666666666 0.04833333333333333
2 0.03203125 0.83375 0.0640625 0.1975
5 0.0 0.9133333333333333 0.0 0.17333333333333334
3 0.4122395833333333 0.41833333333333333 0.0421875 0.03833333333333333
0 0.3223958333333333 0.44583333333333336 0.040625 0.04
2 0.29765625 0.4775 0.05260416666666667 0.05
0 0.20651041666666667 0.49833333333333335 0.0515625 0.051666666666666666
0 0.0 0.6720833333333334 0.0 0.12583333333333332
4 0.020052083333333335 0.5841666666666666 0.04010416666666667 0.065
0 0.0 1.0 0.0 0.0
4 0.0 0.71875 0.0 0.1525
3 0.5 0.5 1.0 1.0
15 0.8125 0.6895833333333333 0.04791666666666667 0.0725
15 0.7244791666666667 0.46416666666666667 0.023958333333333335 0.023333333333333334
15 0.8489583333333334 0.4345833333333333 0.026041666666666668 0.025833333333333333
15 0.9067708333333333 0.42875 0.020833333333333332 0.0175
15 0.928125 0.4275 0.020833333333333332 0.018333333333333333
15 0.8520833333333333 0.4066666666666667 0.003125 0.01