2 0.3533854166666667 0.5858333333333333 0.1015625 0.105
3 0.30390625 0.5504166666666667 0.1015625 0.0975
6 0.1734375 0.6083333333333333 0.159375 0.14333333333333334
2 0.08463541666666667 0.76875 0.16927083333333334 0.21416666666666667
13 0.5307291666666667 0.54875 0.036458333333333336 0.034166666666666665
13 0.5921875 0.5475 0.036458333333333336 0.03166666666666667
15 0.5825520833333333 0.5116666666666667 0.021354166666666667 0.021666666666666667
15 0.8541666666666666 0.5141666666666667 0.022916666666666665 0.02
2 0.7544270833333333 0.43 0.07239583333333334 0.045
4 0.9401041666666666 0.4325 0.096875 0.05333333333333334
2 1.0 0.4841666666666667 0.0 0.05333333333333334
4 1.0 0.45208333333333334 0.0 0.06416666666666666
4 1.0 0.5420833333333334 0.0 0.14416666666666667
15 0.6135416666666667 0.48291666666666666 0.022916666666666665 0.015833333333333335
4 1.0 0.49 0.0 0.095
2 0.0 0.6670833333333334 0.0 0.1025
4 0.13645833333333332 0.4925 0.004166666666666667 0.0033333333333333335