13 0.9385416666666667 0.7733333333333333 0.12291666666666666 0.095
2 1.0 0.8841666666666667 0.0 0.23166666666666666
2 1.0 0.5358333333333334 0.0 0.13666666666666666
2 1.0 0.4554166666666667 0.0 0.10583333333333333
2 1.0 0.5254166666666666 0.0 0.12083333333333333
2 0.9932291666666667 0.4525 0.013541666666666667 0.09666666666666666
2 0.89765625 0.5245833333333333 0.2046875 0.12416666666666666
0 0.81171875 0.445 0.13489583333333333 0.09
3 0.65703125 0.5275 0.2046875 0.14666666666666667
2 0.5614583333333333 0.44375 0.14791666666666667 0.1025
2 0.3223958333333333 0.44708333333333333 0.16145833333333334 0.11083333333333334
2 0.33177083333333335 0.5241666666666667 0.18958333333333333 0.145
2 0.0 0.4475 0.0 0.095
4 0.103125 0.3745833333333333 0.16666666666666666 0.09583333333333334
2 0.26953125 0.3804166666666667 0.1421875 0.0875
4 0.4666666666666667 0.3670833333333333 0.10729166666666666 0.08416666666666667
2 0.6640625 0.3591666666666667 0.125 0.08666666666666667
4 0.8393229166666667 0.34875 0.1203125 0.0675
4 0.9536458333333333 0.34625 0.08125 0.07083333333333333
2 0.8544270833333333 0.3125 0.10052083333333334 0.06666666666666667
0 0.7143229166666667 0.32083333333333336 0.0953125 0.07
0 0.5328125 0.3283333333333333 0.096875 0.07333333333333333
3 0.35859375 0.32666666666666666 0.12135416666666667 0.08833333333333333
0 0.20885416666666667 0.33166666666666667 0.10520833333333333 0.07
4 0.0 0.38458333333333333 0.0 0.09416666666666666
2 1.0 0.8541666666666666 0.0 0.22333333333333333