2 0.22265625 0.67 0.15885416666666666 0.155
4 0.15078125 0.6554166666666666 0.15572916666666667 0.14916666666666667
4 0.5145833333333333 0.48875 0.057291666666666664 0.06416666666666666
4 0.396875 0.50875 0.06979166666666667 0.0675
2 0.6614583333333334 0.43666666666666665 0.010416666666666666 0.008333333333333333
0 0.5458333333333333 0.43875 0.053125 0.0475
2 0.35651041666666666 0.44666666666666666 0.0546875 0.04666666666666667
2 0.30755208333333334 0.45708333333333334 0.044270833333333336 0.04416666666666667
15 0.9197916666666667 0.44708333333333333 0.022916666666666665 0.019166666666666665
15 0.7330729166666666 0.46541666666666665 0.0296875 0.030833333333333334
15 0.74609375 0.48125 0.027604166666666666 0.024166666666666666
3 0.17994791666666668 0.5258333333333334 0.09739583333333333 0.08166666666666667
15 0.8330729166666667 0.4175 0.016145833333333335 0.016666666666666666
15 0.8455729166666667 0.41625 0.016145833333333335 0.009166666666666667
15 0.86328125 0.41458333333333336 0.0171875 0.0125
15 0.88203125 0.4220833333333333 0.0036458333333333334 0.010833333333333334
15 0.9036458333333334 0.4295833333333333 0.019791666666666666 0.0175
15 0.9140625 0.42833333333333334 0.017708333333333333 0.01
15 0.9247395833333333 0.41875 0.0036458333333333334 0.0125