5 0.20703125 0.6483333333333333 0.17239583333333333 0.16666666666666666
4 0.48880208333333336 0.49625 0.07552083333333333 0.0725
2 0.33515625 0.54375 0.09010416666666667 0.08416666666666667
4 0.06927083333333334 0.71375 0.13854166666666667 0.1575
4 0.9341145833333333 0.43916666666666665 0.10260416666666666 0.056666666666666664
4 0.3109375 0.4683333333333333 0.04791666666666667 0.04
15 0.5677083333333334 0.5204166666666666 0.026041666666666668 0.0275
15 0.7208333333333333 0.465 0.025 0.02
15 0.9098958333333333 0.49416666666666664 0.04375 0.02666666666666667
15 0.8994791666666667 0.4945833333333333 0.03333333333333333 0.019166666666666665
2 1.0 0.7033333333333334 0.0 0.17333333333333334