4 0.35625 0.57625 0.0875 0.09583333333333334
3 0.3104166666666667 0.5533333333333333 0.10208333333333333 0.095
4 0.08489583333333334 0.6966666666666667 0.16979166666666667 0.16333333333333333
2 0.18489583333333334 0.52625 0.07083333333333333 0.06416666666666666
4 0.020052083333333335 0.6120833333333333 0.04010416666666667 0.07583333333333334
5 0.7432291666666667 0.45458333333333334 0.10208333333333333 0.06916666666666667
4 0.6302083333333334 0.4275 0.034375 0.04
4 0.46953125 0.7170833333333333 0.15885416666666666 0.15916666666666668
2 0.2708333333333333 0.465 0.008333333333333333 0.006666666666666667
15 0.5575520833333333 0.5645833333333333 0.03177083333333333 0.029166666666666667
15 0.5231770833333333 0.56875 0.0390625 0.029166666666666667
15 0.5393229166666667 0.5783333333333334 0.033854166666666664 0.02666666666666667
15 0.5473958333333333 0.5120833333333333 0.016666666666666666 0.015833333333333335
15 0.6013020833333333 0.49125 0.027604166666666666 0.020833333333333332
15 0.65390625 0.4979166666666667 0.0203125 0.0175
15 0.65859375 0.4975 0.005729166666666666 0.013333333333333334
15 0.6466145833333333 0.48875 0.0296875 0.0225