4 0.35859375 0.57375 0.10260416666666666 0.1075
2 0.3341145833333333 0.5429166666666667 0.08385416666666666 0.0775
4 0.09895833333333333 0.7491666666666666 0.19791666666666666 0.21833333333333332
2 0.21276041666666667 0.5129166666666667 0.08489583333333334 0.0675
6 0.146875 0.5095833333333334 0.1 0.0775
2 0.14348958333333334 0.5558333333333333 0.04739583333333333 0.02666666666666667
2 0.015885416666666666 0.6095833333333334 0.03177083333333333 0.0725
15 0.5596354166666667 0.5345833333333333 0.0328125 0.029166666666666667
13 0.5859375 0.5183333333333333 0.034375 0.025
15 0.63046875 0.4975 0.0203125 0.016666666666666666
15 0.7760416666666666 0.68 0.03333333333333333 0.05
2 0.21380208333333334 0.4825 0.0484375 0.018333333333333333
0 0.36640625 0.45125 0.043229166666666666 0.024166666666666666
0 0.4953125 0.4320833333333333 0.040625 0.020833333333333332
0 0.7231770833333333 0.425 0.05677083333333333 0.03833333333333333
11 0.8802083333333334 0.40375 0.22395833333333334 0.08916666666666667