2 0.9473958333333333 0.6608333333333334 0.10520833333333333 0.105
2 1.0 0.7595833333333334 0.0 0.1225
2 0.6799479166666667 0.7533333333333333 0.1859375 0.12666666666666668
2 0.22005208333333334 0.6454166666666666 0.14739583333333334 0.09083333333333334
2 0.38645833333333335 0.5816666666666667 0.11458333333333333 0.08166666666666667
2 0.21302083333333333 0.58875 0.13854166666666667 0.0825
2 0.03177083333333333 0.5975 0.06354166666666666 0.08333333333333333
4 0.5669270833333333 0.5729166666666666 0.10052083333333334 0.0775
2 0.7197916666666667 0.5695833333333333 0.11145833333333334 0.06583333333333333
4 0.8416666666666667 0.55375 0.11770833333333333 0.07916666666666666
2 0.54453125 0.5425 0.09322916666666667 0.065
4 0.5997395833333333 0.5120833333333333 0.09322916666666667 0.059166666666666666
2 0.7309895833333333 0.49916666666666665 0.0671875 0.056666666666666664
2 0.990625 0.9895833333333334 0.01875 0.020833333333333332
13 0.9020833333333333 0.965 0.146875 0.07
2 0.7122395833333334 0.54 0.09114583333333333 0.058333333333333334
4 0.6270833333333333 0.4816666666666667 0.041666666666666664 0.01
2 0.7372395833333333 0.4658333333333333 0.0546875 0.006666666666666667