6 0.9447916666666667 0.33666666666666667 0.11041666666666666 0.08666666666666667
2 0.8046875 0.32166666666666666 0.10520833333333333 0.08333333333333333
13 0.8723958333333334 0.3566666666666667 0.06354166666666666 0.04
4 0.7348958333333333 0.35333333333333333 0.11354166666666667 0.09333333333333334
4 0.6546875 0.3204166666666667 0.10416666666666667 0.0675
4 0.5317708333333333 0.3616666666666667 0.10833333333333334 0.08
6 1.0 0.4525 0.0 0.13333333333333333
2 0.7932291666666667 0.2816666666666667 0.07083333333333333 0.07
2 0.4708333333333333 0.3333333333333333 0.08541666666666667 0.07166666666666667
4 1.0 0.4479166666666667 0.0 0.11583333333333333
2 0.7986979166666667 0.44375 0.17447916666666666 0.0975
2 0.3140625 0.37125 0.13645833333333332 0.08916666666666667
4 0.17135416666666667 0.43291666666666667 0.16458333333333333 0.10583333333333333
2 0.2171875 0.34 0.12083333333333333 0.07166666666666667