4 0.6442708333333333 0.5233333333333333 0.17291666666666666 0.14
4 0.8880208333333334 0.5179166666666667 0.22395833333333334 0.14583333333333334
4 0.36276041666666664 0.36666666666666664 0.11822916666666666 0.09
2 0.26796875 0.3475 0.09427083333333333 0.04666666666666667
4 0.0 0.3304166666666667 0.0 0.07083333333333333
2 0.10859375 0.34 0.13697916666666668 0.07833333333333334
2 0.0049479166666666664 0.6066666666666667 0.009895833333333333 0.16833333333333333
13 0.86015625 0.31083333333333335 0.0390625 0.02
1 0.0625 0.38416666666666666 0.125 0.08
2 0.546875 0.44 0.15208333333333332 0.09833333333333333
3 0.77265625 0.43666666666666665 0.1859375 0.115
0 0.32578125 0.5254166666666666 0.18177083333333333 0.1225
3 0.9307291666666667 0.33125 0.13854166666666667 0.0925
2 0.5895833333333333 0.36375 0.12708333333333333 0.07583333333333334
4 0.21744791666666666 0.4379166666666667 0.16822916666666668 0.1075
0 0.029166666666666667 0.44166666666666665 0.058333333333333334 0.1
3 0.7690104166666667 0.3120833333333333 0.1234375 0.0875
2 0.45989583333333334 0.32916666666666666 0.10520833333333333 0.075
0 0.9596354166666666 0.44 0.08072916666666667 0.09666666666666666
2 0.62109375 0.32375 0.10677083333333333 0.06916666666666667
0 0.7317708333333334 0.34791666666666665 0.10729166666666666 0.06416666666666666