15 0.6 0.49166666666666664 0.020833333333333332 0.023333333333333334
15 0.5921875 0.505 0.021875 0.02
15 0.5875 0.5125 0.015625 0.021666666666666667
13 0.55703125 0.5270833333333333 0.033854166666666664 0.035833333333333335
15 0.525 0.5341666666666667 0.017708333333333333 0.025
2 0.7122395833333334 0.4325 0.06510416666666667 0.055
2 0.014322916666666666 0.61375 0.028645833333333332 0.0675
2 0.012239583333333333 0.5895833333333333 0.024479166666666666 0.0675
2 0.13932291666666666 0.5270833333333333 0.0515625 0.0275
2 0.20598958333333334 0.5308333333333334 0.07135416666666666 0.041666666666666664
4 0.24635416666666668 0.46125 0.058333333333333334 0.04416666666666667
3 0.37916666666666665 0.5633333333333334 0.10520833333333333 0.11
15 0.7104166666666667 0.6320833333333333 0.03854166666666667 0.04416666666666667
12 0.9921875 0.45458333333333334 0.015625 0.05583333333333333