11 0.22760416666666666 0.3433333333333333 0.36041666666666666 0.16
0 0.02890625 0.38208333333333333 0.0578125 0.0925
2 0.33229166666666665 0.45208333333333334 0.16041666666666668 0.10416666666666667
0 0.5411458333333333 0.36291666666666667 0.11666666666666667 0.09083333333333334
2 0.5520833333333334 0.4504166666666667 0.09375 0.0975
11 0.7921875 0.4925 0.415625 0.22666666666666666
2 0.7419270833333333 0.35625 0.11614583333333334 0.0725
2 0.7854166666666667 0.31833333333333336 0.11354166666666667 0.07
2 0.88828125 0.3541666666666667 0.11197916666666667 0.04666666666666667
4 0.834375 0.23833333333333334 0.0625 0.02666666666666667
2 0.0640625 0.22416666666666665 0.05520833333333333 0.025