13 0.5671875 0.5225 0.04375 0.03166666666666667
15 0.59140625 0.505 0.030729166666666665 0.02
15 0.6174479166666667 0.4970833333333333 0.021354166666666667 0.014166666666666666
15 0.6674479166666667 0.4820833333333333 0.021354166666666667 0.015833333333333335
15 0.6609375 0.5041666666666667 0.028125 0.015
15 0.6541666666666667 0.5208333333333334 0.022916666666666665 0.028333333333333332
15 0.6661458333333333 0.5279166666666667 0.025 0.0225
15 0.6885416666666667 0.5204166666666666 0.034375 0.025833333333333333
15 0.9239583333333333 0.6975 0.06354166666666666 0.095
5 0.5455729166666666 0.6829166666666666 0.17552083333333332 0.16583333333333333
4 0.4153645833333333 0.52875 0.08385416666666666 0.0825
2 0.2791666666666667 0.62625 0.12291666666666666 0.12916666666666668
2 0.3171875 0.5529166666666666 0.090625 0.09083333333333334
2 0.16484375 0.6408333333333334 0.13385416666666666 0.12333333333333334
2 0.036458333333333336 0.7666666666666667 0.07291666666666667 0.20833333333333334
4 0.18125 0.5245833333333333 0.084375 0.06916666666666667
4 0.015625 0.61 0.03125 0.06166666666666667
2 0.13125 0.53375 0.03854166666666667 0.035833333333333335
4 0.22265625 0.4766666666666667 0.0546875 0.02
4 0.7369791666666666 0.41583333333333333 0.0625 0.04
2 0.9932291666666667 0.4633333333333333 0.013541666666666667 0.06166666666666667
15 0.3515625 0.4820833333333333 0.021875 0.010833333333333334
15 0.32369791666666664 0.47375 0.011979166666666667 0.010833333333333334