5 0.37213541666666666 0.5641666666666667 0.1015625 0.11
4 0.209375 0.6754166666666667 0.13645833333333332 0.13916666666666666
2 0.023697916666666666 0.8504166666666667 0.04739583333333333 0.24083333333333334
2 0.3020833333333333 0.5629166666666666 0.09583333333333334 0.0875
3 0.20364583333333333 0.5129166666666667 0.096875 0.07416666666666667
15 0.5828125 0.49 0.011458333333333333 0.015
15 0.5671875 0.5120833333333333 0.025 0.0275
15 0.52890625 0.52125 0.03177083333333333 0.025833333333333333
15 0.5151041666666667 0.5258333333333334 0.016666666666666666 0.018333333333333333
2 0.13151041666666666 0.56375 0.011979166666666667 0.009166666666666667
2 0.12682291666666667 0.54625 0.009895833333333333 0.0075