2 0.3416666666666667 0.58875 0.10729166666666666 0.11583333333333333
4 0.29635416666666664 0.5683333333333334 0.09895833333333333 0.09333333333333334
2 0.13828125 0.73 0.1828125 0.18333333333333332
4 0.13567708333333334 0.6629166666666667 0.1421875 0.12916666666666668
2 0.0036458333333333334 0.8108333333333333 0.007291666666666667 0.20666666666666667
2 0.7354166666666667 0.6570833333333334 0.14791666666666667 0.11416666666666667
4 0.8875 0.57375 0.13854166666666667 0.10583333333333333
2 0.6627604166666666 0.4483333333333333 0.05572916666666667 0.03166666666666667
4 0.24166666666666667 0.50625 0.06979166666666667 0.060833333333333336
2 0.16614583333333333 0.5216666666666666 0.08229166666666667 0.065
2 0.0 0.6329166666666667 0.0 0.1025
2 0.0 0.68375 0.0 0.0925
2 0.0 0.8554166666666667 0.0 0.2125
2 0.26145833333333335 0.7679166666666667 0.1125 0.0875
2 0.0 0.6420833333333333 0.0 0.0975
2 0.0 0.9954166666666666 0.0 0.009166666666666667
2 0.0 0.7704166666666666 0.0 0.18416666666666667
2 0.0 0.95625 0.0 0.0875
2 0.0 1.0 0.0 0.0
15 0.66015625 0.6658333333333334 0.0609375 0.06
15 0.5981770833333333 0.5491666666666667 0.0296875 0.016666666666666666
15 0.6747395833333333 0.49833333333333335 0.0140625 0.016666666666666666
2 1.0 0.44875 0.0 0.025833333333333333
2 1.0 0.46791666666666665 0.0 0.06916666666666667
2 1.0 0.48125 0.0 0.0825
2 1.0 0.515 0.0 0.06833333333333333
2 1.0 0.5279166666666667 0.0 0.15916666666666668