2 0.9705729166666667 0.4525 0.058854166666666666 0.065
15 0.61484375 0.49083333333333334 0.0234375 0.021666666666666667
15 0.5903645833333333 0.5116666666666667 0.018229166666666668 0.018333333333333333
15 0.5986979166666667 0.5045833333333334 0.0234375 0.019166666666666665
3 0.4375 0.7270833333333333 0.18541666666666667 0.18416666666666667
2 0.25885416666666666 0.5904166666666667 0.10520833333333333 0.1025
2 0.05572916666666667 0.74125 0.11145833333333334 0.1925
6 0.030729166666666665 0.8454166666666667 0.06145833333333333 0.26916666666666667
6 0.22630208333333332 0.50375 0.0859375 0.07083333333333333
0 0.15364583333333334 0.52375 0.07708333333333334 0.050833333333333335
2 0.15703125 0.5620833333333334 0.0203125 0.015833333333333335
2 0.3190104166666667 0.4425 0.05260416666666667 0.03833333333333333