3 0.39765625 0.5583333333333333 0.10885416666666667 0.10333333333333333
2 0.30520833333333336 0.57 0.09479166666666666 0.09
3 0.21614583333333334 0.6641666666666667 0.16458333333333333 0.165
2 0.021875 0.8425 0.04375 0.21833333333333332
2 0.09583333333333334 0.6933333333333334 0.128125 0.135
1 0.17083333333333334 0.5358333333333334 0.071875 0.06333333333333334
4 0.016666666666666666 0.6325 0.03333333333333333 0.095
2 0.8934895833333333 0.5716666666666667 0.1453125 0.09666666666666666
2 0.9427083333333334 0.5004166666666666 0.11458333333333333 0.08583333333333333
15 0.5721354166666667 0.5504166666666667 0.030729166666666665 0.030833333333333334
15 0.5841145833333333 0.5104166666666666 0.022395833333333334 0.020833333333333332
15 0.475 0.48375 0.019791666666666666 0.025833333333333333
15 0.41901041666666666 0.44666666666666666 0.0109375 0.013333333333333334
15 0.41171875 0.44625 0.008854166666666666 0.0075
15 0.7484375 0.6679166666666667 0.0375 0.0675