1 0.82734375 0.3104166666666667 0.0828125 0.05583333333333333
2 0.7005208333333334 0.3229166666666667 0.10208333333333333 0.04416666666666667
1 0.4901041666666667 0.32416666666666666 0.07708333333333334 0.06666666666666667
4 0.32578125 0.3283333333333333 0.10260416666666666 0.07833333333333334
2 0.1703125 0.3433333333333333 0.128125 0.075
2 0.5817708333333333 0.5291666666666667 0.1875 0.135
11 0.9127604166666666 0.48875 0.17447916666666666 0.2225
2 0.8440104166666667 0.3525 0.12239583333333333 0.07166666666666667
1 0.67421875 0.34291666666666665 0.09427083333333333 0.07083333333333333
2 0.4484375 0.3675 0.12291666666666666 0.09
2 0.8528645833333334 0.24833333333333332 0.008854166666666666 0.0016666666666666668