2 0.3984375 0.5525 0.09166666666666666 0.09166666666666666
2 0.28828125 0.5679166666666666 0.1015625 0.0975
2 0.13854166666666667 0.65875 0.14375 0.1325
2 0.7916666666666666 0.6458333333333334 0.159375 0.12333333333333334
2 0.9473958333333333 0.5929166666666666 0.10520833333333333 0.10083333333333333
2 0.1671875 0.5391666666666667 0.1 0.08
3 0.013020833333333334 0.7975 0.026041666666666668 0.27666666666666667
15 0.63125 0.4979166666666667 0.016666666666666666 0.0175
15 0.5403645833333334 0.5345833333333333 0.0265625 0.0225
13 0.5736979166666667 0.5370833333333334 0.0453125 0.035833333333333335
15 0.7184895833333333 0.5129166666666667 0.0265625 0.0225
2 0.94765625 0.45208333333333334 0.1015625 0.07083333333333333
15 0.65234375 0.6825 0.0484375 0.035
2 0.0078125 0.6345833333333334 0.015625 0.06583333333333333
2 0.004427083333333333 0.605 0.008854166666666666 0.07333333333333333