4 0.6442708333333333 0.52375 0.17291666666666666 0.1425
4 0.8877604166666667 0.5179166666666667 0.22447916666666667 0.14583333333333334
2 0.5481770833333334 0.44416666666666665 0.15052083333333333 0.1
3 0.771875 0.43875 0.18333333333333332 0.1125
2 0.9578125 0.4479166666666667 0.084375 0.0975
2 1.0 0.5345833333333333 0.0 0.13416666666666666
2 0.5895833333333333 0.36833333333333335 0.125 0.08
2 0.7299479166666667 0.35541666666666666 0.1109375 0.06916666666666667
3 0.9127604166666666 0.33416666666666667 0.14947916666666666 0.09166666666666666
3 0.7692708333333333 0.3129166666666667 0.12291666666666666 0.08583333333333333
12 0.65 0.28541666666666665 0.10416666666666667 0.07416666666666667
2 0.2513020833333333 0.33958333333333335 0.1234375 0.08083333333333333