5 0.8265625 0.5045833333333334 0.24375 0.1575
2 0.9697916666666667 0.5216666666666666 0.06041666666666667 0.14
4 0.5854166666666667 0.32166666666666666 0.09479166666666666 0.07
13 0.7153645833333333 0.35375 0.05572916666666667 0.0375
2 0.75625 0.31916666666666665 0.103125 0.07333333333333333
2 0.8096354166666667 0.3475 0.12760416666666666 0.07166666666666667
4 0.87265625 0.3104166666666667 0.0734375 0.059166666666666666
2 0.9395833333333333 0.34125 0.05625 0.07083333333333333
2 0.7888020833333333 0.2833333333333333 0.06822916666666666 0.07
4 0.3770833333333333 0.32875 0.10833333333333334 0.07916666666666666
15 0.0 0.8395833333333333 0.0 0.05583333333333333
2 0.21380208333333334 0.24125 0.08489583333333334 0.029166666666666667