6 0.015104166666666667 0.5704166666666667 0.030208333333333334 0.06916666666666667
2 0.10911458333333333 0.5545833333333333 0.1171875 0.0675
11 0.09114583333333333 0.69875 0.18229166666666666 0.23416666666666666
4 0.22421875 0.5825 0.1203125 0.08166666666666667
2 0.24453125 0.5483333333333333 0.10677083333333333 0.07
2 0.2955729166666667 0.7275 0.18489583333333334 0.13166666666666665
2 0.5888020833333333 0.7316666666666667 0.15052083333333333 0.125
6 0.3919270833333333 0.5266666666666666 0.1078125 0.07833333333333334
4 0.8432291666666667 0.7329166666666667 0.2125 0.14583333333333334
2 0.70234375 0.6533333333333333 0.1515625 0.10166666666666667
3 0.6153645833333333 0.5658333333333333 0.1140625 0.08333333333333333
2 0.5440104166666667 0.54125 0.08697916666666666 0.06416666666666666
2 0.8875 0.6520833333333333 0.15729166666666666 0.09416666666666666
4 0.7536458333333333 0.565 0.09895833333333333 0.07
4 0.68125 0.5345833333333333 0.09479166666666666 0.06583333333333333
2 0.884375 0.55875 0.09895833333333333 0.06416666666666666
2 0.7768229166666667 0.53375 0.08489583333333334 0.05583333333333333
4 0.4557291666666667 0.55125 0.090625 0.04083333333333333
6 0.4578125 0.6233333333333333 0.18645833333333334 0.12