13 0.8442708333333333 0.7008333333333333 0.09270833333333334 0.095
13 0.8708333333333333 0.5325 0.04791666666666667 0.058333333333333334
15 0.7270833333333333 0.49666666666666665 0.025 0.02
15 0.65390625 0.4820833333333333 0.018229166666666668 0.0225
15 0.6096354166666667 0.5133333333333333 0.015104166666666667 0.023333333333333334
15 0.5208333333333334 0.46958333333333335 0.017708333333333333 0.015833333333333335
15 0.5020833333333333 0.46875 0.015625 0.015833333333333335
15 0.4825520833333333 0.46166666666666667 0.0109375 0.02
15 0.4890625 0.4979166666666667 0.023958333333333335 0.019166666666666665
15 0.5658854166666667 0.53625 0.034895833333333334 0.030833333333333334
15 0.5255208333333333 0.5416666666666666 0.022916666666666665 0.021666666666666667
15 0.46848958333333335 0.5404166666666667 0.019270833333333334 0.0175
15 0.3880208333333333 0.4691666666666667 0.019791666666666666 0.018333333333333333
2 0.9697916666666667 0.48083333333333333 0.06041666666666667 0.08333333333333333
4 0.7638020833333333 0.48041666666666666 0.09635416666666667 0.06916666666666667
4 0.721875 0.45208333333333334 0.08020833333333334 0.05416666666666667
4 0.684375 0.4266666666666667 0.0375 0.015
4 0.53046875 0.41875 0.04114583333333333 0.034166666666666665
2 0.35546875 0.58125 0.0984375 0.09583333333333334
0 0.20442708333333334 0.67125 0.11822916666666666 0.1275
2 0.04791666666666667 0.8308333333333333 0.09583333333333334 0.24666666666666667
2 0.27734375 0.57625 0.11822916666666666 0.11083333333333334
2 0.1 0.6820833333333334 0.16875 0.14916666666666667
2 0.23489583333333333 0.505 0.07395833333333333 0.06
0 0.1453125 0.5541666666666667 0.06666666666666667 0.058333333333333334
2 0.01796875 0.6358333333333334 0.0359375 0.1
15 0.7364583333333333 0.4970833333333333 0.025 0.019166666666666665
15 0.48125 0.4975 0.023958333333333335 0.02
15 0.5119791666666667 0.46208333333333335 0.011458333333333333 0.014166666666666666