13 0.9010416666666666 0.9666666666666667 0.14791666666666667 0.06666666666666667
2 0.990625 0.9916666666666667 0.01875 0.016666666666666666
4 0.8802083333333334 0.7329166666666667 0.20416666666666666 0.1425
4 0.6033854166666667 0.7345833333333334 0.17239583333333333 0.1425
2 0.221875 0.7295833333333334 0.18645833333333334 0.1325
2 0.018489583333333334 0.7245833333333334 0.03697916666666667 0.13416666666666666
2 0.11640625 0.6479166666666667 0.1609375 0.1075
4 0.31744791666666666 0.6483333333333333 0.1390625 0.10166666666666667
2 0.55078125 0.6516666666666666 0.14739583333333334 0.095
2 0.146875 0.59625 0.14166666666666666 0.0875
4 0.32473958333333336 0.5766666666666667 0.1109375 0.08333333333333333
0 0.48151041666666666 0.57625 0.0796875 0.07583333333333334
2 0.63828125 0.5745833333333333 0.1046875 0.060833333333333336
4 0.7997395833333333 0.5583333333333333 0.10572916666666667 0.06666666666666667
2 0.75703125 0.65625 0.1609375 0.09583333333333334
2 0.92578125 0.6454166666666666 0.1484375 0.10083333333333333
0 0.20208333333333334 0.55 0.10208333333333333 0.06333333333333334
2 0.05390625 0.5566666666666666 0.1078125 0.075
0 0.037760416666666664 0.5879166666666666 0.07552083333333333 0.07916666666666666
2 0.33359375 0.545 0.10885416666666667 0.06333333333333334
2 0.4708333333333333 0.5458333333333333 0.09479166666666666 0.065
2 0.62890625 0.5379166666666667 0.08802083333333334 0.059166666666666666
4 0.53671875 0.5220833333333333 0.08177083333333333 0.04083333333333333
4 0.8372395833333334 0.53 0.0890625 0.06166666666666667
2 0.6776041666666667 0.47625 0.022916666666666665 0.0075
2 0.00234375 0.6566666666666666 0.0046875 0.09