2 0.196875 0.6791666666666667 0.15833333333333333 0.16666666666666666
6 0.12760416666666666 0.64375 0.22083333333333333 0.19416666666666665
2 0.4484375 0.5216666666666666 0.07708333333333334 0.07833333333333334
2 0.50859375 0.4554166666666667 0.05572916666666667 0.0625
4 0.61171875 0.4379166666666667 0.0067708333333333336 0.0375
4 0.21744791666666666 0.51125 0.07864583333333333 0.06583333333333333
4 0.17057291666666666 0.51375 0.034895833333333334 0.04583333333333333
5 0.134375 0.5433333333333333 0.041666666666666664 0.025
2 0.016666666666666666 0.6333333333333333 0.03333333333333333 0.10166666666666667
15 0.9817708333333334 0.7495833333333334 0.036458333333333336 0.0725
15 0.9708333333333333 0.7291666666666666 0.058333333333333334 0.07
6 0.17161458333333332 0.4225 0.0578125 0.04
15 0.865625 0.415 0.016666666666666666 0.011666666666666667
15 0.9197916666666667 0.4191666666666667 0.03229166666666667 0.021666666666666667
15 0.8463541666666666 0.41625 0.015625 0.010833333333333334
15 0.8953125 0.4116666666666667 0.016666666666666666 0.008333333333333333