13 0.9322916666666666 0.7691666666666667 0.13541666666666666 0.12
2 1.0 0.8541666666666666 0.0 0.23
0 0.5044270833333333 0.3641666666666667 0.08802083333333334 0.08333333333333333
2 0.6747395833333333 0.3620833333333333 0.11614583333333334 0.0675
4 0.83125 0.34541666666666665 0.11666666666666667 0.07583333333333334
0 0.9372395833333333 0.3458333333333333 0.0515625 0.06333333333333334
4 0.33515625 0.36541666666666667 0.11927083333333334 0.08916666666666667
2 0.146875 0.3858333333333333 0.15520833333333334 0.095
0 0.035416666666666666 0.38 0.07083333333333333 0.08166666666666667
2 0.034375 0.3475 0.06875 0.07
2 0.15651041666666668 0.33916666666666667 0.11822916666666666 0.075
2 0.3203125 0.32625 0.11770833333333333 0.0725
2 0.49166666666666664 0.33166666666666667 0.10520833333333333 0.07166666666666667
2 0.6609375 0.32375 0.1 0.06583333333333333
4 0.8630208333333333 0.30875 0.1125 0.0725
4 0.5515625 0.30625 0.09270833333333334 0.0525
2 0.7934895833333333 0.445 0.1765625 0.10333333333333333
2 0.9458333333333333 0.4354166666666667 0.10833333333333334 0.1025
2 0.5653645833333333 0.44083333333333335 0.15572916666666667 0.09833333333333333
4 0.29739583333333336 0.43666666666666665 0.14791666666666667 0.11333333333333333
2 0.09557291666666666 0.44333333333333336 0.17760416666666667 0.1
2 0.0 0.44958333333333333 0.0 0.0975
4 0.6419270833333334 0.5225 0.1859375 0.14166666666666666
4 0.9075520833333334 0.5208333333333334 0.18489583333333334 0.14666666666666667
2 0.24375 0.5204166666666666 0.19166666666666668 0.13416666666666666