11 0.88515625 0.49416666666666664 0.2296875 0.22166666666666668
2 0.8799479166666667 0.34125 0.12239583333333333 0.08583333333333333
6 0.84765625 0.28875 0.13177083333333334 0.07916666666666666
2 0.6848958333333334 0.35625 0.128125 0.08416666666666667
4 0.6598958333333333 0.30875 0.11458333333333333 0.07916666666666666
6 0.2520833333333333 0.47333333333333333 0.290625 0.21166666666666667
4 0.5265625 0.35791666666666666 0.115625 0.08916666666666667
13 0.4122395833333333 0.35375 0.0453125 0.0425
11 0.5838541666666667 0.6104166666666667 0.5041666666666667 0.2875
1 0.0 0.62 0.0 0.14833333333333334
2 0.019270833333333334 0.52875 0.03854166666666667 0.11916666666666667
2 0.6955729166666667 0.2579166666666667 0.0067708333333333336 0.0025