15 0.6 0.49166666666666664 0.019791666666666666 0.023333333333333334
15 0.59140625 0.5058333333333334 0.0234375 0.023333333333333334
15 0.58671875 0.505 0.0078125 0.013333333333333334
13 0.559375 0.52625 0.03333333333333333 0.04416666666666667
15 0.5239583333333333 0.5341666666666667 0.020833333333333332 0.023333333333333334
15 0.5895833333333333 0.5491666666666667 0.028125 0.025
2 0.9971354166666667 0.4979166666666667 0.005729166666666666 0.07416666666666667
12 0.990625 0.45125 0.01875 0.0575
3 0.37994791666666666 0.5633333333333334 0.10572916666666667 0.10833333333333334
2 0.015104166666666667 0.61875 0.030208333333333334 0.0525
2 0.012239583333333333 0.5895833333333333 0.024479166666666666 0.0675
2 0.14270833333333333 0.49375 0.014583333333333334 0.005833333333333334
2 0.20625 0.53125 0.071875 0.03916666666666667
2 0.1390625 0.5275 0.052083333333333336 0.02666666666666667
2 0.3182291666666667 0.44083333333333335 0.05416666666666667 0.02666666666666667