13 0.83984375 0.4170833333333333 0.013020833333333334 0.004166666666666667
15 0.7791666666666667 0.4475 0.028125 0.016666666666666666
15 0.8505208333333333 0.45125 0.016666666666666666 0.014166666666666666
15 0.77890625 0.41333333333333333 0.0015625 0.01
15 0.84140625 0.43375 0.015104166666666667 0.0125
2 0.5114583333333333 0.41083333333333333 0.0010416666666666667 0.025
2 0.5260416666666666 0.49291666666666667 0.065625 0.0625
3 0.5046875 0.45958333333333334 0.06666666666666667 0.059166666666666666
4 0.3046875 0.6091666666666666 0.12395833333333334 0.12666666666666668
5 0.26171875 0.5829166666666666 0.10885416666666667 0.1025
0 0.06380208333333333 0.7916666666666666 0.12760416666666666 0.205
2 0.016145833333333335 0.63 0.03229166666666667 0.08333333333333333
4 0.24713541666666666 0.49083333333333334 0.07135416666666666 0.058333333333333334
1 0.4049479166666667 0.42875 0.027604166666666666 0.029166666666666667
2 0.37395833333333334 0.42333333333333334 0.023958333333333335 0.013333333333333334
2 0.24869791666666666 0.46791666666666665 0.050520833333333334 0.0425
15 0.35260416666666666 0.4825 0.016666666666666666 0.015
15 0.32526041666666666 0.4741666666666667 0.0109375 0.01