4 0.35182291666666665 0.5845833333333333 0.10052083333333334 0.1025
0 0.3067708333333333 0.5654166666666667 0.075 0.07916666666666666
3 0.16484375 0.6925 0.18385416666666668 0.17833333333333334
2 0.15208333333333332 0.6491666666666667 0.15104166666666666 0.13833333333333334
4 0.22005208333333334 0.5141666666666667 0.07135416666666666 0.065
15 0.5924479166666666 0.535 0.011979166666666667 0.025
2 0.009375 0.5508333333333333 0.01875 0.07333333333333333
1 0.19583333333333333 0.4920833333333333 0.053125 0.020833333333333332
1 0.3875 0.44208333333333333 0.041666666666666664 0.034166666666666665
2 0.5380208333333333 0.435 0.057291666666666664 0.028333333333333332
1 0.7453125 0.43166666666666664 0.06145833333333333 0.045
2 0.9145833333333333 0.4479166666666667 0.09791666666666667 0.0275
10 0.72734375 0.3983333333333333 0.09635416666666667 0.05
2 0.9809895833333333 0.4404166666666667 0.03802083333333333 0.06916666666666667