11 0.17786458333333333 0.6845833333333333 0.35572916666666665 0.3491666666666667
2 0.3893229166666667 0.5566666666666666 0.0796875 0.08333333333333333
2 0.32864583333333336 0.5579166666666666 0.03333333333333333 0.034166666666666665
15 0.54609375 0.5216666666666666 0.033854166666666664 0.03166666666666667
15 0.60546875 0.49041666666666667 0.028645833333333332 0.0175
4 0.22291666666666668 0.4891666666666667 0.06145833333333333 0.051666666666666666
2 0.13489583333333333 0.5391666666666667 0.0375 0.028333333333333332
4 0.190625 0.535 0.08229166666666667 0.07
2 0.015885416666666666 0.6120833333333333 0.03177083333333333 0.06916666666666667
6 0.6434895833333333 0.4175 0.07552083333333333 0.051666666666666666
2 0.9125 0.4379166666666667 0.09583333333333334 0.04583333333333333
4 0.9768229166666667 0.45458333333333334 0.04635416666666667 0.035833333333333335
11 1.0 0.5091666666666667 0.0 0.27166666666666667
2 1.0 0.55 0.0 0.12166666666666667
15 1.0 0.7629166666666667 0.0 0.10083333333333333
15 1.0 0.7679166666666667 0.0 0.08416666666666667