4 0.37213541666666666 0.5591666666666667 0.09427083333333333 0.1
2 0.22291666666666668 0.6604166666666667 0.14791666666666667 0.14916666666666667
4 0.29609375 0.5566666666666666 0.09114583333333333 0.09
5 0.21041666666666667 0.5104166666666666 0.07083333333333333 0.059166666666666666
2 0.13645833333333332 0.5375 0.057291666666666664 0.06666666666666667
2 0.006510416666666667 0.61875 0.013020833333333334 0.11083333333333334
15 0.5661458333333333 0.535 0.028125 0.02666666666666667
15 0.5424479166666667 0.52875 0.0234375 0.025833333333333333
15 0.5822916666666667 0.5125 0.023958333333333335 0.02
15 0.61484375 0.4975 0.024479166666666666 0.018333333333333333
15 0.61328125 0.5254166666666666 0.0265625 0.029166666666666667
2 0.47760416666666666 0.38083333333333336 0.021875 0.02666666666666667
2 0.66875 0.4270833333333333 0.06354166666666666 0.04083333333333333
3 0.7697916666666667 0.40375 0.07916666666666666 0.0525
4 0.95625 0.455 0.0875 0.065