2 0.39765625 0.5579166666666666 0.09010416666666667 0.09083333333333334
4 0.33125 0.5429166666666667 0.07916666666666666 0.08083333333333333
4 0.16276041666666666 0.6358333333333334 0.15260416666666668 0.13833333333333334
2 0.19791666666666666 0.6845833333333333 0.14375 0.14083333333333334
2 0.03359375 0.8383333333333334 0.0671875 0.21833333333333332
2 0.03046875 0.7775 0.0609375 0.215
2 0.18802083333333333 0.5245833333333333 0.08541666666666667 0.0725
2 0.14296875 0.5254166666666666 0.07135416666666666 0.05583333333333333
2 0.019791666666666666 0.5995833333333334 0.025 0.0475
2 0.9161458333333333 0.5804166666666667 0.14895833333333333 0.0975
11 0.7158854166666667 0.45708333333333334 0.20677083333333332 0.1175
15 0.65625 0.4891666666666667 0.03229166666666667 0.018333333333333333
15 0.52734375 0.54125 0.022395833333333334 0.020833333333333332
15 0.6609375 0.4666666666666667 0.019791666666666666 0.013333333333333334
2 0.009895833333333333 0.60625 0.019791666666666666 0.0975