15 0.86328125 0.425 0.033854166666666664 0.02
15 0.7729166666666667 0.4379166666666667 0.013541666666666667 0.014166666666666666
15 0.6533854166666667 0.535 0.03802083333333333 0.035
0 0.6723958333333333 0.41833333333333333 0.041666666666666664 0.035
2 0.625 0.41583333333333333 0.04583333333333333 0.035
13 0.928125 0.4379166666666667 0.03958333333333333 0.030833333333333334
2 0.9955729166666667 0.46291666666666664 0.008854166666666666 0.03916666666666667
9 0.9859375 0.4275 0.028125 0.1
2 0.9645833333333333 0.4245833333333333 0.029166666666666667 0.010833333333333334
2 0.5278645833333333 0.47791666666666666 0.049479166666666664 0.04416666666666667
4 0.35651041666666666 0.5808333333333333 0.09947916666666666 0.10666666666666667
2 0.38359375 0.5141666666666667 0.08072916666666667 0.07666666666666666
2 0.29348958333333336 0.4791666666666667 0.05677083333333333 0.043333333333333335
3 0.225 0.485 0.06041666666666667 0.06166666666666667
15 0.8028645833333333 0.43583333333333335 0.016145833333333335 0.013333333333333334