0 0.39791666666666664 0.55625 0.06875 0.08083333333333333
2 0.2518229166666667 0.6441666666666667 0.13489583333333333 0.13333333333333333
2 0.08645833333333333 0.78875 0.17291666666666666 0.22583333333333333
4 0.32526041666666666 0.5508333333333333 0.09739583333333333 0.09333333333333334
2 0.15677083333333333 0.655 0.13020833333333334 0.12833333333333333
4 0.023958333333333335 0.7875 0.04791666666666667 0.23833333333333334
5 0.18880208333333334 0.5208333333333334 0.10052083333333334 0.08
2 0.023177083333333334 0.6125 0.03177083333333333 0.051666666666666666
2 0.1328125 0.5404166666666667 0.036458333333333336 0.03916666666666667
2 0.019010416666666665 0.5991666666666666 0.03802083333333333 0.08666666666666667
4 0.0 0.615 0.0 0.09666666666666666
11 0.32265625 0.4295833333333333 0.10885416666666667 0.0625
6 0.7708333333333334 0.4125 0.0875 0.055
2 1.0 0.47833333333333333 0.0 0.09666666666666666
4 0.9348958333333334 0.42833333333333334 0.08958333333333333 0.06333333333333334
15 0.5869791666666667 0.52125 0.03125 0.025833333333333333
15 0.6098958333333333 0.4975 0.015625 0.018333333333333333
15 0.7354166666666667 0.5041666666666667 0.014583333333333334 0.018333333333333333
15 0.6864583333333333 0.6083333333333333 0.03958333333333333 0.041666666666666664
15 0.63203125 0.62125 0.050520833333333334 0.05416666666666667