4 0.19583333333333333 0.6770833333333334 0.15833333333333333 0.1575
2 0.17057291666666666 0.5404166666666667 0.07552083333333333 0.060833333333333336
2 0.015885416666666666 0.63875 0.03177083333333333 0.11583333333333333
2 0.13411458333333334 0.5275 0.0546875 0.058333333333333334
4 0.7294270833333333 0.43833333333333335 0.0671875 0.055
13 0.6481770833333333 0.4220833333333333 0.0109375 0.005833333333333334
13 0.9307291666666667 0.42833333333333334 0.04479166666666667 0.025
15 0.5760416666666667 0.5941666666666666 0.036458333333333336 0.03166666666666667
15 0.5786458333333333 0.51375 0.022916666666666665 0.030833333333333334
15 0.5572916666666666 0.5266666666666666 0.019791666666666666 0.018333333333333333
15 0.62890625 0.4979166666666667 0.016145833333333335 0.025833333333333333
15 0.5971354166666667 0.5120833333333333 0.021354166666666667 0.015833333333333335