1 0.39140625 0.56125 0.08489583333333334 0.09083333333333334
4 0.31145833333333334 0.5608333333333333 0.096875 0.09833333333333333
2 0.2604166666666667 0.6458333333333334 0.146875 0.15
4 0.0640625 0.7175 0.128125 0.17
2 0.0 0.8929166666666667 0.0 0.21416666666666667
13 0.11822916666666666 0.7425 0.09895833333333333 0.10166666666666667
0 0.21744791666666666 0.51375 0.07135416666666666 0.060833333333333336
2 0.12786458333333334 0.54625 0.013020833333333334 0.010833333333333334
15 0.5614583333333333 0.5170833333333333 0.028125 0.024166666666666666
15 0.6114583333333333 0.4979166666666667 0.021875 0.034166666666666665
13 0.6731770833333334 0.4975 0.030729166666666665 0.028333333333333332