4 0.7958333333333333 0.6133333333333333 0.15520833333333334 0.11
4 0.3140625 0.7475 0.2 0.185
1 0.38619791666666664 0.55875 0.07864583333333333 0.09416666666666666
2 0.0796875 0.7833333333333333 0.159375 0.22
2 0.40546875 0.42375 0.04739583333333333 0.049166666666666664
2 0.29661458333333335 0.4554166666666667 0.05364583333333333 0.0475
2 0.19947916666666668 0.5229166666666667 0.08020833333333334 0.06916666666666667
2 0.12864583333333332 0.53875 0.036458333333333336 0.0425
13 0.0 0.9508333333333333 0.0 0.09833333333333333
2 0.13854166666666667 0.485 0.04791666666666667 0.02666666666666667
1 0.6541666666666667 0.41375 0.03333333333333333 0.020833333333333332
15 0.7315104166666667 0.465 0.027604166666666666 0.02
15 0.7661458333333333 0.45458333333333334 0.015625 0.014166666666666666
15 0.8111979166666666 0.4191666666666667 0.016145833333333335 0.015
15 0.821875 0.4191666666666667 0.016666666666666666 0.013333333333333334
15 0.9302083333333333 0.4270833333333333 0.020833333333333332 0.0175
15 0.9809895833333333 0.42375 0.0171875 0.0125