2 0.36276041666666664 0.58125 0.0984375 0.09916666666666667
2 0.29583333333333334 0.5691666666666667 0.10416666666666667 0.105
4 0.19375 0.5233333333333333 0.08645833333333333 0.07166666666666667
2 0.13723958333333333 0.5304166666666666 0.04635416666666667 0.05416666666666667
2 0.20625 0.6833333333333333 0.14375 0.15166666666666667
4 0.09635416666666667 0.6791666666666667 0.15625 0.15333333333333332
15 0.5424479166666667 0.5345833333333333 0.0296875 0.0225
15 0.57734375 0.5129166666666667 0.018229166666666668 0.019166666666666665
15 0.5872395833333334 0.5058333333333334 0.033854166666666664 0.023333333333333334
15 0.61328125 0.49625 0.0234375 0.0175
15 0.6661458333333333 0.5158333333333334 0.025 0.023333333333333334
15 0.5239583333333333 0.65625 0.058333333333333334 0.050833333333333335
6 0.33255208333333336 0.7333333333333333 0.22239583333333332 0.22