4 0.35651041666666666 0.5754166666666667 0.08802083333333334 0.09416666666666666
0 0.3104166666666667 0.5533333333333333 0.103125 0.09666666666666666
4 0.084375 0.6954166666666667 0.16875 0.16583333333333333
2 0.18541666666666667 0.52625 0.07083333333333333 0.0625
4 0.021614583333333333 0.6095833333333334 0.043229166666666666 0.08083333333333333
2 1.0 0.64 0.0 0.22833333333333333
2 1.0 0.58125 0.0 0.15583333333333332
2 0.7815104166666667 0.44333333333333336 0.07864583333333333 0.056666666666666664
2 0.6385416666666667 0.43291666666666667 0.046875 0.049166666666666664
4 0.008333333333333333 0.5429166666666667 0.016666666666666666 0.0525
4 0.16015625 0.47541666666666665 0.06302083333333333 0.04583333333333333
15 0.53984375 0.71375 0.05677083333333333 0.050833333333333335
15 0.49921875 0.7041666666666667 0.0484375 0.04666666666666667
15 0.5143229166666666 0.7229166666666667 0.05677083333333333 0.0625
15 0.55 0.51875 0.023958333333333335 0.019166666666666665
15 0.6018229166666667 0.49125 0.024479166666666666 0.020833333333333332
15 0.6486979166666667 0.4970833333333333 0.019270833333333334 0.019166666666666665
15 0.6567708333333333 0.4975 0.016666666666666666 0.02
15 0.6421875 0.48875 0.023958333333333335 0.025833333333333333