4 0.5333333333333333 0.48625 0.065625 0.0625
2 0.48203125 0.4533333333333333 0.04739583333333333 0.05333333333333334
2 0.284375 0.5654166666666667 0.1 0.0975
2 0.0390625 0.7754166666666666 0.078125 0.21083333333333334
4 0.39114583333333336 0.43166666666666664 0.042708333333333334 0.03833333333333333
2 0.24427083333333333 0.4791666666666667 0.011458333333333333 0.006666666666666667
5 0.20390625 0.5045833333333334 0.1015625 0.0825
2 0.01875 0.5866666666666667 0.0375 0.058333333333333334
2 0.9755208333333333 0.455 0.04895833333333333 0.06666666666666667
15 0.7859375 0.4625 0.03125 0.023333333333333334
15 0.72890625 0.4558333333333333 0.015104166666666667 0.016666666666666666
2 0.20078125 0.6866666666666666 0.16510416666666666 0.17
2 1.0 0.895 0.0 0.17
15 0.9015625 0.41125 0.017708333333333333 0.015833333333333335