4 0.29635416666666664 0.5595833333333333 0.09166666666666666 0.09083333333333334
4 0.11666666666666667 0.6616666666666666 0.15104166666666666 0.13666666666666666
4 0.37265625 0.5608333333333333 0.0890625 0.09666666666666666
2 0.22291666666666668 0.6616666666666666 0.14479166666666668 0.145
6 0.20833333333333334 0.5045833333333334 0.07083333333333333 0.059166666666666666
2 0.5645833333333333 0.4325 0.053125 0.011666666666666667
15 0.646875 0.48291666666666666 0.021875 0.015833333333333335
15 0.5864583333333333 0.5120833333333333 0.01875 0.015833333333333335
15 0.54296875 0.5275 0.018229166666666668 0.025
15 0.5627604166666667 0.5125 0.0203125 0.015
2 0.003125 0.8520833333333333 0.00625 0.21916666666666668
2 0.13567708333333334 0.5391666666666667 0.05364583333333333 0.055
2 0.012760416666666666 0.61375 0.025520833333333333 0.10416666666666667
11 0.9723958333333333 0.3875 0.05520833333333333 0.08166666666666667