0 0.39817708333333335 0.55625 0.06927083333333334 0.07916666666666666
2 0.25104166666666666 0.6466666666666666 0.13645833333333332 0.13666666666666666
2 0.07864583333333333 0.8066666666666666 0.15729166666666666 0.25166666666666665
4 0.325 0.5504166666666667 0.09791666666666667 0.0925
2 0.15729166666666666 0.6558333333333334 0.13020833333333334 0.12666666666666668
2 0.020052083333333335 0.7866666666666666 0.04010416666666667 0.23333333333333334
5 0.18932291666666667 0.5204166666666666 0.10052083333333334 0.07916666666666666
2 0.13411458333333334 0.54 0.03177083333333333 0.03833333333333333
2 0.019010416666666665 0.5995833333333334 0.03802083333333333 0.08583333333333333
4 1.0 0.5504166666666667 0.0 0.11916666666666667
2 0.79765625 0.46041666666666664 0.08802083333333334 0.06583333333333333
2 0.6072916666666667 0.4345833333333333 0.029166666666666667 0.035833333333333335
2 0.9395833333333333 0.59375 0.12083333333333333 0.0925
15 0.6078125 0.4970833333333333 0.011458333333333333 0.0175
15 0.5921875 0.52125 0.021875 0.024166666666666666
15 0.6260416666666667 0.5641666666666667 0.03333333333333333 0.03
5 0.0 0.69125 0.0 0.15583333333333332
3 0.2546875 0.44875 0.05416666666666667 0.04583333333333333
2 0.02421875 0.6104166666666667 0.0359375 0.050833333333333335
15 0.6739583333333333 0.5283333333333333 0.022916666666666665 0.02666666666666667