15 0.7864583333333334 0.44583333333333336 0.030208333333333334 0.02
15 0.89765625 0.4295833333333333 0.021354166666666667 0.015833333333333335
15 0.9713541666666666 0.49291666666666667 0.025 0.014166666666666666
15 0.8328125 0.46041666666666664 0.03125 0.025833333333333333
15 0.7463541666666667 0.4483333333333333 0.026041666666666668 0.021666666666666667
15 0.8291666666666667 0.44333333333333336 0.00625 0.01
15 0.8471354166666667 0.45125 0.022395833333333334 0.0175
15 0.8658854166666666 0.43291666666666667 0.019270833333333334 0.015833333333333335
15 0.8578125 0.435 0.019791666666666666 0.018333333333333333
15 0.87890625 0.43166666666666664 0.019270833333333334 0.015
15 0.8270833333333333 0.41791666666666666 0.015625 0.014166666666666666
4 0.05625 0.7270833333333333 0.1125 0.16916666666666666
3 0.353125 0.58125 0.10416666666666667 0.10916666666666666
14 0.8434895833333333 0.43333333333333335 0.0203125 0.025
2 0.6346354166666667 0.4166666666666667 0.0484375 0.041666666666666664
2 0.5549479166666667 0.4658333333333333 0.06197916666666667 0.04666666666666667
2 0.45416666666666666 0.48083333333333333 0.06041666666666667 0.058333333333333334
2 0.3307291666666667 0.44625 0.04895833333333333 0.04583333333333333
2 0.08385416666666666 0.79875 0.16770833333333332 0.23916666666666667
5 0.26276041666666666 0.4775 0.09635416666666667 0.07666666666666666