2 0.5166666666666667 0.4891666666666667 0.0625 0.06166666666666667
4 0.44244791666666666 0.4775 0.05260416666666667 0.055
0 0.6880208333333333 0.425 0.046875 0.045
5 0.31484375 0.44333333333333336 0.058854166666666666 0.04666666666666667
2 0.28046875 0.4825 0.06510416666666667 0.05333333333333334
2 0.25546875 0.5925 0.11302083333333333 0.105
2 0.22135416666666666 0.6716666666666666 0.15416666666666667 0.15666666666666668
4 0.9653645833333333 0.5904166666666667 0.06927083333333334 0.10083333333333333
15 0.97109375 0.7379166666666667 0.0578125 0.08583333333333333
4 0.13359375 0.5608333333333333 0.034895833333333334 0.035
15 0.8731770833333333 0.42375 0.03177083333333333 0.020833333333333332
13 0.0421875 0.7216666666666667 0.084375 0.085
2 0.9796875 0.4025 0.040625 0.06166666666666667