4 0.3567708333333333 0.5766666666666667 0.08854166666666667 0.095
6 0.19036458333333334 0.6775 0.23697916666666666 0.225
4 0.08463541666666667 0.6966666666666667 0.16927083333333334 0.16
3 0.31354166666666666 0.5545833333333333 0.1 0.09416666666666666
0 0.18984375 0.52875 0.0703125 0.04416666666666667
11 0.44479166666666664 0.4033333333333333 0.08125 0.06333333333333334
15 0.5307291666666667 0.5333333333333333 0.027083333333333334 0.03166666666666667
15 0.5153645833333333 0.53375 0.028645833333333332 0.029166666666666667
15 0.53125 0.52 0.027083333333333334 0.025
15 0.48489583333333336 0.5029166666666667 0.025 0.020833333333333332
15 0.50078125 0.48333333333333334 0.0171875 0.02
15 0.5427083333333333 0.47 0.020833333333333332 0.018333333333333333
15 0.5690104166666666 0.4683333333333333 0.016145833333333335 0.013333333333333334
15 0.6041666666666666 0.4970833333333333 0.015625 0.015833333333333335
15 0.6174479166666667 0.49166666666666664 0.0265625 0.028333333333333332
15 0.6114583333333333 0.49 0.01875 0.016666666666666666