15 0.6 0.49166666666666664 0.01875 0.023333333333333334
15 0.5916666666666667 0.5054166666666666 0.021875 0.020833333333333332
15 0.5875 0.5120833333333333 0.0125 0.0225
13 0.5606770833333333 0.52625 0.0359375 0.0375
15 0.59453125 0.5666666666666667 0.025520833333333333 0.03
4 0.99140625 0.5270833333333333 0.0171875 0.11083333333333334
4 0.9739583333333334 0.47625 0.052083333333333336 0.0875
2 0.6239583333333333 0.4395833333333333 0.03854166666666667 0.03916666666666667
2 0.01484375 0.6183333333333333 0.0296875 0.05333333333333334
2 0.012239583333333333 0.5895833333333333 0.024479166666666666 0.0675
2 0.1390625 0.5270833333333333 0.052083333333333336 0.0275
2 0.20598958333333334 0.5316666666666666 0.0703125 0.041666666666666664
2 0.17838541666666666 0.47875 0.0828125 0.059166666666666666
2 0.008333333333333333 0.5441666666666667 0.016666666666666666 0.056666666666666664
3 0.37916666666666665 0.5625 0.10520833333333333 0.11
12 1.0 0.45416666666666666 0.0 0.04833333333333333