5 0.9104166666666667 0.4295833333333333 0.17916666666666667 0.1125
2 0.6270833333333333 0.44666666666666666 0.16354166666666667 0.11
2 0.35911458333333335 0.44375 0.14947916666666666 0.10583333333333333
2 0.96796875 0.35041666666666665 0.030729166666666665 0.050833333333333335
1 0.8528645833333334 0.33458333333333334 0.09635416666666667 0.0675
4 0.7098958333333333 0.3425 0.121875 0.07666666666666666
6 0.5341145833333333 0.33958333333333335 0.16614583333333333 0.11583333333333333
2 0.3229166666666667 0.37125 0.12708333333333333 0.08916666666666667
2 0.1390625 0.37666666666666665 0.15416666666666667 0.09
2 0.0 0.38416666666666666 0.0 0.07666666666666666
4 0.92109375 0.31958333333333333 0.019270833333333334 0.04583333333333333
2 0.78203125 0.31666666666666665 0.07864583333333333 0.058333333333333334
1 0.65546875 0.31666666666666665 0.07447916666666667 0.058333333333333334
2 0.4388020833333333 0.33875 0.030729166666666665 0.015833333333333335
2 0.2565104166666667 0.34 0.11927083333333334 0.07666666666666666
2 0.09010416666666667 0.33958333333333335 0.12395833333333334 0.06416666666666666
6 0.9388020833333334 0.4920833333333333 0.12239583333333333 0.1675
2 0.7361979166666667 0.52375 0.2046875 0.12916666666666668
2 0.49661458333333336 0.5183333333333333 0.1828125 0.13166666666666665
4 0.06588541666666667 0.44208333333333333 0.13177083333333334 0.11416666666666667
4 0.7544270833333333 0.24916666666666668 0.058854166666666666 0.03833333333333333