4 0.25416666666666665 0.595 0.12395833333333334 0.12333333333333334
2 0.2513020833333333 0.495 0.06614583333333333 0.056666666666666664
2 0.39921875 0.4475 0.05677083333333333 0.013333333333333334
13 0.47942708333333334 0.43291666666666667 0.0203125 0.0125
15 0.53984375 0.54875 0.030729166666666665 0.029166666666666667
13 0.55546875 0.54 0.028645833333333332 0.02666666666666667
15 0.5966145833333333 0.5204166666666666 0.025520833333333333 0.020833333333333332
15 0.5697916666666667 0.5120833333333333 0.016666666666666666 0.0175
15 0.6028645833333334 0.5129166666666667 0.016145833333333335 0.015833333333333335
15 0.609375 0.48333333333333334 0.020833333333333332 0.011666666666666667
15 0.6447916666666667 0.4975 0.022916666666666665 0.018333333333333333
13 0.3567708333333333 0.57875 0.04791666666666667 0.03916666666666667
15 0.50703125 0.7370833333333333 0.019270833333333334 0.049166666666666664
2 0.9596354166666666 0.44958333333333333 0.08072916666666667 0.059166666666666666
13 0.61875 0.4975 0.027083333333333334 0.025