2 0.46145833333333336 0.695 0.15625 0.15
5 0.47109375 0.49333333333333335 0.08802083333333334 0.08
4 0.6614583333333334 0.43 0.0375 0.023333333333333334
2 0.5346354166666667 0.44916666666666666 0.0515625 0.05
4 0.3885416666666667 0.5154166666666666 0.06875 0.0675
2 0.046614583333333334 0.7516666666666667 0.09322916666666667 0.20166666666666666
4 0.934375 0.43916666666666665 0.103125 0.056666666666666664
4 0.2375 0.49625 0.07083333333333333 0.060833333333333336
15 0.5731770833333333 0.5125 0.018229166666666668 0.023333333333333334
15 0.6989583333333333 0.47375 0.017708333333333333 0.024166666666666666
15 0.9515625 0.5329166666666667 0.04791666666666667 0.04583333333333333
2 1.0 0.715 0.0 0.18166666666666667