2 0.9927083333333333 0.9954166666666666 0.014583333333333334 0.009166666666666667
13 0.9020833333333333 0.9654166666666667 0.15625 0.06916666666666667
4 1.0 0.69875 0.0 0.15083333333333335
2 1.0 0.6779166666666666 0.0 0.11416666666666667
4 1.0 0.6583333333333333 0.0 0.115
3 0.50703125 0.6425 0.15364583333333334 0.12333333333333334
2 0.0 0.6454166666666666 0.0 0.0975
0 1.0 0.53625 0.0 0.0325
4 0.8744791666666667 0.5554166666666667 0.09166666666666666 0.0625
4 0.63359375 0.5683333333333334 0.1046875 0.07
2 0.3229166666666667 0.5916666666666667 0.10833333333333334 0.043333333333333335
2 1.0 0.78625 0.0 0.10416666666666667
2 0.7473958333333334 0.49833333333333335 0.05520833333333333 0.056666666666666664
4 0.6348958333333333 0.5158333333333334 0.08333333333333333 0.051666666666666666
3 0.30104166666666665 0.5308333333333334 0.11354166666666667 0.07
4 0.030989583333333334 0.5425 0.06197916666666667 0.07333333333333333
0 0.8013020833333333 0.5295833333333333 0.07760416666666667 0.05416666666666667
4 0.49375 0.5141666666666667 0.07708333333333334 0.056666666666666664
2 0.7783854166666667 0.47291666666666665 0.0609375 0.020833333333333332
2 0.6177083333333333 0.48333333333333334 0.010416666666666666 0.0033333333333333335
2 0.6963541666666667 0.47333333333333333 0.05416666666666667 0.006666666666666667
2 0.26848958333333334 0.47 0.04635416666666667 0.011666666666666667