15 0.6151041666666667 0.49125 0.01875 0.0225
15 0.5966145833333333 0.5054166666666666 0.021354166666666667 0.025833333333333333
15 0.5890625 0.5129166666666667 0.016666666666666666 0.015833333333333335
2 0.23723958333333334 0.6025 0.0609375 0.08
6 0.321875 0.59375 0.12604166666666666 0.1325
6 0.1296875 0.7095833333333333 0.23229166666666667 0.22916666666666666
2 0.02109375 0.7595833333333334 0.0421875 0.1575
6 0.22630208333333332 0.505 0.08489583333333334 0.07333333333333333
2 0.15286458333333333 0.5254166666666666 0.07552083333333333 0.050833333333333335
2 0.15703125 0.5625 0.0203125 0.015
2 0.012239583333333333 0.6054166666666667 0.024479166666666666 0.09083333333333334
2 0.9333333333333333 0.42791666666666667 0.10208333333333333 0.060833333333333336
2 0.8546875 0.4354166666666667 0.084375 0.05583333333333333
2 0.009375 0.5491666666666667 0.01875 0.07333333333333333
2 0.678125 0.43375 0.071875 0.03916666666666667