5 0.36171875 0.565 0.10885416666666667 0.11
2 0.18125 0.69375 0.16354166666666667 0.16416666666666666
4 0.24140625 0.5925 0.10885416666666667 0.105
0 0.0625 0.7220833333333333 0.125 0.17583333333333334
2 0.016927083333333332 0.6283333333333333 0.033854166666666664 0.12333333333333334
4 0.178125 0.5266666666666666 0.0875 0.07
2 0.13229166666666667 0.54 0.025 0.013333333333333334
5 0.69765625 0.4575 0.1109375 0.07833333333333334
2 0.7596354166666667 0.46458333333333335 0.0359375 0.0325
4 0.5138020833333333 0.41875 0.0328125 0.0375
2 0.9828125 0.4608333333333333 0.034375 0.058333333333333334
15 0.8208333333333333 0.6791666666666667 0.030208333333333334 0.04666666666666667
15 0.746875 0.49666666666666665 0.026041666666666668 0.02
15 0.36744791666666665 0.4454166666666667 0.0109375 0.009166666666666667
15 0.6078125 0.5929166666666666 0.029166666666666667 0.0325
15 0.6111979166666667 0.565 0.0296875 0.03666666666666667
15 0.58203125 0.53625 0.03177083333333333 0.029166666666666667
15 0.4778645833333333 0.4970833333333333 0.018229166666666668 0.019166666666666665
15 0.5182291666666666 0.46125 0.010416666666666666 0.0125