15 0.6953125 0.505 0.014583333333333334 0.02
15 0.6463541666666667 0.4975 0.020833333333333332 0.018333333333333333
15 0.43723958333333335 0.48375 0.0265625 0.025833333333333333
15 0.46510416666666665 0.45458333333333334 0.019791666666666666 0.014166666666666666
15 0.48723958333333334 0.45458333333333334 0.016145833333333335 0.015833333333333335
13 0.44869791666666664 0.46166666666666667 0.016145833333333335 0.018333333333333333
2 0.9255208333333333 0.5925 0.14895833333333333 0.11
1 0.7270833333333333 0.64875 0.121875 0.11583333333333333
4 0.38385416666666666 0.55625 0.08854166666666667 0.0975
1 0.26145833333333335 0.6479166666666667 0.11458333333333333 0.12583333333333332
2 0.32109375 0.5516666666666666 0.08489583333333334 0.08333333333333333
2 0.18203125 0.635 0.13177083333333334 0.12
3 0.165625 0.5108333333333334 0.084375 0.06833333333333333
2 0.21640625 0.5125 0.08072916666666667 0.06666666666666667
2 0.014322916666666666 0.5970833333333333 0.028645833333333332 0.07583333333333334
11 0.825 0.4775 0.27395833333333336 0.155
5 0.5768229166666666 0.40958333333333335 0.05677083333333333 0.04416666666666667
2 0.9807291666666667 0.46291666666666664 0.03854166666666667 0.030833333333333334