15 0.9916666666666667 0.7695833333333333 0.016666666666666666 0.08916666666666667
4 0.9317708333333333 0.5891666666666666 0.13645833333333332 0.08833333333333333
4 0.24947916666666667 0.5925 0.109375 0.105
2 0.19791666666666666 0.5229166666666667 0.06458333333333334 0.05416666666666667
2 0.009635416666666667 0.6041666666666666 0.019270833333333334 0.021666666666666667
2 0.020833333333333332 0.6079166666666667 0.035416666666666666 0.05416666666666667
2 0.26666666666666666 0.4716666666666667 0.04791666666666667 0.04
3 0.23411458333333332 0.46208333333333335 0.06927083333333334 0.04083333333333333
4 0.00625 0.5320833333333334 0.0125 0.05416666666666667
11 0.31302083333333336 0.4141666666666667 0.11770833333333333 0.06166666666666667
2 0.9708333333333333 0.48125 0.058333333333333334 0.08416666666666667
4 0.6494791666666667 0.43666666666666665 0.005208333333333333 0.021666666666666667
15 0.6419270833333334 0.5041666666666667 0.027604166666666666 0.021666666666666667
15 0.6111979166666667 0.5075 0.0328125 0.023333333333333334