15 0.5838541666666667 0.5120833333333333 0.020833333333333332 0.0175
15 0.5536458333333333 0.5045833333333334 0.009375 0.0075
15 0.55703125 0.535 0.024479166666666666 0.025
15 0.5489583333333333 0.5483333333333333 0.030208333333333334 0.03
15 0.5283854166666667 0.5408333333333334 0.022395833333333334 0.02666666666666667
15 0.6559895833333333 0.49666666666666665 0.019270833333333334 0.016666666666666666
15 0.6640625 0.4970833333333333 0.022916666666666665 0.0225
15 0.6536458333333334 0.4895833333333333 0.022916666666666665 0.0175
15 0.6015625 0.49041666666666667 0.026041666666666668 0.020833333333333332
3 0.3109375 0.55375 0.103125 0.09416666666666666
4 0.35651041666666666 0.5758333333333333 0.08697916666666666 0.09666666666666666
4 0.084375 0.6945833333333333 0.16875 0.15916666666666668
1 0.18489583333333334 0.52625 0.071875 0.0675
4 0.016145833333333335 0.61 0.03229166666666667 0.07333333333333333
2 0.5440104166666667 0.43166666666666664 0.0515625 0.04
2 1.0 0.5016666666666667 0.0 0.075
4 0.8671875 0.42333333333333334 0.06770833333333333 0.04