13 0.45598958333333334 0.5183333333333333 0.044270833333333336 0.04
2 0.35208333333333336 0.5775 0.08958333333333333 0.10166666666666667
2 0.13880208333333333 0.7254166666666667 0.18697916666666667 0.18916666666666668
2 0.3606770833333333 0.5291666666666667 0.07135416666666666 0.07333333333333333
2 0.2265625 0.6091666666666666 0.11770833333333333 0.115
4 0.078125 0.7016666666666667 0.15625 0.16166666666666665
4 0.21302083333333333 0.5079166666666667 0.08020833333333334 0.0675
2 0.13776041666666666 0.5379166666666667 0.0421875 0.0275
2 0.1375 0.5691666666666667 0.03333333333333333 0.02666666666666667
5 0.01640625 0.61125 0.0328125 0.1325
4 0.2838541666666667 0.46208333333333335 0.05 0.03916666666666667
2 0.5122395833333333 0.43125 0.059895833333333336 0.0375
15 0.5255208333333333 0.54 0.03958333333333333 0.03333333333333333