15 0.81171875 0.4270833333333333 0.030729166666666665 0.015833333333333335
15 0.825 0.4345833333333333 0.015625 0.0175
15 0.8502604166666666 0.43375 0.015104166666666667 0.014166666666666666
15 0.8627604166666667 0.43333333333333335 0.0203125 0.021666666666666667
15 0.8192708333333333 0.4225 0.0375 0.016666666666666666
5 0.5877604166666667 0.44958333333333333 0.0796875 0.059166666666666666
3 0.44375 0.5279166666666667 0.090625 0.08916666666666667
2 0.4596354166666667 0.48583333333333334 0.05677083333333333 0.06166666666666667
2 0.09401041666666667 0.7604166666666666 0.18802083333333333 0.19583333333333333
2 0.2830729166666667 0.48291666666666666 0.06822916666666666 0.0575
2 0.29348958333333336 0.46125 0.05572916666666667 0.04416666666666667
2 0.14244791666666667 0.5395833333333333 0.019270833333333334 0.014166666666666666
2 0.971875 0.465 0.027083333333333334 0.015