3 0.3809895833333333 0.5616666666666666 0.1078125 0.11
11 0.16041666666666668 0.7216666666666667 0.32083333333333336 0.375
2 0.3028645833333333 0.5591666666666667 0.0546875 0.07
6 0.1609375 0.5308333333333334 0.10416666666666667 0.08333333333333333
2 0.13489583333333333 0.52 0.042708333333333334 0.03
2 0.016145833333333335 0.6325 0.03229166666666667 0.10666666666666667
15 0.7395833333333334 0.5045833333333334 0.014583333333333334 0.0175
16 0.49114583333333334 0.5120833333333333 0.021875 0.020833333333333332
15 0.5283854166666667 0.5195833333333333 0.028645833333333332 0.025833333333333333
15 0.5552083333333333 0.5033333333333333 0.027083333333333334 0.02
15 0.5721354166666667 0.4975 0.021354166666666667 0.023333333333333334
15 0.5645833333333333 0.48125 0.021875 0.024166666666666666
15 0.5684895833333333 0.4683333333333333 0.0005208333333333333 0.0033333333333333335
15 0.5458333333333333 0.47541666666666665 0.010416666666666666 0.020833333333333332