15 0.6567708333333333 0.49666666666666665 0.013541666666666667 0.02
15 0.6606770833333333 0.4741666666666667 0.0109375 0.011666666666666667
15 0.6083333333333333 0.5658333333333333 0.040625 0.04
15 0.7893229166666667 0.6645833333333333 0.0421875 0.05416666666666667
15 0.9966145833333333 0.6929166666666666 0.0067708333333333336 0.0625
15 0.9380208333333333 0.7158333333333333 0.046875 0.07166666666666667
15 0.9294270833333333 0.6766666666666666 0.034895833333333334 0.055
13 0.9270833333333334 0.43833333333333335 0.034375 0.021666666666666667
9 0.9848958333333333 0.4241666666666667 0.030208333333333334 0.1
2 0.9932291666666667 0.46708333333333335 0.013541666666666667 0.0675
0 0.365625 0.57 0.06979166666666667 0.085
3 0.209375 0.6666666666666666 0.16875 0.175
4 0.31927083333333334 0.5425 0.08958333333333333 0.08666666666666667
0 0.19192708333333333 0.60375 0.10260416666666666 0.09916666666666667
2 0.03671875 0.775 0.0734375 0.215
0 0.0067708333333333336 0.86 0.013541666666666667 0.23166666666666666
5 0.20651041666666667 0.5033333333333333 0.1046875 0.08
4 0.13932291666666666 0.5275 0.058854166666666666 0.04666666666666667
2 0.013541666666666667 0.6095833333333334 0.027083333333333334 0.09583333333333334