13 0.9299479166666667 0.77125 0.14010416666666667 0.14083333333333334
2 1.0 0.85125 0.0 0.18416666666666667
4 0.8302083333333333 0.43666666666666665 0.171875 0.105
2 0.9994791666666667 0.45 0.0010416666666666667 0.1
4 0.5419270833333333 0.43333333333333335 0.16614583333333333 0.105
2 0.23802083333333332 0.45125 0.15625 0.10583333333333333
2 0.036458333333333336 0.44583333333333336 0.07291666666666667 0.09166666666666666
4 0.43333333333333335 0.36333333333333334 0.125 0.08666666666666667
11 0.07447916666666667 0.31 0.14895833333333333 0.14666666666666667
4 0.39088541666666665 0.3025 0.08697916666666666 0.07166666666666667
3 0.6299479166666667 0.31916666666666665 0.1171875 0.08333333333333333
4 0.8044270833333333 0.3516666666666667 0.11510416666666666 0.07333333333333333
1 0.6859375 0.2891666666666667 0.06666666666666667 0.051666666666666666
4 0.75546875 0.30916666666666665 0.08802083333333334 0.06666666666666667
3 0.7911458333333333 0.28375 0.0875 0.06916666666666667
4 0.91953125 0.3441666666666667 0.10989583333333333 0.07333333333333333
1 0.8703125 0.31375 0.06041666666666667 0.060833333333333336
2 0.25703125 0.25083333333333335 0.05364583333333333 0.006666666666666667
4 1.0 0.3333333333333333 0.0 0.056666666666666664