13 0.5244791666666667 0.5370833333333334 0.0375 0.034166666666666665
15 0.5588541666666667 0.5408333333333334 0.021875 0.02
15 0.6205729166666667 0.5195833333333333 0.030729166666666665 0.025833333333333333
15 0.5489583333333333 0.5129166666666667 0.020833333333333332 0.019166666666666665
15 0.5841145833333333 0.52 0.011979166666666667 0.013333333333333334
15 0.5947916666666667 0.5041666666666667 0.025 0.023333333333333334
13 0.4817708333333333 0.5204166666666666 0.04791666666666667 0.03916666666666667
4 0.32447916666666665 0.5420833333333334 0.071875 0.07583333333333334
5 0.35078125 0.5745833333333333 0.1109375 0.11083333333333334
4 0.19036458333333334 0.6270833333333333 0.12135416666666667 0.11916666666666667
2 0.01875 0.7941666666666667 0.0375 0.21833333333333332
3 0.08828125 0.7675 0.1765625 0.23166666666666666
2 0.21328125 0.515 0.0796875 0.06666666666666667