5 0.37161458333333336 0.5666666666666667 0.1015625 0.11
2 0.21041666666666667 0.67875 0.13541666666666666 0.1375
2 0.022395833333333334 0.8566666666666667 0.04479166666666667 0.23
2 0.0234375 0.7870833333333334 0.046875 0.22416666666666665
2 0.30390625 0.5654166666666667 0.09322916666666667 0.08583333333333333
13 0.6033854166666667 0.5845833333333333 0.05677083333333333 0.049166666666666664
2 0.0 0.6708333333333333 0.0 0.15333333333333332
2 0.0 0.6441666666666667 0.0 0.13
4 0.203125 0.51375 0.090625 0.0725
2 1.0 0.5983333333333334 0.0 0.16166666666666665
13 0.74609375 0.48 0.04739583333333333 0.03833333333333333
2 0.8127604166666667 0.48 0.08697916666666666 0.051666666666666666
0 0.7403645833333333 0.43625 0.06302083333333333 0.0475
13 0.50234375 0.47041666666666665 0.021354166666666667 0.0175
15 0.45286458333333335 0.48125 0.018229166666666668 0.0175
15 0.41692708333333334 0.475 0.013020833333333334 0.015
15 0.41041666666666665 0.48291666666666666 0.01875 0.0125
15 0.38697916666666665 0.43291666666666667 0.010416666666666666 0.0075
15 0.4044270833333333 0.43125 0.009895833333333333 0.014166666666666666
15 0.40911458333333334 0.44625 0.011979166666666667 0.0125
15 0.3734375 0.4475 0.013541666666666667 0.011666666666666667
15 0.37864583333333335 0.45208333333333334 0.016666666666666666 0.010833333333333334
15 0.43333333333333335 0.44708333333333333 0.0125 0.015833333333333335