2 0.3963541666666667 0.55875 0.090625 0.09416666666666666
4 0.27057291666666666 0.6304166666666666 0.1359375 0.1325
2 0.3098958333333333 0.5541666666666667 0.09166666666666666 0.08666666666666667
3 0.14817708333333332 0.6525 0.16510416666666666 0.155
2 0.18333333333333332 0.5304166666666666 0.08958333333333333 0.07416666666666667
2 0.015625 0.6120833333333333 0.03125 0.07083333333333333
15 0.5440104166666667 0.52 0.0296875 0.025
15 0.5903645833333333 0.52 0.0296875 0.02666666666666667
15 0.65859375 0.4816666666666667 0.021354166666666667 0.013333333333333334
0 0.28229166666666666 0.46375 0.04375 0.014166666666666666
4 0.7018229166666666 0.4270833333333333 0.05572916666666667 0.020833333333333332
13 0.9122395833333333 0.4475 0.0359375 0.018333333333333333