4 0.32421875 0.5420833333333334 0.07135416666666666 0.07583333333333334
5 0.35078125 0.5741666666666667 0.1109375 0.11
2 0.21354166666666666 0.5154166666666666 0.08020833333333334 0.06583333333333333
0 0.01875 0.5991666666666666 0.019791666666666666 0.04
4 0.00859375 0.5504166666666667 0.0171875 0.020833333333333332
4 0.14921875 0.48875 0.0484375 0.019166666666666665
13 0.92109375 0.44708333333333333 0.034895833333333334 0.0175
6 0.9841145833333333 0.42333333333333334 0.03177083333333333 0.1
2 1.0 0.4625 0.0 0.035
2 0.9640625 0.42583333333333334 0.023958333333333335 0.01
4 0.9619791666666667 0.4795833333333333 0.07604166666666666 0.08416666666666667
12 0.6934895833333333 0.42375 0.13072916666666667 0.0825