4 0.43984375 0.5170833333333333 0.0828125 0.08083333333333333
2 0.33828125 0.5866666666666667 0.10885416666666667 0.11333333333333333
4 0.2171875 0.5083333333333333 0.078125 0.06666666666666667
5 0.13489583333333333 0.5441666666666667 0.042708333333333334 0.025
4 0.16953125 0.5129166666666667 0.030729166666666665 0.0425
13 0.53203125 0.5466666666666666 0.0296875 0.03333333333333333
15 0.5549479166666667 0.52125 0.027604166666666666 0.025833333333333333
15 0.5677083333333334 0.51875 0.026041666666666668 0.019166666666666665
15 0.59375 0.5125 0.020833333333333332 0.02
15 0.88046875 0.72 0.050520833333333334 0.085
11 0.7440104166666667 0.3929166666666667 0.13802083333333334 0.07416666666666667
2 0.015104166666666667 0.6345833333333334 0.030208333333333334 0.1025