13 0.9 0.9641666666666666 0.15520833333333334 0.07166666666666667
2 0.99375 0.9975 0.0125 0.005
4 0.87421875 0.7333333333333333 0.2046875 0.14333333333333334
4 0.5526041666666667 0.73375 0.17291666666666666 0.13916666666666666
2 0.0 0.6558333333333334 0.0 0.09333333333333334
2 0.09166666666666666 0.6508333333333334 0.16458333333333333 0.09833333333333333
4 0.28229166666666666 0.6454166666666666 0.14166666666666666 0.10916666666666666
2 0.5328125 0.6504166666666666 0.14895833333333333 0.09416666666666666
2 0.7479166666666667 0.65625 0.16041666666666668 0.0975
2 0.9203125 0.6466666666666666 0.159375 0.09833333333333333
0 0.8768229166666667 0.5608333333333333 0.04114583333333333 0.056666666666666664
4 0.78125 0.5604166666666667 0.103125 0.0675
2 0.6385416666666667 0.5741666666666667 0.10520833333333333 0.06166666666666667
0 0.48151041666666666 0.57625 0.0796875 0.07583333333333334
4 0.325 0.5775 0.1125 0.085
2 0.14713541666666666 0.595 0.14427083333333332 0.09
0 0.0375 0.5875 0.075 0.07666666666666666
2 0.03958333333333333 0.5575 0.07916666666666666 0.06833333333333333
0 0.16145833333333334 0.5504166666666667 0.109375 0.0675
2 0.31223958333333335 0.54 0.1078125 0.065
2 0.4708333333333333 0.5454166666666667 0.09479166666666666 0.06416666666666666
2 0.6268229166666667 0.53875 0.0890625 0.060833333333333336
4 0.8088541666666667 0.5270833333333333 0.096875 0.06416666666666666
4 0.6765625 0.47583333333333333 0.058333333333333334 0.006666666666666667
2 0.07708333333333334 0.7258333333333333 0.15416666666666667 0.13333333333333333