4 0.8885416666666667 0.5195833333333333 0.22291666666666668 0.14083333333333334
4 0.7229166666666667 0.31708333333333333 0.11354166666666667 0.0775
2 0.928125 0.4395833333333333 0.14375 0.09916666666666667
4 0.7296875 0.35375 0.11354166666666667 0.07916666666666666
0 0.8171875 0.31625 0.08020833333333334 0.06416666666666666
0 0.8885416666666667 0.34208333333333335 0.11875 0.07583333333333334
2 0.915625 0.32125 0.042708333333333334 0.050833333333333335
2 0.578125 0.31333333333333335 0.10208333333333333 0.058333333333333334
3 0.5734375 0.3541666666666667 0.12604166666666666 0.08833333333333333
0 0.5953125 0.5204166666666666 0.15833333333333333 0.11583333333333333
4 0.6627604166666666 0.295 0.05677083333333333 0.056666666666666664
4 0.35182291666666665 0.36541666666666667 0.1234375 0.09083333333333334
5 0.33229166666666665 0.3120833333333333 0.12916666666666668 0.08583333333333333
2 0.1265625 0.51375 0.21458333333333332 0.12416666666666666
2 0.165625 0.43833333333333335 0.17708333333333334 0.10166666666666667
2 0.10833333333333334 0.3433333333333333 0.134375 0.07666666666666666