15 0.5263020833333333 0.46166666666666667 0.015104166666666667 0.018333333333333333
15 0.5731770833333333 0.48333333333333334 0.018229166666666668 0.018333333333333333
15 0.6067708333333334 0.5279166666666667 0.026041666666666668 0.0225
15 0.3815104166666667 0.4608333333333333 0.011979166666666667 0.013333333333333334
15 0.40546875 0.46041666666666664 0.009895833333333333 0.0125
2 0.35130208333333335 0.7504166666666666 0.18802083333333333 0.13583333333333333
2 0.3216145833333333 0.5516666666666666 0.0859375 0.08166666666666667
2 0.18229166666666666 0.635 0.13229166666666667 0.12166666666666667
4 0.38307291666666665 0.5570833333333334 0.0890625 0.09416666666666666
1 0.2625 0.6475 0.115625 0.12166666666666667
3 0.16458333333333333 0.5108333333333334 0.08333333333333333 0.06833333333333333
2 0.21614583333333334 0.5120833333333333 0.07916666666666666 0.0675
2 0.014322916666666666 0.5970833333333333 0.028645833333333332 0.07583333333333334
12 0.9049479166666666 0.4995833333333333 0.15572916666666667 0.10583333333333333
4 0.9854166666666667 0.5008333333333334 0.029166666666666667 0.095
11 0.5575520833333333 0.42541666666666667 0.12552083333333333 0.08416666666666667
2 0.6307291666666667 0.4320833333333333 0.030208333333333334 0.0275
2 0.9838541666666667 0.4633333333333333 0.03229166666666667 0.03