2 0.3299479166666667 0.5504166666666667 0.09114583333333333 0.08583333333333333
4 0.3578125 0.57625 0.08229166666666667 0.09083333333333334
3 0.18046875 0.6320833333333333 0.1515625 0.1425
2 0.18203125 0.5316666666666666 0.08802083333333334 0.07166666666666667
2 0.14322916666666666 0.5279166666666667 0.075 0.06416666666666666
2 0.015885416666666666 0.6208333333333333 0.03177083333333333 0.025
2 0.004166666666666667 0.5904166666666667 0.008333333333333333 0.0675
15 0.5057291666666667 0.5345833333333333 0.03333333333333333 0.0225
13 0.5520833333333334 0.545 0.03333333333333333 0.03666666666666667
15 0.5846354166666666 0.51625 0.0296875 0.014166666666666666
2 0.19765625 0.48583333333333334 0.0734375 0.04833333333333333
2 0.015885416666666666 0.8041666666666667 0.03177083333333333 0.23166666666666666
2 0.17161458333333332 0.6954166666666667 0.16510416666666666 0.16416666666666666
2 0.37838541666666664 0.4504166666666667 0.0546875 0.014166666666666666
2 0.8947916666666667 0.45 0.10104166666666667 0.03833333333333333
2 0.9348958333333334 0.43291666666666667 0.09791666666666667 0.05583333333333333
4 1.0 0.50875 0.0 0.10916666666666666