4 0.46848958333333335 0.5179166666666667 0.0703125 0.07916666666666666
0 0.4895833333333333 0.4483333333333333 0.03229166666666667 0.043333333333333335
13 0.38125 0.5104166666666666 0.03958333333333333 0.030833333333333334
0 0.0 0.9145833333333333 0.0 0.17083333333333334
3 0.30234375 0.44958333333333333 0.06197916666666667 0.049166666666666664
5 0.19010416666666666 0.51875 0.09895833333333333 0.0775
2 0.15911458333333334 0.51 0.0515625 0.045
2 0.0 0.6691666666666667 0.0 0.09
6 0.5 0.5 1.0 1.0
15 0.9893229166666667 0.49125 0.021354166666666667 0.030833333333333334
15 0.7841145833333333 0.49541666666666667 0.033854166666666664 0.029166666666666667
15 0.9294270833333333 0.47625 0.04010416666666667 0.0275
15 0.76484375 0.45458333333333334 0.0140625 0.019166666666666665
15 0.7552083333333334 0.44875 0.029166666666666667 0.019166666666666665
15 0.8565104166666667 0.4425 0.0296875 0.02
15 0.9299479166666667 0.4554166666666667 0.0078125 0.020833333333333332
15 0.8223958333333333 0.4170833333333333 0.017708333333333333 0.0125
15 0.6052083333333333 0.55 0.019791666666666666 0.025
2 0.6018229166666667 0.42916666666666664 0.021354166666666667 0.03666666666666667
2 0.6932291666666667 0.42375 0.04583333333333333 0.0225
0 0.0 0.7595833333333334 0.0 0.14916666666666667
2 0.0 1.0 0.0 0.0