6 0.46770833333333334 0.5079166666666667 0.08854166666666667 0.08583333333333333
2 0.3145833333333333 0.6083333333333333 0.11770833333333333 0.12666666666666668
4 0.34869791666666666 0.5345833333333333 0.08697916666666666 0.0825
2 0.08177083333333333 0.69875 0.16354166666666667 0.17583333333333334
4 0.2565104166666667 0.49541666666666667 0.08802083333333334 0.06583333333333333
2 0.18125 0.51125 0.08229166666666667 0.06583333333333333
3 0.023958333333333335 0.6116666666666667 0.04791666666666667 0.09166666666666666
2 0.9817708333333334 0.46416666666666667 0.036458333333333336 0.07166666666666667
15 0.7703125 0.6620833333333334 0.057291666666666664 0.0575
15 0.74765625 0.4979166666666667 0.027604166666666666 0.025833333333333333
15 0.6619791666666667 0.4975 0.025 0.021666666666666667