13 0.5244791666666667 0.5366666666666666 0.0375 0.03333333333333333
15 0.5588541666666667 0.5408333333333334 0.021875 0.02
15 0.62109375 0.5204166666666666 0.0328125 0.024166666666666666
15 0.5489583333333333 0.5129166666666667 0.020833333333333332 0.019166666666666665
15 0.584375 0.5133333333333333 0.021875 0.025
15 0.5947916666666667 0.5041666666666667 0.026041666666666668 0.023333333333333334
13 0.4817708333333333 0.5204166666666666 0.04791666666666667 0.03916666666666667
4 0.32421875 0.5420833333333334 0.07239583333333334 0.0775
5 0.35078125 0.5745833333333333 0.1109375 0.1125
4 0.190625 0.6270833333333333 0.121875 0.11916666666666667
2 0.021354166666666667 0.7904166666666667 0.042708333333333334 0.21583333333333332
3 0.05260416666666667 0.83125 0.10520833333333333 0.2725
9 0.9135416666666667 0.5595833333333333 0.17291666666666666 0.13916666666666666
2 0.21276041666666667 0.5154166666666666 0.07864583333333333 0.06583333333333333