5 0.31536458333333334 0.5979166666666667 0.12864583333333332 0.12583333333333332
2 0.29140625 0.565 0.10364583333333334 0.10166666666666667
3 0.10520833333333333 0.7366666666666667 0.21041666666666667 0.21833333333333332
2 0.08046875 0.68875 0.1609375 0.15416666666666667
3 0.20859375 0.5195833333333333 0.08697916666666666 0.07583333333333334
4 0.14348958333333334 0.53 0.07552083333333333 0.06833333333333333
0 0.18229166666666666 0.47833333333333333 0.052083333333333336 0.03
4 0.49114583333333334 0.43125 0.051041666666666666 0.0375
11 0.8609375 0.425 0.14583333333333334 0.07833333333333334
13 0.5734375 0.5904166666666667 0.04375 0.03916666666666667
15 0.5442708333333334 0.5483333333333333 0.03229166666666667 0.03
15 0.49713541666666666 0.5345833333333333 0.0296875 0.034166666666666665
15 0.5559895833333334 0.5266666666666666 0.016145833333333335 0.018333333333333333
15 0.5893229166666667 0.5275 0.0234375 0.021666666666666667
15 0.5716145833333334 0.5129166666666667 0.016145833333333335 0.020833333333333332
15 0.6075520833333333 0.48333333333333334 0.0203125 0.016666666666666666
13 0.7109375 0.5158333333333334 0.046875 0.028333333333333332
2 0.008333333333333333 0.6116666666666667 0.016666666666666666 0.10666666666666667