2 0.3419270833333333 0.5883333333333334 0.1078125 0.115
4 0.29635416666666664 0.5683333333333334 0.09895833333333333 0.09333333333333334
2 0.13411458333333334 0.7308333333333333 0.17447916666666666 0.17833333333333334
4 0.134375 0.6641666666666667 0.140625 0.13166666666666665
2 0.0036458333333333334 0.81125 0.007291666666666667 0.2075
2 0.72890625 0.6566666666666666 0.15989583333333332 0.12333333333333334
4 0.8880208333333334 0.5733333333333334 0.13958333333333334 0.105
2 1.0 0.7704166666666666 0.0 0.30916666666666665
2 0.9947916666666666 0.5054166666666666 0.010416666666666666 0.09583333333333334
4 0.24166666666666667 0.5058333333333334 0.06875 0.06333333333333334
2 0.16640625 0.5216666666666666 0.08177083333333333 0.065
2 0.0 0.6329166666666667 0.0 0.10583333333333333
2 0.0 0.6783333333333333 0.0 0.08333333333333333
2 0.0 0.855 0.0 0.21166666666666667
2 0.0 0.995 0.0 0.01
2 0.0 0.7741666666666667 0.0 0.18333333333333332
2 0.0 0.9595833333333333 0.0 0.08083333333333333
2 0.0 1.0 0.0 0.0
15 0.6515625 0.61 0.05416666666666667 0.05
15 0.5796875 0.5316666666666666 0.028125 0.018333333333333333
15 0.653125 0.49916666666666665 0.020833333333333332 0.016666666666666666
2 1.0 0.44875 0.0 0.025833333333333333
2 1.0 0.465 0.0 0.065
2 1.0 0.46375 0.0 0.07583333333333334
2 1.0 0.5158333333333334 0.0 0.065
2 1.0 0.5325 0.0 0.13166666666666665