2 0.08255208333333333 0.7016666666666667 0.16510416666666666 0.17166666666666666
2 0.153125 0.71125 0.16145833333333334 0.16583333333333333
2 0.33203125 0.6058333333333333 0.1140625 0.12333333333333334
2 0.30807291666666664 0.5575 0.09322916666666667 0.08833333333333333
3 0.40911458333333334 0.72625 0.1640625 0.1575
2 0.21380208333333334 0.5170833333333333 0.0765625 0.0675
15 0.8020833333333334 0.6408333333333334 0.023958333333333335 0.045
3 0.1359375 0.5275 0.051041666666666666 0.03666666666666667
15 1.0 0.7841666666666667 0.0 0.11666666666666667
3 0.0171875 0.6041666666666666 0.034375 0.07666666666666666
0 0.0 0.6095833333333334 0.0 0.060833333333333336
5 0.0 0.8825 0.0 0.235
2 0.815625 0.46041666666666664 0.10104166666666667 0.06583333333333333