13 0.5971354166666667 0.47 0.033854166666666664 0.021666666666666667
5 0.3963541666666667 0.5483333333333333 0.10104166666666667 0.10166666666666667
4 0.340625 0.5333333333333333 0.08020833333333334 0.07666666666666666
2 0.2484375 0.65 0.12916666666666668 0.13333333333333333
13 0.24739583333333334 0.595 0.04583333333333333 0.043333333333333335
2 0.07473958333333333 0.8029166666666666 0.14947916666666666 0.24416666666666667
3 0.37994791666666666 0.42833333333333334 0.05677083333333333 0.02666666666666667
6 0.24140625 0.48791666666666667 0.12239583333333333 0.09083333333333334
15 0.5549479166666667 0.51375 0.019270833333333334 0.0175
15 0.6125 0.49833333333333335 0.023958333333333335 0.02
13 0.6721354166666667 0.49291666666666667 0.0453125 0.029166666666666667
2 0.5666666666666667 0.4175 0.051041666666666666 0.013333333333333334
2 0.75546875 0.4404166666666667 0.0671875 0.0225
2 0.96484375 0.44333333333333336 0.0703125 0.07333333333333333
2 0.15104166666666666 0.5466666666666666 0.08645833333333333 0.07333333333333333