4 1.0 0.6308333333333334 0.0 0.16166666666666665
2 0.39765625 0.5591666666666667 0.09114583333333333 0.09166666666666666
4 0.33151041666666664 0.5425 0.0765625 0.07833333333333334
2 0.2552083333333333 0.6425 0.121875 0.125
4 0.16302083333333334 0.64125 0.15625 0.1425
2 0.03046875 0.7758333333333334 0.0609375 0.215
2 0.07473958333333333 0.7954166666666667 0.14947916666666666 0.22916666666666666
2 0.18854166666666666 0.5245833333333333 0.08645833333333333 0.06916666666666667
2 0.14348958333333334 0.525 0.07135416666666666 0.06
2 0.019270833333333334 0.6004166666666667 0.025 0.049166666666666664
13 0.5822916666666667 0.5516666666666666 0.04583333333333333 0.04
15 0.6567708333333333 0.4895833333333333 0.03229166666666667 0.024166666666666666
4 0.013802083333333333 0.60625 0.027604166666666666 0.10416666666666667