6 0.99453125 0.5066666666666667 0.0109375 0.15833333333333333
3 0.8833333333333333 0.52 0.23333333333333334 0.14666666666666667
2 0.653125 0.52 0.17604166666666668 0.125
2 0.8768229166666667 0.34625 0.12552083333333333 0.07416666666666667
2 0.7309895833333333 0.35375 0.12239583333333333 0.07583333333333334
2 0.8190104166666666 0.30625 0.10052083333333334 0.06916666666666667
3 0.5372395833333333 0.35625 0.12864583333333332 0.10083333333333333
3 0.9583333333333334 0.43083333333333335 0.08333333333333333 0.12166666666666667
3 0.15729166666666666 0.37 0.1625 0.09833333333333333
2 0.6283854166666667 0.31833333333333336 0.10572916666666667 0.06666666666666667
0 0.4705729166666667 0.32208333333333333 0.0703125 0.0625
2 0.34713541666666664 0.44125 0.15885416666666666 0.10416666666666667