4 0.34739583333333335 0.575 0.09479166666666666 0.10166666666666667
2 0.33255208333333336 0.54375 0.0828125 0.07583333333333334
4 0.15442708333333333 0.7120833333333333 0.1765625 0.18083333333333335
11 0.015885416666666666 0.8333333333333334 0.03177083333333333 0.3333333333333333
4 0.17473958333333334 0.5275 0.07447916666666667 0.06333333333333334
2 0.13098958333333333 0.5375 0.028645833333333332 0.018333333333333333
2 0.016145833333333335 0.62 0.03229166666666667 0.02666666666666667
2 0.0140625 0.7558333333333334 0.028125 0.04
4 0.4518229166666667 0.4025 0.028645833333333332 0.03833333333333333
13 0.5361979166666667 0.5270833333333333 0.030729166666666665 0.034166666666666665
15 0.76015625 0.5045833333333334 0.015104166666666667 0.020833333333333332
15 0.69140625 0.48125 0.0234375 0.020833333333333332
15 0.6807291666666667 0.4820833333333333 0.020833333333333332 0.015833333333333335
15 0.46927083333333336 0.5058333333333334 0.029166666666666667 0.023333333333333334
15 0.5796875 0.49875 0.026041666666666668 0.0175
15 0.5526041666666667 0.5116666666666667 0.01875 0.021666666666666667
15 0.5614583333333333 0.5125 0.020833333333333332 0.02