6 0.3450520833333333 0.5729166666666666 0.1578125 0.14083333333333334
5 0.10104166666666667 0.74125 0.20208333333333334 0.2225
2 0.05364583333333333 0.7366666666666667 0.10729166666666666 0.18333333333333332
4 0.22369791666666666 0.6054166666666667 0.11510416666666666 0.10583333333333333
5 0.2015625 0.5175 0.09375 0.07333333333333333
11 0.6640625 0.4479166666666667 0.18020833333333333 0.10916666666666666
15 0.640625 0.58125 0.027083333333333334 0.0375
15 0.5541666666666667 0.5329166666666667 0.03229166666666667 0.030833333333333334
15 0.5260416666666666 0.46958333333333335 0.016666666666666666 0.015833333333333335
15 0.5330729166666667 0.4691666666666667 0.0171875 0.015
15 0.5419270833333333 0.5358333333333334 0.0328125 0.03166666666666667
15 0.4734375 0.4691666666666667 0.01875 0.013333333333333334
15 0.4596354166666667 0.4608333333333333 0.0109375 0.013333333333333334
15 0.40338541666666666 0.4675 0.0171875 0.015
15 0.45234375 0.44 0.019270833333333334 0.013333333333333334
15 0.4276041666666667 0.44666666666666666 0.010416666666666666 0.011666666666666667
15 0.4197916666666667 0.45416666666666666 0.01875 0.008333333333333333
15 0.3921875 0.4608333333333333 0.014583333333333334 0.01
15 0.3854166666666667 0.46 0.0125 0.016666666666666666
15 0.3734375 0.45958333333333334 0.011458333333333333 0.0125
15 0.35234375 0.45916666666666667 0.0109375 0.015
15 0.33229166666666665 0.45166666666666666 0.020833333333333332 0.013333333333333334
15 0.3828125 0.43833333333333335 0.0010416666666666667 0.006666666666666667
15 0.3971354166666667 0.4529166666666667 0.019270833333333334 0.0125
15 0.4356770833333333 0.4395833333333333 0.019270833333333334 0.010833333333333334
15 0.41380208333333335 0.44666666666666666 0.013020833333333334 0.015
0 0.8096354166666667 0.45875 0.0828125 0.060833333333333336
2 0.0 0.6854166666666667 0.0 0.14083333333333334