2 1.0 0.8545833333333334 0.0 0.20083333333333334
13 0.9307291666666667 0.7779166666666667 0.13854166666666667 0.14916666666666667
2 0.8859375 0.4475 0.178125 0.105
4 0.07161458333333333 0.34208333333333335 0.1359375 0.07583333333333334
2 1.0 0.5345833333333333 0.0 0.12916666666666668
2 0.9942708333333333 0.44958333333333333 0.011458333333333333 0.1025
2 1.0 0.4454166666666667 0.0 0.11583333333333333
2 1.0 0.5283333333333333 0.0 0.155
2 1.0 0.5675 0.0 0.16833333333333333
2 1.0 0.46166666666666667 0.0 0.10833333333333334
4 0.19453125 0.375 0.11302083333333333 0.10166666666666667
2 0.3653645833333333 0.37166666666666665 0.1296875 0.09
2 0.5377604166666666 0.36375 0.1171875 0.0825
0 0.6901041666666666 0.35333333333333333 0.096875 0.07666666666666666
4 0.8375 0.3425 0.115625 0.08333333333333333
4 0.875 0.30916666666666665 0.10625 0.07666666666666666
4 0.2453125 0.33541666666666664 0.10833333333333334 0.06916666666666667
4 0.5830729166666667 0.32666666666666666 0.1015625 0.06666666666666667
2 0.7333333333333333 0.3254166666666667 0.1 0.035833333333333335
2 1.0 0.33458333333333334 0.0 0.07083333333333333
2 0.7997395833333333 0.27208333333333334 0.043229166666666666 0.0725
2 0.42161458333333335 0.33625 0.08802083333333334 0.050833333333333335
4 0.6015625 0.4345833333333333 0.171875 0.11416666666666667
2 0.34088541666666666 0.44416666666666665 0.16302083333333334 0.10833333333333334
2 1.0 0.5445833333333333 0.0 0.09083333333333334