2 0.37942708333333336 0.5604166666666667 0.09635416666666667 0.1025
1 0.27447916666666666 0.6254166666666666 0.10729166666666666 0.11083333333333334
4 0.08255208333333333 0.7933333333333333 0.16510416666666666 0.26
2 0.28958333333333336 0.5691666666666667 0.10104166666666667 0.09833333333333333
2 0.21744791666666666 0.5079166666666667 0.0609375 0.0575
4 0.14348958333333334 0.5525 0.04739583333333333 0.041666666666666664
4 0.009375 0.605 0.01875 0.09833333333333333
15 0.5700520833333333 0.485 0.018229166666666668 0.023333333333333334
15 0.5458333333333333 0.5129166666666667 0.028125 0.025833333333333333
15 0.55703125 0.5266666666666666 0.027604166666666666 0.02666666666666667
2 0.11588541666666667 0.6716666666666666 0.15885416666666666 0.15333333333333332
15 0.9294270833333333 0.6679166666666667 0.03697916666666667 0.05583333333333333