4 0.025260416666666667 0.845 0.050520833333333334 0.26166666666666666
2 0.20833333333333334 0.6841666666666667 0.14479166666666668 0.15
4 0.35963541666666665 0.5725 0.0953125 0.10166666666666667
2 0.33958333333333335 0.5375 0.07291666666666667 0.07166666666666667
2 0.22708333333333333 0.6045833333333334 0.128125 0.12583333333333332
2 0.046614583333333334 0.7516666666666667 0.09322916666666667 0.19333333333333333
5 0.14296875 0.5325 0.0796875 0.06333333333333334
2 0.1859375 0.5179166666666667 0.036458333333333336 0.015833333333333335
12 0.25833333333333336 0.48583333333333334 0.08333333333333333 0.06166666666666667
2 0.015885416666666666 0.6375 0.03177083333333333 0.11
13 0.478125 0.5454166666666667 0.046875 0.0375
15 0.646875 0.5191666666666667 0.029166666666666667 0.023333333333333334
15 0.6549479166666666 0.535 0.0328125 0.025
15 0.73515625 0.4970833333333333 0.025520833333333333 0.0225
15 0.6 0.49875 0.020833333333333332 0.0175