2 0.853125 0.7454166666666666 0.20208333333333334 0.13083333333333333
0 0.54140625 0.7379166666666667 0.13072916666666667 0.1225
4 0.2903645833333333 0.7329166666666667 0.20677083333333332 0.14583333333333334
2 0.06796875 0.7370833333333333 0.1359375 0.1225
2 0.15729166666666666 0.6483333333333333 0.16875 0.10166666666666667
2 0.00859375 0.65125 0.0171875 0.1025
3 0.39140625 0.6475 0.1421875 0.11166666666666666
5 0.6075520833333333 0.6395833333333333 0.1578125 0.1125
2 0.84296875 0.6529166666666667 0.15885416666666666 0.0875
0 0.11510416666666666 0.58875 0.13020833333333334 0.0825
0 0.28828125 0.58375 0.0953125 0.07416666666666667
0 0.44635416666666666 0.5729166666666666 0.08854166666666667 0.07583333333333334
3 0.6252604166666667 0.5625 0.11927083333333334 0.08333333333333333
2 0.80625 0.5625 0.11145833333333334 0.07
1 0.6614583333333334 0.5341666666666667 0.06458333333333334 0.045
2 0.5221354166666666 0.54 0.1015625 0.06833333333333333
2 0.36953125 0.5458333333333333 0.09010416666666667 0.07333333333333333
2 0.1765625 0.5529166666666666 0.12708333333333333 0.07083333333333333
13 0.05807291666666667 0.5516666666666666 0.05260416666666667 0.03333333333333333