4 0.1625 0.5379166666666667 0.08645833333333333 0.06583333333333333
4 0.28932291666666665 0.5666666666666667 0.0984375 0.095
2 0.15494791666666666 0.6495833333333333 0.14114583333333333 0.13583333333333333
2 0.38359375 0.5595833333333333 0.0859375 0.08916666666666667
4 0.2703125 0.6375 0.12083333333333333 0.12666666666666668
2 0.03177083333333333 0.84 0.06354166666666666 0.24833333333333332
1 0.7408854166666666 0.425 0.0171875 0.03333333333333333
5 0.9333333333333333 0.43875 0.11354166666666667 0.06583333333333333
2 0.7901041666666667 0.42333333333333334 0.057291666666666664 0.015
2 0.9916666666666667 0.44166666666666665 0.016666666666666666 0.06333333333333334
15 0.5877604166666667 0.4970833333333333 0.019270833333333334 0.0125
15 0.6354166666666666 0.5045833333333334 0.026041666666666668 0.0225
15 0.6658854166666667 0.5270833333333333 0.025520833333333333 0.019166666666666665
15 0.6598958333333333 0.4975 0.021875 0.016666666666666666
13 0.7010416666666667 0.50375 0.0375 0.029166666666666667
13 0.5080729166666667 0.6304166666666666 0.059895833333333336 0.059166666666666666