0 0.39895833333333336 0.55625 0.07083333333333333 0.07916666666666666
2 0.2515625 0.64625 0.13645833333333332 0.13416666666666666
2 0.08489583333333334 0.7920833333333334 0.16979166666666667 0.2275
4 0.32526041666666666 0.5508333333333333 0.09947916666666666 0.09333333333333334
2 0.15703125 0.655 0.1296875 0.12666666666666668
4 0.02421875 0.7870833333333334 0.0484375 0.2375
5 0.18932291666666667 0.5208333333333334 0.10052083333333334 0.08
2 0.13255208333333332 0.54 0.034895833333333334 0.04
2 0.019010416666666665 0.6 0.03802083333333333 0.09
15 0.6078125 0.4975 0.016666666666666666 0.018333333333333333
2 0.36614583333333334 0.7454166666666666 0.14895833333333333 0.1675
5 0.765625 0.43333333333333335 0.08958333333333333 0.056666666666666664
4 0.8567708333333334 0.42083333333333334 0.08125 0.05333333333333334
4 1.0 0.4454166666666667 0.0 0.0475
15 0.7333333333333333 0.50375 0.015625 0.0225
15 0.5919270833333333 0.5241666666666667 0.0265625 0.025
4 1.0 0.47125 0.0 0.0825
2 0.02265625 0.6120833333333333 0.033854166666666664 0.050833333333333335
2 0.008072916666666667 0.5458333333333333 0.016145833333333335 0.05