13 0.9325520833333333 0.7775 0.13489583333333333 0.13666666666666666
4 0.05286458333333333 0.44333333333333336 0.10572916666666667 0.11333333333333333
2 0.2994791666666667 0.4475 0.16354166666666667 0.10333333333333333
4 0.5856770833333333 0.4525 0.1421875 0.10666666666666667
2 0.8177083333333334 0.515 0.2125 0.12166666666666667
2 0.9880208333333333 0.5279166666666667 0.023958333333333335 0.1175
2 0.96953125 0.45 0.0609375 0.115
2 0.09791666666666667 0.385 0.16145833333333334 0.09166666666666666
2 0.2947916666666667 0.375 0.12916666666666668 0.08333333333333333
2 0.4890625 0.37125 0.10729166666666666 0.08083333333333333
4 0.6546875 0.35375 0.11458333333333333 0.07583333333333334
4 0.8395833333333333 0.3441666666666667 0.12083333333333333 0.07833333333333334
2 0.7260416666666667 0.31083333333333335 0.109375 0.06833333333333333
4 0.5489583333333333 0.32625 0.10625 0.0725
4 0.3736979166666667 0.3308333333333333 0.10260416666666666 0.09
4 0.21458333333333332 0.33458333333333334 0.13541666666666666 0.08416666666666667
4 0.04895833333333333 0.34541666666666665 0.09791666666666667 0.07083333333333333
2 1.0 0.855 0.0 0.18833333333333332