2 0.1421875 0.7208333333333333 0.19270833333333334 0.19
2 0.18776041666666668 0.5325 0.0859375 0.075
2 0.13776041666666666 0.5333333333333333 0.04114583333333333 0.018333333333333333
15 0.5744791666666667 0.5208333333333334 0.03229166666666667 0.025
6 0.27317708333333335 0.57 0.11614583333333334 0.11
6 0.017447916666666667 0.6008333333333333 0.034895833333333334 0.11
4 0.34609375 0.5804166666666667 0.1078125 0.1175
4 0.36354166666666665 0.44666666666666666 0.04895833333333333 0.018333333333333333
4 0.8182291666666667 0.4191666666666667 0.065625 0.028333333333333332
3 0.95546875 0.44333333333333336 0.0890625 0.06
2 0.015104166666666667 0.6125 0.030208333333333334 0.06833333333333333