4 0.37083333333333335 0.565 0.09166666666666666 0.095
6 0.22890625 0.64875 0.15052083333333333 0.1575
2 0.0515625 0.8216666666666667 0.103125 0.23333333333333334
4 0.34869791666666666 0.5366666666666666 0.0953125 0.08666666666666667
4 0.18697916666666667 0.6270833333333333 0.10833333333333334 0.1075
2 0.21979166666666666 0.49291666666666667 0.06875 0.0525
2 0.14947916666666666 0.53625 0.03958333333333333 0.0175
4 0.21510416666666668 0.51375 0.08125 0.06416666666666666
6 0.07942708333333333 0.5845833333333333 0.1265625 0.08916666666666667
2 0.0036458333333333334 0.6275 0.007291666666666667 0.11
15 0.7606770833333333 0.7108333333333333 0.058854166666666666 0.056666666666666664
2 0.9526041666666667 0.5675 0.09479166666666666 0.085
0 0.81015625 0.655 0.10052083333333334 0.14
11 0.953125 0.4141666666666667 0.09375 0.10666666666666667
4 0.31875 0.7645833333333333 0.15625 0.09083333333333334
15 0.6158854166666666 0.52 0.0359375 0.023333333333333334
15 0.6875 0.49041666666666667 0.036458333333333336 0.029166666666666667
15 0.7091145833333333 0.4979166666666667 0.024479166666666666 0.0225
15 0.7309895833333333 0.5120833333333333 0.030729166666666665 0.0275
15 0.7544270833333333 0.50375 0.016145833333333335 0.0175