2 0.2950520833333333 0.5654166666666667 0.10260416666666666 0.09583333333333334
2 0.3489583333333333 0.5866666666666667 0.09375 0.1
3 0.12265625 0.6595833333333333 0.1703125 0.1575
13 0.24192708333333332 0.64875 0.06927083333333334 0.07083333333333333
2 0.08567708333333333 0.76125 0.17135416666666667 0.20916666666666667
6 0.20442708333333334 0.5033333333333333 0.10052083333333334 0.08166666666666667
2 0.021354166666666667 0.60375 0.042708333333333334 0.10083333333333333
15 0.578125 0.4716666666666667 0.03333333333333333 0.02666666666666667
15 0.58671875 0.4816666666666667 0.021354166666666667 0.02
15 0.5927083333333333 0.4875 0.027083333333333334 0.028333333333333332
15 0.56796875 0.48375 0.022395833333333334 0.024166666666666666
15 0.5375 0.4945833333333333 0.022916666666666665 0.029166666666666667
15 0.5252604166666667 0.50125 0.0265625 0.025833333333333333
15 0.5059895833333333 0.5041666666666667 0.022395833333333334 0.021666666666666667
15 0.496875 0.51375 0.027083333333333334 0.0225
15 0.48541666666666666 0.53375 0.034375 0.0375
15 0.7122395833333334 0.50625 0.03697916666666667 0.025833333333333333
15 0.5575520833333333 0.48833333333333334 0.0234375 0.023333333333333334