6 0.9375 0.3329166666666667 0.11979166666666667 0.09416666666666666
6 1.0 0.42833333333333334 0.0 0.12666666666666668
3 0.7783854166666667 0.2875 0.06197916666666667 0.045
2 0.6065104166666667 0.30833333333333335 0.06197916666666667 0.04833333333333333
11 0.721875 0.4008333333333333 0.421875 0.18666666666666668
2 0.29921875 0.37416666666666665 0.12864583333333332 0.085
2 0.8799479166666667 0.52625 0.21197916666666666 0.12583333333333332
2 0.409375 0.33416666666666667 0.10208333333333333 0.07666666666666666
2 0.16484375 0.33958333333333335 0.12552083333333333 0.0725
2 0.009635416666666667 0.3933333333333333 0.019270833333333334 0.07833333333333334
3 0.0 0.43916666666666665 0.0 0.12333333333333334
2 0.0 0.35208333333333336 0.0 0.07083333333333333