4 0.3619791666666667 0.5683333333333334 0.09479166666666666 0.1
2 0.3106770833333333 0.5645833333333333 0.058854166666666666 0.07583333333333334
2 0.16458333333333333 0.5420833333333334 0.08541666666666667 0.0925
2 0.13463541666666667 0.5291666666666667 0.058854166666666666 0.06333333333333334
4 0.19244791666666666 0.6833333333333333 0.17760416666666667 0.175
4 0.16458333333333333 0.63875 0.16145833333333334 0.15583333333333332
4 0.018489583333333334 0.6404166666666666 0.03697916666666667 0.1225
2 0.7221354166666667 0.6091666666666666 0.12864583333333332 0.11
1 0.9674479166666666 0.5908333333333333 0.06510416666666667 0.08666666666666667
15 0.62890625 0.5508333333333333 0.033854166666666664 0.021666666666666667
15 0.6322916666666667 0.5675 0.035416666666666666 0.021666666666666667
15 0.7216145833333333 0.5120833333333333 0.0265625 0.025833333333333333
15 0.6841145833333333 0.4895833333333333 0.0359375 0.030833333333333334
15 0.4317708333333333 0.4691666666666667 0.016666666666666666 0.015
15 0.4583333333333333 0.48375 0.01875 0.015833333333333335
15 0.47890625 0.4691666666666667 0.0171875 0.016666666666666666
15 0.4515625 0.4691666666666667 0.01875 0.015
15 0.4953125 0.455 0.011458333333333333 0.013333333333333334
15 0.5395833333333333 0.4825 0.019791666666666666 0.016666666666666666
15 0.39817708333333335 0.46166666666666667 0.018229166666666668 0.021666666666666667
6 0.5755208333333334 0.42791666666666667 0.12083333333333333 0.0875
2 0.9453125 0.5 0.109375 0.04666666666666667
15 0.43411458333333336 0.4320833333333333 0.0109375 0.010833333333333334
15 0.4075520833333333 0.44625 0.011979166666666667 0.0125
15 0.40208333333333335 0.4479166666666667 0.014583333333333334 0.0275
15 0.37604166666666666 0.43041666666666667 0.010416666666666666 0.0075