15 0.61484375 0.49083333333333334 0.0234375 0.021666666666666667
15 0.5971354166666667 0.505 0.0234375 0.018333333333333333
15 0.590625 0.5125 0.01875 0.023333333333333334
2 0.23697916666666666 0.6029166666666667 0.06145833333333333 0.08083333333333333
6 0.3216145833333333 0.59375 0.12864583333333332 0.12916666666666668
6 0.13177083333333334 0.71 0.23125 0.22833333333333333
2 0.021354166666666667 0.7608333333333334 0.042708333333333334 0.15833333333333333
6 0.22578125 0.50375 0.08697916666666666 0.07083333333333333
2 0.15182291666666667 0.5245833333333333 0.07239583333333334 0.050833333333333335
2 0.15703125 0.5620833333333334 0.0203125 0.015833333333333335
2 0.012760416666666666 0.6058333333333333 0.025520833333333333 0.09
2 0.4796875 0.4404166666666667 0.06041666666666667 0.029166666666666667
11 1.0 0.4475 0.0 0.16833333333333333
2 0.8606770833333334 0.44083333333333335 0.09010416666666667 0.035
13 1.0 0.45708333333333334 0.0 0.014166666666666666
2 1.0 0.6070833333333333 0.0 0.1625
2 0.0109375 0.5383333333333333 0.021875 0.058333333333333334