2 0.21536458333333333 0.5125 0.0796875 0.065
6 0.14609375 0.5095833333333334 0.09635416666666667 0.07083333333333333
2 0.34817708333333336 0.52875 0.08072916666666667 0.0775
2 0.20651041666666667 0.6158333333333333 0.1203125 0.11333333333333333
4 0.35833333333333334 0.5745833333333333 0.10208333333333333 0.1075
4 0.14088541666666668 0.7145833333333333 0.1890625 0.18416666666666667
6 0.4796875 0.7045833333333333 0.24583333333333332 0.23416666666666666
2 0.14322916666666666 0.5558333333333333 0.04375 0.021666666666666667
15 0.88515625 0.76 0.0765625 0.09166666666666666
4 0.8088541666666667 0.4775 0.10208333333333333 0.07333333333333333
2 0.009635416666666667 0.77625 0.019270833333333334 0.17916666666666667