2 0.49661458333333336 0.38166666666666665 0.022395833333333334 0.021666666666666667
2 0.7776041666666667 0.425 0.06875 0.05
11 1.0 0.43125 0.0 0.1375
15 0.5833333333333334 0.505 0.029166666666666667 0.025
15 0.5471354166666667 0.5258333333333334 0.0203125 0.025
15 0.575 0.5333333333333333 0.028125 0.025
2 0.34010416666666665 0.5833333333333334 0.10625 0.11666666666666667
2 0.13333333333333333 0.72625 0.175 0.1825
4 0.2955729166666667 0.5608333333333333 0.09739583333333333 0.09333333333333334
4 0.13411458333333334 0.6575 0.14635416666666667 0.13833333333333334
2 0.0036458333333333334 0.8129166666666666 0.007291666666666667 0.17416666666666666
4 0.24114583333333334 0.5033333333333333 0.071875 0.06333333333333334
2 0.16588541666666667 0.5170833333333333 0.0828125 0.07083333333333333
4 0.009114583333333334 0.5879166666666666 0.018229166666666668 0.0475
2 0.07265625 0.5954166666666667 0.11197916666666667 0.0925
15 0.5643229166666667 0.535 0.028645833333333332 0.04