15 0.6171875 0.5633333333333334 0.03333333333333333 0.025
15 0.5346354166666667 0.5129166666666667 0.0265625 0.0325
15 0.5479166666666667 0.5120833333333333 0.020833333333333332 0.020833333333333332
15 0.7377604166666667 0.4975 0.025520833333333333 0.023333333333333334
2 0.34401041666666665 0.7475 0.17239583333333333 0.14833333333333334
4 0.98671875 0.4533333333333333 0.0265625 0.07333333333333333
0 0.359375 0.5770833333333333 0.090625 0.10083333333333333
5 0.30026041666666664 0.5620833333333334 0.1078125 0.11416666666666667
2 0.21171875 0.6783333333333333 0.14427083333333332 0.155
2 0.025 0.85625 0.05 0.24916666666666668
4 0.07239583333333334 0.7125 0.14479166666666668 0.19
2 0.23333333333333334 0.5070833333333333 0.078125 0.06916666666666667
2 0.1421875 0.55875 0.04375 0.024166666666666666
2 0.13125 0.52875 0.021875 0.010833333333333334
2 0.011979166666666667 0.65375 0.023958333333333335 0.13583333333333333