0 0.35546875 0.5275 0.07552083333333333 0.07833333333333334
2 0.24244791666666668 0.5941666666666666 0.1171875 0.11166666666666666
2 0.37734375 0.5629166666666666 0.09739583333333333 0.09916666666666667
2 0.246875 0.6491666666666667 0.14479166666666668 0.14333333333333334
11 0.08802083333333334 0.7070833333333333 0.17604166666666668 0.2725
13 0.4752604166666667 0.555 0.04635416666666667 0.04833333333333333
15 0.5848958333333333 0.52125 0.03333333333333333 0.04416666666666667
2 0.9239583333333333 0.4708333333333333 0.115625 0.075
4 0.5049479166666667 0.42583333333333334 0.0515625 0.045
15 0.5395833333333333 0.5570833333333334 0.026041666666666668 0.0275
15 0.5901041666666667 0.4970833333333333 0.015625 0.015833333333333335
15 0.5333333333333333 0.5104166666666666 0.019791666666666666 0.020833333333333332
15 0.4901041666666667 0.7333333333333333 0.027083333333333334 0.055