2 0.6908854166666667 0.39708333333333334 0.044270833333333336 0.025833333333333333
2 0.4322916666666667 0.49333333333333335 0.06354166666666666 0.06333333333333334
2 0.3489583333333333 0.4375 0.03958333333333333 0.035
2 0.9755208333333333 0.455 0.04895833333333333 0.06666666666666667
15 0.8583333333333333 0.4241666666666667 0.034375 0.021666666666666667
15 0.7856770833333333 0.4295833333333333 0.027604166666666666 0.014166666666666666
2 0.6424479166666667 0.43375 0.05364583333333333 0.049166666666666664
2 1.0 0.895 0.0 0.17
15 0.8966145833333333 0.43041666666666667 0.019270833333333334 0.015833333333333335
4 0.49583333333333335 0.5083333333333333 0.07916666666666666 0.08166666666666667
2 0.13098958333333333 0.6629166666666667 0.16510416666666666 0.14916666666666667
2 0.0 0.8629166666666667 0.0 0.1975
2 0.3229166666666667 0.46208333333333335 0.05625 0.0525
2 0.20885416666666667 0.49666666666666665 0.07083333333333333 0.058333333333333334
1 0.01796875 0.61375 0.0359375 0.07416666666666667
2 0.016145833333333335 0.5629166666666666 0.022916666666666665 0.049166666666666664