4 0.37109375 0.565 0.09114583333333333 0.09333333333333334
6 0.23020833333333332 0.6479166666666667 0.15 0.15083333333333335
2 0.05130208333333333 0.8216666666666667 0.10260416666666666 0.235
4 0.34817708333333336 0.53625 0.09427083333333333 0.0875
4 0.18567708333333333 0.6258333333333334 0.1078125 0.11
2 0.22057291666666667 0.49166666666666664 0.06822916666666666 0.05333333333333334
2 0.14921875 0.5358333333333334 0.04010416666666667 0.018333333333333333
4 0.21458333333333332 0.51375 0.08020833333333334 0.06416666666666666
6 0.07942708333333333 0.5841666666666666 0.1265625 0.09166666666666666
2 0.0033854166666666668 0.6275 0.0067708333333333336 0.11
11 0.8036458333333333 0.5704166666666667 0.29375 0.1725
2 0.5809895833333333 0.6904166666666667 0.1640625 0.1475
15 0.45703125 0.47583333333333333 0.0109375 0.015
15 0.5036458333333333 0.6425 0.041666666666666664 0.03833333333333333
15 0.475 0.6879166666666666 0.04895833333333333 0.0425
15 0.49244791666666665 0.71125 0.058854166666666666 0.05583333333333333
15 0.45208333333333334 0.7391666666666666 0.017708333333333333 0.03833333333333333
15 0.7375 0.49583333333333335 0.0020833333333333333 0.013333333333333334
11 0.953125 0.4141666666666667 0.09375 0.10666666666666667
4 0.4984375 0.4325 0.041666666666666664 0.03666666666666667
4 0.7776041666666667 0.4820833333333333 0.075 0.06583333333333333
4 0.6684895833333333 0.43875 0.059895833333333336 0.050833333333333335