2 0.6044270833333333 0.4504166666666667 0.03177083333333333 0.0425
4 0.8333333333333334 0.6020833333333333 0.15208333333333332 0.10916666666666666
5 0.48984375 0.4970833333333333 0.0859375 0.0825
2 0.39609375 0.73 0.1671875 0.15
5 0.08098958333333334 0.7725 0.16197916666666667 0.245
4 0.16640625 0.53625 0.07239583333333334 0.06583333333333333
15 0.8171875 0.4608333333333333 0.029166666666666667 0.025
15 0.8489583333333334 0.43333333333333335 0.016666666666666666 0.013333333333333334
15 0.8783854166666667 0.42291666666666666 0.0328125 0.019166666666666665
2 0.43645833333333334 0.4970833333333333 0.030208333333333334 0.034166666666666665
15 0.9325520833333333 0.4275 0.0203125 0.015
15 0.89453125 0.43041666666666667 0.018229166666666668 0.014166666666666666