4 0.9307291666666667 0.33458333333333334 0.134375 0.10583333333333333
2 0.7658854166666667 0.35791666666666666 0.12552083333333333 0.08083333333333333
4 0.2375 0.33708333333333335 0.12083333333333333 0.0875
0 0.63046875 0.35375 0.09427083333333333 0.07916666666666666
4 0.8479166666666667 0.31 0.08541666666666667 0.07
4 0.71015625 0.31333333333333335 0.11822916666666666 0.075
0 0.56328125 0.3225 0.0734375 0.065
2 0.39921875 0.3308333333333333 0.0984375 0.07666666666666666
4 0.3653645833333333 0.365 0.11927083333333334 0.09166666666666666
4 0.7036458333333333 0.44458333333333333 0.159375 0.10916666666666666
2 0.16536458333333334 0.38083333333333336 0.15364583333333334 0.09
2 0.051041666666666666 0.44083333333333335 0.10208333333333333 0.09666666666666666
4 0.9458333333333333 0.44166666666666665 0.10833333333333334 0.10333333333333333
2 0.4859375 0.44166666666666665 0.14895833333333333 0.1
0 0.30703125 0.44166666666666665 0.1234375 0.1
4 0.027604166666666666 0.37958333333333333 0.05520833333333333 0.0925
4 0.06197916666666667 0.3416666666666667 0.121875 0.065