15 0.5067708333333333 0.5416666666666666 0.035416666666666666 0.02666666666666667
15 0.5458333333333333 0.5341666666666667 0.03125 0.028333333333333332
15 0.5723958333333333 0.5125 0.016666666666666666 0.018333333333333333
15 0.6026041666666667 0.5120833333333333 0.021875 0.024166666666666666
15 0.5841145833333333 0.4979166666666667 0.018229166666666668 0.019166666666666665
15 0.6338541666666667 0.49083333333333334 0.026041666666666668 0.021666666666666667
2 0.3533854166666667 0.5891666666666666 0.09947916666666666 0.105
4 0.2794270833333333 0.5733333333333334 0.0953125 0.09666666666666666
3 0.21536458333333333 0.5108333333333334 0.08072916666666667 0.06833333333333333
4 0.0984375 0.6795833333333333 0.15625 0.14583333333333334
4 0.18151041666666667 0.6975 0.14739583333333334 0.155
3 0.8872395833333333 0.5858333333333333 0.17864583333333334 0.105
15 0.5356770833333333 0.6883333333333334 0.0453125 0.045
5 0.29401041666666666 0.4533333333333333 0.06927083333333334 0.04666666666666667
2 0.48359375 0.42625 0.04635416666666667 0.0225
2 0.94453125 0.45125 0.10989583333333333 0.05583333333333333