15 0.6 0.49083333333333334 0.020833333333333332 0.023333333333333334
15 0.5919270833333333 0.5054166666666666 0.021354166666666667 0.019166666666666665
15 0.5877604166666667 0.5125 0.013020833333333334 0.02
13 0.5611979166666666 0.5270833333333333 0.034895833333333334 0.04083333333333333
15 0.5286458333333334 0.5279166666666667 0.014583333333333334 0.020833333333333332
2 0.96953125 0.47791666666666666 0.0609375 0.0775
2 0.6549479166666666 0.41541666666666666 0.019270833333333334 0.0425
2 0.01484375 0.61375 0.0296875 0.06916666666666667
2 0.0125 0.5895833333333333 0.025 0.0675
2 0.13958333333333334 0.5270833333333333 0.052083333333333336 0.0275
2 0.20546875 0.5308333333333334 0.07135416666666666 0.041666666666666664
3 0.3796875 0.5633333333333334 0.10520833333333333 0.11
15 0.7489583333333333 0.6420833333333333 0.051041666666666666 0.050833333333333335
12 1.0 0.4554166666666667 0.0 0.05416666666666667