5 0.35078125 0.5745833333333333 0.1109375 0.11416666666666667
4 0.32447916666666665 0.5429166666666667 0.07395833333333333 0.0775
4 0.190625 0.6275 0.125 0.12333333333333334
2 0.023177083333333334 0.7908333333333334 0.04635416666666667 0.22666666666666666
13 0.4817708333333333 0.52 0.046875 0.041666666666666664
13 0.5299479166666666 0.5408333333333334 0.0390625 0.03333333333333333
2 0.21744791666666666 0.51375 0.0890625 0.07083333333333333
0 0.023177083333333334 0.6091666666666666 0.033854166666666664 0.045
2 0.12473958333333333 0.5379166666666667 0.015104166666666667 0.019166666666666665
15 0.5614583333333333 0.5233333333333333 0.036458333333333336 0.02666666666666667
15 0.5940104166666667 0.5279166666666667 0.022395833333333334 0.025833333333333333
15 0.5716145833333334 0.5504166666666667 0.034895833333333334 0.0275
4 0.8192708333333333 0.4245833333333333 0.07708333333333334 0.050833333333333335