5 0.8471354166666667 0.28791666666666665 0.1359375 0.0875
4 0.8802083333333334 0.34041666666666665 0.128125 0.08083333333333333
3 0.64296875 0.3125 0.1109375 0.08666666666666667
2 0.6856770833333333 0.35625 0.12864583333333332 0.0925
2 0.5911458333333334 0.53 0.18958333333333333 0.13
11 0.8809895833333333 0.48625 0.23802083333333332 0.23583333333333334
4 0.5260416666666666 0.3566666666666667 0.121875 0.095
13 0.765625 0.2725 0.023958333333333335 0.03666666666666667
13 0.4830729166666667 0.4245833333333333 0.06510416666666667 0.0475
5 0.08098958333333334 0.47041666666666665 0.16197916666666667 0.22416666666666665
2 0.7260416666666667 0.2525 0.06458333333333334 0.01