2 0.9416666666666667 0.47583333333333333 0.11666666666666667 0.07833333333333334
2 0.7330729166666666 0.4725 0.09427083333333333 0.07166666666666667
2 0.55703125 0.4195833333333333 0.0296875 0.010833333333333334
15 0.35651041666666666 0.45958333333333334 0.0109375 0.010833333333333334
15 0.3841145833333333 0.45458333333333334 0.0234375 0.0175
15 0.440625 0.44666666666666666 0.010416666666666666 0.01
15 0.69296875 0.4975 0.025520833333333333 0.021666666666666667
15 0.8846354166666667 0.53125 0.0234375 0.024166666666666666
15 0.5783854166666667 0.6170833333333333 0.043229166666666666 0.0375
15 0.49661458333333336 0.6225 0.0328125 0.03333333333333333
15 0.4361979166666667 0.4683333333333333 0.018229166666666668 0.013333333333333334
15 0.43072916666666666 0.45375 0.0020833333333333333 0.005833333333333334
2 0.9411458333333333 0.59375 0.11770833333333333 0.10083333333333333
2 0.7067708333333333 0.6208333333333333 0.15104166666666666 0.10666666666666667
2 0.4005208333333333 0.7329166666666667 0.14583333333333334 0.15583333333333332
2 0.3294270833333333 0.59375 0.1171875 0.1225
2 0.17239583333333333 0.7041666666666667 0.15833333333333333 0.165
2 0.29661458333333335 0.555 0.1078125 0.09833333333333333
6 0.1546875 0.6216666666666667 0.17395833333333333 0.15333333333333332
2 0.23489583333333333 0.495 0.06666666666666667 0.056666666666666664
13 0.16588541666666667 0.5383333333333333 0.04010416666666667 0.028333333333333332
2 0.14583333333333334 0.5258333333333334 0.06770833333333333 0.03833333333333333
2 0.012239583333333333 0.595 0.024479166666666666 0.09333333333333334
2 0.0 0.7020833333333333 0.0 0.16083333333333333
2 0.99609375 0.45458333333333334 0.0078125 0.06583333333333333