2 0.34453125 0.5879166666666666 0.10572916666666667 0.11083333333333334
3 0.17369791666666667 0.6941666666666667 0.18697916666666667 0.19
4 0.3020833333333333 0.55375 0.09375 0.0875
4 0.13880208333333333 0.6504166666666666 0.14739583333333334 0.13916666666666666
2 0.0046875 0.8125 0.009375 0.205
1 0.20286458333333332 0.5166666666666667 0.0671875 0.058333333333333334
2 0.13515625 0.5370833333333334 0.04635416666666667 0.035833333333333335
2 0.7677083333333333 0.4266666666666667 0.071875 0.04666666666666667
2 0.6018229166666667 0.4375 0.0484375 0.05
2 0.9755208333333333 0.4354166666666667 0.04895833333333333 0.05416666666666667
2 0.9908854166666666 0.4633333333333333 0.018229166666666668 0.07666666666666666