2 0.340625 0.5841666666666666 0.10520833333333333 0.11166666666666666
2 0.13359375 0.72625 0.1734375 0.17583333333333334
4 0.29583333333333334 0.5604166666666667 0.09479166666666666 0.09083333333333334
4 0.13203125 0.6591666666666667 0.14635416666666667 0.12833333333333333
4 0.87265625 0.6079166666666667 0.14739583333333334 0.10416666666666667
2 0.4283854166666667 0.41 0.0234375 0.035
15 0.5270833333333333 0.4895833333333333 0.026041666666666668 0.0225
15 0.4942708333333333 0.49875 0.017708333333333333 0.019166666666666665
15 0.50625 0.5125 0.03229166666666667 0.03166666666666667
15 0.5203125 0.5120833333333333 0.025 0.024166666666666666
4 0.2421875 0.5033333333333333 0.07083333333333333 0.06
2 0.16640625 0.52 0.08177083333333333 0.065
2 0.012760416666666666 0.5983333333333334 0.025520833333333333 0.04666666666666667