2 0.34427083333333336 0.5875 0.11145833333333334 0.11833333333333333
3 0.17317708333333334 0.6933333333333334 0.19322916666666667 0.19166666666666668
4 0.30130208333333336 0.5541666666666667 0.0953125 0.08833333333333333
4 0.13932291666666666 0.65125 0.14739583333333334 0.13916666666666666
2 0.005208333333333333 0.8129166666666666 0.010416666666666666 0.21083333333333334
1 0.20260416666666667 0.51625 0.06875 0.0625
2 0.13541666666666666 0.5370833333333334 0.046875 0.035833333333333335
2 0.0109375 0.6091666666666666 0.021875 0.09333333333333334
3 0.18307291666666667 0.4841666666666667 0.0796875 0.056666666666666664
2 0.6875 0.41333333333333333 0.052083333333333336 0.04
2 0.9848958333333333 0.45625 0.030208333333333334 0.06583333333333333