2 0.6833333333333333 0.51375 0.18958333333333333 0.13083333333333333
4 0.9296875 0.525 0.140625 0.13666666666666666
2 0.5997395833333333 0.4525 0.1234375 0.09833333333333333
2 0.8338541666666667 0.445 0.15208333333333332 0.095
2 0.8315104166666667 0.3475 0.11822916666666666 0.07333333333333333
2 0.6768229166666667 0.3591666666666667 0.11927083333333334 0.085
4 0.4674479166666667 0.36375 0.11197916666666667 0.08583333333333333
4 0.25390625 0.3725 0.1296875 0.08666666666666667
2 0.06822916666666666 0.3954166666666667 0.13645833333333332 0.06916666666666667
4 0.77734375 0.3095833333333333 0.12135416666666667 0.07583333333333334
4 0.6526041666666667 0.325 0.10729166666666666 0.08
2 0.51953125 0.3275 0.09635416666666667 0.06666666666666667
2 0.35520833333333335 0.3333333333333333 0.11458333333333333 0.075
4 0.20286458333333332 0.3275 0.12864583333333332 0.085
4 0.0453125 0.3329166666666667 0.090625 0.08083333333333333
0 0.20104166666666667 0.44416666666666665 0.15520833333333334 0.105
2 0.8932291666666666 0.32 0.034375 0.055
13 0.93125 0.7791666666666667 0.1375 0.14
0 0.9953125 0.44333333333333336 0.009375 0.1
4 0.9333333333333333 0.3416666666666667 0.058333333333333334 0.07666666666666666