2 0.33984375 0.5875 0.0984375 0.10666666666666667
2 0.10182291666666667 0.7458333333333333 0.1984375 0.20166666666666666
4 0.30807291666666664 0.5541666666666667 0.1015625 0.095
4 0.17734375 0.6458333333333334 0.13489583333333333 0.12166666666666667
5 0.18776041666666668 0.51125 0.1046875 0.0825
1 0.13177083333333334 0.5308333333333334 0.0375 0.023333333333333334
1 0.01875 0.6045833333333334 0.0375 0.060833333333333336
2 0.011458333333333333 0.5904166666666667 0.022916666666666665 0.0675
2 0.6973958333333333 0.65875 0.16354166666666667 0.13416666666666666
2 1.0 0.61375 0.0 0.17416666666666666
11 0.7684895833333333 0.4691666666666667 0.2359375 0.13833333333333334
2 0.49947916666666664 0.405 0.034375 0.02666666666666667
15 0.6859375 0.5283333333333333 0.025 0.02666666666666667
15 0.5203125 0.47583333333333333 0.008333333333333333 0.018333333333333333
15 0.54140625 0.48291666666666666 0.0203125 0.020833333333333332
13 0.503125 0.49875 0.029166666666666667 0.025833333333333333
15 0.471875 0.4970833333333333 0.019791666666666666 0.0175
15 0.39166666666666666 0.43291666666666667 0.013541666666666667 0.0125
15 0.353125 0.445 0.013541666666666667 0.013333333333333334
15 0.31614583333333335 0.4429166666666667 0.0125 0.0125
15 0.39609375 0.43166666666666664 0.013020833333333334 0.011666666666666667
15 0.33177083333333335 0.42875 0.011458333333333333 0.0075
15 0.3765625 0.42333333333333334 0.0020833333333333333 0.011666666666666667
5 0.65625 0.3908333333333333 0.05416666666666667 0.013333333333333334