2 0.47109375 0.7320833333333333 0.17864583333333334 0.15583333333333332
15 0.52109375 0.5983333333333334 0.04010416666666667 0.043333333333333335
4 0.4510416666666667 0.5220833333333333 0.08333333333333333 0.0825
4 0.5119791666666667 0.4395833333333333 0.008333333333333333 0.0225
6 0.7252604166666666 0.4008333333333333 0.0578125 0.03833333333333333
2 0.24505208333333334 0.5008333333333334 0.07447916666666667 0.065
2 0.2552083333333333 0.4766666666666667 0.058333333333333334 0.05333333333333334
2 0.37864583333333335 0.42375 0.034375 0.034166666666666665
3 0.4328125 0.4166666666666667 0.03958333333333333 0.03833333333333333
15 0.6130208333333333 0.49083333333333334 0.026041666666666668 0.023333333333333334
2 0.0 0.8008333333333333 0.0 0.20666666666666667