2 0.9815104166666667 0.4658333333333333 0.03697916666666667 0.06666666666666667
5 0.6940104166666666 0.41625 0.058854166666666666 0.0475
2 0.6018229166666667 0.45208333333333334 0.049479166666666664 0.0475
2 0.40859375 0.5541666666666667 0.0953125 0.09833333333333333
2 0.3671875 0.5258333333333334 0.07708333333333334 0.075
2 0.17786458333333333 0.6433333333333333 0.14010416666666667 0.12833333333333333
6 0.07473958333333333 0.7741666666666667 0.14947916666666666 0.26166666666666666
3 0.33125 0.45916666666666667 0.06041666666666667 0.051666666666666666
4 0.24505208333333334 0.47875 0.07447916666666667 0.059166666666666666
2 0.16197916666666667 0.5416666666666666 0.096875 0.08
15 0.9713541666666666 0.6954166666666667 0.057291666666666664 0.07916666666666666
15 0.796875 0.47833333333333333 0.028125 0.025
15 0.7013020833333333 0.4816666666666667 0.027604166666666666 0.025
13 0.8768229166666667 0.5204166666666666 0.050520833333333334 0.0375
15 0.8895833333333333 0.44083333333333335 0.03229166666666667 0.018333333333333333
15 0.8520833333333333 0.4245833333333333 0.030208333333333334 0.015833333333333335