1 0.390625 0.5595833333333333 0.08333333333333333 0.08916666666666667
4 0.309375 0.5604166666666667 0.09479166666666666 0.08916666666666667
2 0.26119791666666664 0.6454166666666666 0.14010416666666667 0.14583333333333334
4 0.06380208333333333 0.7195833333333334 0.12760416666666666 0.17083333333333334
2 0.0 0.89875 0.0 0.2025
13 0.11744791666666667 0.7408333333333333 0.09947916666666666 0.1
0 0.22369791666666666 0.5120833333333333 0.08385416666666666 0.0625
2 0.128125 0.54625 0.0125 0.009166666666666667
15 0.5690104166666666 0.52 0.025520833333333333 0.028333333333333332
15 0.61328125 0.49875 0.027604166666666666 0.0375
13 0.6747395833333333 0.4995833333333333 0.03177083333333333 0.030833333333333334
11 0.3723958333333333 0.42333333333333334 0.10833333333333334 0.055