3 0.5822916666666667 0.5170833333333333 0.19791666666666666 0.14916666666666667
4 0.84140625 0.5291666666666667 0.1890625 0.12333333333333334
3 0.7705729166666667 0.44583333333333336 0.19010416666666666 0.11833333333333333
2 0.4544270833333333 0.4483333333333333 0.15260416666666668 0.105
4 0.26666666666666666 0.5254166666666666 0.20520833333333333 0.1375
2 0.20104166666666667 0.4533333333333333 0.16979166666666667 0.09833333333333333
2 0.05078125 0.5279166666666667 0.1015625 0.12583333333333332
2 0.005729166666666666 0.4525 0.011458333333333333 0.08666666666666667
2 0.06510416666666667 0.38208333333333333 0.13020833333333334 0.08916666666666667
2 0.0140625 0.3441666666666667 0.028125 0.07
2 0.14661458333333333 0.34541666666666665 0.0640625 0.07083333333333333
4 0.24661458333333333 0.37333333333333335 0.13489583333333333 0.095
4 0.3184895833333333 0.33125 0.10885416666666667 0.0775
2 0.45703125 0.37125 0.12239583333333333 0.0925
5 0.4744791666666667 0.31166666666666665 0.121875 0.095
2 0.6479166666666667 0.3545833333333333 0.12395833333333334 0.07916666666666666
2 0.646875 0.31958333333333333 0.09895833333333333 0.07083333333333333
4 0.7940104166666667 0.3545833333333333 0.1078125 0.07583333333333334
5 0.7815104166666667 0.30666666666666664 0.13177083333333334 0.08333333333333333
2 0.93671875 0.34208333333333335 0.1171875 0.07083333333333333
2 0.9723958333333333 0.44666666666666666 0.05520833333333333 0.115
13 0.92890625 0.7720833333333333 0.1421875 0.12916666666666668
2 1.0 0.8554166666666667 0.0 0.19083333333333333