6 0.3619791666666667 0.5695833333333333 0.1125 0.1125
2 0.18177083333333333 0.69625 0.16354166666666667 0.16583333333333333
4 0.24375 0.5958333333333333 0.1125 0.10333333333333333
2 0.06328125 0.7245833333333334 0.1265625 0.1725
4 0.17890625 0.5304166666666666 0.09010416666666667 0.07083333333333333
2 0.017447916666666667 0.6316666666666667 0.034895833333333334 0.11833333333333333
2 0.19375 0.4791666666666667 0.07604166666666666 0.04833333333333333
15 0.60390625 0.48333333333333334 0.019270833333333334 0.018333333333333333
15 0.62734375 0.5070833333333333 0.028645833333333332 0.0475
15 0.5674479166666667 0.5125 0.015104166666666667 0.015
15 0.5421875 0.5270833333333333 0.017708333333333333 0.024166666666666666
15 0.590625 0.5254166666666666 0.021875 0.0225
15 0.5986979166666667 0.5508333333333333 0.0296875 0.03
15 0.56015625 0.5570833333333334 0.0359375 0.0425
13 0.5213541666666667 0.5641666666666667 0.034375 0.035