4 0.68515625 0.6558333333333334 0.1578125 0.13
2 0.47552083333333334 0.5108333333333334 0.06979166666666667 0.07166666666666667
2 0.3424479166666667 0.5891666666666666 0.09322916666666667 0.09833333333333333
4 0.30546875 0.55875 0.10572916666666667 0.10083333333333333
2 0.17421875 0.705 0.1703125 0.17
2 0.12630208333333334 0.6716666666666666 0.12864583333333332 0.13166666666666665
15 0.5658854166666667 0.54625 0.028645833333333332 0.019166666666666665
15 0.5723958333333333 0.53375 0.028125 0.015833333333333335
15 0.5760416666666667 0.5191666666666667 0.025 0.018333333333333333
15 0.58125 0.5125 0.016666666666666666 0.015
15 0.6263020833333334 0.4975 0.022395833333333334 0.03166666666666667
15 0.596875 0.48291666666666666 0.016666666666666666 0.015833333333333335
2 0.5369791666666667 0.41791666666666666 0.040625 0.0225
3 0.6645833333333333 0.40208333333333335 0.04791666666666667 0.03916666666666667
2 1.0 0.4675 0.0 0.06
2 0.36041666666666666 0.43125 0.046875 0.009166666666666667
2 0.29244791666666664 0.4425 0.043229166666666666 0.02666666666666667
2 0.15104166666666666 0.4820833333333333 0.058333333333333334 0.0475
0 0.20260416666666667 0.51875 0.06979166666666667 0.060833333333333336
2 0.14583333333333334 0.5283333333333333 0.06770833333333333 0.041666666666666664
2 0.0125 0.6020833333333333 0.025 0.08083333333333333