4 0.2955729166666667 0.5566666666666666 0.09322916666666667 0.09166666666666666
4 0.11692708333333333 0.6625 0.1515625 0.13666666666666666
4 0.3723958333333333 0.56 0.08854166666666667 0.09666666666666666
2 0.22421875 0.66125 0.14010416666666667 0.14083333333333334
4 0.9765625 0.5870833333333333 0.046875 0.09416666666666666
5 0.20885416666666667 0.5054166666666666 0.06875 0.059166666666666666
2 0.6817708333333333 0.42875 0.05416666666666667 0.0175
15 0.64453125 0.4825 0.021354166666666667 0.016666666666666666
15 0.5861979166666667 0.5120833333333333 0.0171875 0.014166666666666666
15 0.54296875 0.5275 0.0203125 0.023333333333333334
15 0.5630208333333333 0.5125 0.019791666666666666 0.02
2 0.0015625 0.8508333333333333 0.003125 0.21
2 0.13541666666666666 0.5391666666666667 0.05416666666666667 0.058333333333333334
2 0.013020833333333334 0.6133333333333333 0.026041666666666668 0.105
0 0.17135416666666667 0.46875 0.05 0.04416666666666667
11 0.9854166666666667 0.40125 0.029166666666666667 0.10083333333333333