4 0.29401041666666666 0.5616666666666666 0.0984375 0.09666666666666666
2 0.34088541666666666 0.5854166666666667 0.10572916666666667 0.1125
4 0.13411458333333334 0.6595833333333333 0.1421875 0.12916666666666668
15 0.5479166666666667 0.5266666666666666 0.021875 0.021666666666666667
15 1.0 0.6791666666666667 0.0 0.08166666666666667
2 0.0049479166666666664 0.8104166666666667 0.009895833333333333 0.2025
4 0.24166666666666667 0.50375 0.06979166666666667 0.060833333333333336
2 0.165625 0.5191666666666667 0.08229166666666667 0.065
2 0.010677083333333334 0.58875 0.021354166666666667 0.04416666666666667
13 0.15208333333333332 0.48875 0.03125 0.0225
2 0.0 0.5670833333333334 0.0 0.07916666666666666
2 0.31666666666666665 0.44083333333333335 0.05 0.041666666666666664