4 0.40598958333333335 0.54625 0.08177083333333333 0.09083333333333334
4 0.34010416666666665 0.54 0.08645833333333333 0.08333333333333333
1 0.16302083333333334 0.7066666666666667 0.134375 0.145
15 0.63515625 0.49083333333333334 0.0203125 0.02666666666666667
15 0.6161458333333333 0.5120833333333333 0.020833333333333332 0.019166666666666665
4 0.2109375 0.5083333333333333 0.07395833333333333 0.06666666666666667
2 0.13828125 0.5375 0.04739583333333333 0.025
2 0.01171875 0.61125 0.0234375 0.10416666666666667
2 0.02421875 0.61625 0.0140625 0.020833333333333332
3 0.03671875 0.7616666666666667 0.0734375 0.23333333333333334
2 0.7057291666666666 0.4170833333333333 0.0625 0.034166666666666665
1 0.8911458333333333 0.43875 0.08958333333333333 0.04083333333333333