4 0.64375 0.5216666666666666 0.17291666666666666 0.14666666666666667
4 0.8869791666666667 0.51375 0.22604166666666667 0.15416666666666667
2 1.0 0.5333333333333333 0.0 0.14166666666666666
2 0.95703125 0.44625 0.0859375 0.1025
3 0.7708333333333334 0.4379166666666667 0.18645833333333334 0.12083333333333333
2 0.5479166666666667 0.4429166666666667 0.15 0.10083333333333333
2 0.5901041666666667 0.36916666666666664 0.125 0.07666666666666666
2 0.6203125 0.3229166666666667 0.10625 0.06583333333333333
2 0.7307291666666667 0.35541666666666666 0.109375 0.07583333333333334
3 0.7692708333333333 0.3129166666666667 0.12083333333333333 0.0875
3 0.9125 0.33458333333333334 0.146875 0.09416666666666666
2 0.6989583333333333 0.30125 0.036458333333333336 0.050833333333333335
12 0.8333333333333334 0.26125 0.09375 0.08583333333333333
4 0.0390625 0.44 0.078125 0.11