2 0.29322916666666665 0.5658333333333333 0.09895833333333333 0.09333333333333334
2 0.34791666666666665 0.5879166666666666 0.09583333333333334 0.10083333333333333
3 0.12265625 0.6595833333333333 0.1703125 0.1575
13 0.24010416666666667 0.6445833333333333 0.06666666666666667 0.06916666666666667
2 0.08567708333333333 0.7608333333333334 0.17135416666666667 0.21
6 0.20416666666666666 0.5045833333333334 0.10104166666666667 0.08416666666666667
2 0.021354166666666667 0.6041666666666666 0.042708333333333334 0.1
6 0.6018229166666667 0.41833333333333333 0.06927083333333334 0.04833333333333333
11 0.5091145833333334 0.4170833333333333 0.10364583333333334 0.07083333333333333
15 0.49322916666666666 0.4479166666666667 0.035416666666666666 0.0325
15 0.5010416666666667 0.46416666666666667 0.01875 0.02
15 0.4953125 0.47 0.023958333333333335 0.02666666666666667
15 0.4796875 0.4608333333333333 0.022916666666666665 0.02
15 0.44583333333333336 0.45875 0.025 0.0375
15 0.4484375 0.47208333333333335 0.030208333333333334 0.029166666666666667
15 0.43333333333333335 0.4795833333333333 0.029166666666666667 0.025833333333333333
15 0.4203125 0.4816666666666667 0.023958333333333335 0.01
15 0.4231770833333333 0.46416666666666667 0.0484375 0.03833333333333333
15 0.7122395833333334 0.50625 0.03697916666666667 0.025833333333333333
15 0.4705729166666667 0.4579166666666667 0.024479166666666666 0.024166666666666666