2 0.29453125 0.56625 0.1015625 0.0975
2 0.35078125 0.5879166666666666 0.09322916666666667 0.10416666666666667
13 0.24140625 0.6475 0.07135416666666666 0.07166666666666667
3 0.121875 0.6604166666666667 0.16979166666666667 0.15916666666666668
4 0.08567708333333333 0.7604166666666666 0.17135416666666667 0.20916666666666667
6 0.20416666666666666 0.5070833333333333 0.10104166666666667 0.08916666666666667
2 0.020833333333333332 0.6045833333333334 0.041666666666666664 0.1025
12 0.79921875 0.44 0.09947916666666666 0.06333333333333334
15 0.7127604166666667 0.505 0.033854166666666664 0.03
15 0.6390625 0.4795833333333333 0.029166666666666667 0.04083333333333333
15 0.61640625 0.4979166666666667 0.018229166666666668 0.025833333333333333
15 0.6385416666666667 0.4975 0.015625 0.018333333333333333
15 0.6075520833333333 0.5058333333333334 0.0234375 0.03
15 0.5885416666666666 0.52 0.03125 0.028333333333333332
15 0.5580729166666667 0.5304166666666666 0.0296875 0.0325
15 0.5341145833333333 0.5266666666666666 0.0203125 0.021666666666666667
15 0.5002604166666667 0.5475 0.024479166666666666 0.023333333333333334