2 1.0 0.8520833333333333 0.0 0.21416666666666667
13 0.9291666666666667 0.7733333333333333 0.14166666666666666 0.14166666666666666
3 0.7143229166666667 0.5125 0.2109375 0.15
3 0.31171875 0.51 0.20260416666666667 0.15666666666666668
4 0.3731770833333333 0.4395833333333333 0.14635416666666667 0.11083333333333334
2 0.5666666666666667 0.45208333333333334 0.15833333333333333 0.1025
2 0.08151041666666667 0.52125 0.16302083333333334 0.1425
2 0.14427083333333332 0.4425 0.16666666666666666 0.105
4 0.37421875 0.365 0.12239583333333333 0.09166666666666666
2 0.19088541666666667 0.37916666666666665 0.14739583333333334 0.08833333333333333
0 0.5419270833333333 0.36583333333333334 0.09322916666666667 0.07
4 0.8981770833333333 0.4454166666666667 0.1734375 0.10416666666666667
2 0.9341145833333333 0.5245833333333333 0.13177083333333334 0.1325
4 0.9979166666666667 0.44916666666666666 0.004166666666666667 0.10833333333333334
4 0.7315104166666667 0.3075 0.10885416666666667 0.07333333333333333
2 0.7307291666666667 0.36041666666666666 0.10729166666666666 0.050833333333333335
2 0.534375 0.32708333333333334 0.10833333333333334 0.07416666666666667
2 0.40963541666666664 0.3408333333333333 0.06927083333333334 0.04666666666666667
2 0.13802083333333334 0.34208333333333335 0.12395833333333334 0.08083333333333333
2 0.03958333333333333 0.38083333333333336 0.07916666666666666 0.08833333333333333
0 0.9010416666666666 0.34125 0.10625 0.07416666666666667
4 0.8955729166666667 0.31416666666666665 0.11822916666666666 0.08833333333333333
2 0.0 0.44375 0.0 0.10916666666666666
2 0.7369791666666666 0.25583333333333336 0.071875 0.011666666666666667