2 0.9473958333333333 0.6608333333333334 0.10520833333333333 0.105
2 1.0 0.76 0.0 0.11166666666666666
2 0.421875 0.74875 0.16875 0.1475
2 0.0 0.64375 0.0 0.09583333333333334
2 0.38645833333333335 0.5808333333333333 0.11458333333333333 0.08166666666666667
2 0.21328125 0.58875 0.1390625 0.0825
2 0.025520833333333333 0.5995833333333334 0.051041666666666666 0.07083333333333333
4 0.5669270833333333 0.5733333333333334 0.10052083333333334 0.07666666666666666
2 0.7200520833333334 0.57 0.1109375 0.06666666666666667
4 0.8416666666666667 0.55375 0.11770833333333333 0.07916666666666666
2 0.5442708333333334 0.5425 0.09166666666666666 0.065
4 0.5984375 0.5120833333333333 0.090625 0.060833333333333336
2 0.7278645833333334 0.49875 0.0671875 0.060833333333333336
2 0.990625 0.99 0.01875 0.02
13 0.9020833333333333 0.965 0.146875 0.07
2 0.7130208333333333 0.54 0.09166666666666666 0.055
4 0.76015625 0.4816666666666667 0.058854166666666666 0.07333333333333333