4 0.37083333333333335 0.565 0.09166666666666666 0.09666666666666666
6 0.22890625 0.6483333333333333 0.15052083333333333 0.15833333333333333
2 0.05182291666666667 0.8220833333333334 0.10364583333333334 0.23416666666666666
4 0.34869791666666666 0.5370833333333334 0.0953125 0.0875
4 0.18645833333333334 0.6266666666666667 0.109375 0.10833333333333334
2 0.2203125 0.49333333333333335 0.06875 0.051666666666666666
2 0.14947916666666666 0.5366666666666666 0.03958333333333333 0.016666666666666666
4 0.21510416666666668 0.51375 0.08125 0.06416666666666666
6 0.07838541666666667 0.5820833333333333 0.1296875 0.0825
2 0.0033854166666666668 0.6275 0.0067708333333333336 0.11
15 0.65703125 0.6416666666666667 0.03802083333333333 0.041666666666666664
2 0.9057291666666667 0.5779166666666666 0.13958333333333334 0.09583333333333334
0 0.81015625 0.6545833333333333 0.10052083333333334 0.13916666666666666
11 0.9528645833333333 0.415 0.09427083333333333 0.11
2 0.81328125 0.46291666666666664 0.08802083333333334 0.049166666666666664
4 0.3109375 0.76375 0.153125 0.09083333333333334
15 0.61328125 0.5191666666666667 0.033854166666666664 0.02666666666666667
15 0.6864583333333333 0.49083333333333334 0.035416666666666666 0.025
15 0.7044270833333334 0.5045833333333334 0.03697916666666667 0.029166666666666667
15 0.725 0.5125 0.028125 0.025
15 0.7544270833333333 0.5041666666666667 0.016145833333333335 0.018333333333333333