13 0.9385416666666667 0.7733333333333333 0.12291666666666666 0.095
2 1.0 0.8841666666666667 0.0 0.23166666666666666
2 1.0 0.5358333333333334 0.0 0.13666666666666666
2 1.0 0.45708333333333334 0.0 0.1075
2 1.0 0.5254166666666666 0.0 0.12083333333333333
2 0.9932291666666667 0.4525 0.013541666666666667 0.09666666666666666
2 0.89765625 0.5245833333333333 0.2046875 0.12416666666666666
0 0.8111979166666666 0.445 0.1359375 0.09
3 0.65703125 0.5279166666666667 0.2046875 0.1475
2 0.5614583333333333 0.44375 0.14791666666666667 0.1025
2 0.3260416666666667 0.4454166666666667 0.15625 0.10916666666666666
2 0.37994791666666666 0.5279166666666667 0.1859375 0.13583333333333333
2 0.0 0.4475 0.0 0.095
4 0.10234375 0.37166666666666665 0.1703125 0.095
2 0.27369791666666665 0.38125 0.14114583333333333 0.08583333333333333
4 0.46588541666666666 0.36583333333333334 0.10677083333333333 0.08333333333333333
2 0.6640625 0.3591666666666667 0.125 0.08666666666666667
4 0.8393229166666667 0.34875 0.1203125 0.0675
4 0.9541666666666667 0.34541666666666665 0.08125 0.07083333333333333
2 0.8544270833333333 0.3125 0.10052083333333334 0.06666666666666667
0 0.7143229166666667 0.32083333333333336 0.0953125 0.07
0 0.5322916666666667 0.3279166666666667 0.09583333333333334 0.07416666666666667
3 0.35859375 0.32666666666666666 0.12135416666666667 0.08833333333333333
0 0.20885416666666667 0.3325 0.10625 0.07333333333333333
4 0.0 0.38625 0.0 0.0875
2 1.0 0.8541666666666666 0.0 0.22333333333333333