2 0.025 0.85125 0.05 0.25083333333333335
2 0.2109375 0.6766666666666666 0.14583333333333334 0.155
0 0.3580729166666667 0.5770833333333333 0.08697916666666666 0.0975
5 0.2981770833333333 0.5629166666666666 0.10989583333333333 0.1125
4 0.07291666666666667 0.71375 0.14583333333333334 0.18916666666666668
2 0.23255208333333333 0.5058333333333334 0.07760416666666667 0.06833333333333333
2 0.14244791666666667 0.55875 0.043229166666666666 0.0225
2 0.13098958333333333 0.5283333333333333 0.022395833333333334 0.011666666666666667
2 0.012239583333333333 0.655 0.024479166666666666 0.13833333333333334
15 0.37005208333333334 0.4529166666666667 0.021354166666666667 0.0225
15 0.43333333333333335 0.44 0.020833333333333332 0.015
11 0.9390625 0.5316666666666666 0.121875 0.225
2 0.6703125 0.4425 0.05520833333333333 0.02666666666666667
2 0.5885416666666666 0.45166666666666666 0.06041666666666667 0.043333333333333335
15 0.73671875 0.4979166666666667 0.0265625 0.0225