2 0.2869791666666667 0.46166666666666667 0.057291666666666664 0.04
2 0.5419270833333333 0.43083333333333335 0.05572916666666667 0.03666666666666667
2 0.8723958333333334 0.42291666666666666 0.008333333333333333 0.0325
6 0.8229166666666666 0.4191666666666667 0.09791666666666667 0.058333333333333334
15 0.6291666666666667 0.4970833333333333 0.020833333333333332 0.020833333333333332
15 0.6578125 0.5054166666666666 0.034375 0.0225
3 0.7505208333333333 0.7504166666666666 0.22708333333333333 0.20083333333333334
13 0.34401041666666665 0.53125 0.050520833333333334 0.04416666666666667
0 0.39088541666666665 0.5575 0.07552083333333333 0.085
2 0.0484375 0.76 0.096875 0.21166666666666667
4 0.16796875 0.5341666666666667 0.08802083333333334 0.06333333333333334
2 0.12682291666666667 0.5366666666666666 0.0171875 0.01
2 0.0033854166666666668 0.6529166666666667 0.0067708333333333336 0.11416666666666667
2 0.0015625 0.62375 0.003125 0.08583333333333333