5 0.8260416666666667 0.5058333333333334 0.24270833333333333 0.15833333333333333
2 0.9697916666666667 0.5216666666666666 0.06041666666666667 0.14
4 0.5854166666666667 0.32125 0.09479166666666666 0.07083333333333333
13 0.7143229166666667 0.35333333333333333 0.05260416666666667 0.035
2 0.7565104166666666 0.31875 0.10572916666666667 0.07083333333333333
2 0.8098958333333334 0.34833333333333333 0.128125 0.07
4 0.8731770833333333 0.31083333333333335 0.0734375 0.058333333333333334
2 0.9395833333333333 0.3416666666666667 0.057291666666666664 0.07
2 0.78828125 0.28291666666666665 0.06614583333333333 0.07416666666666667
4 0.43020833333333336 0.3275 0.10520833333333333 0.08166666666666667
4 0.26536458333333335 0.2525 0.04739583333333333 0.005
2 0.8236979166666667 0.24458333333333335 0.07760416666666667 0.0225