3 0.37994791666666666 0.5616666666666666 0.10677083333333333 0.10833333333333334
11 0.15911458333333334 0.725 0.3182291666666667 0.38166666666666665
2 0.3026041666666667 0.5604166666666667 0.05625 0.06916666666666667
6 0.1609375 0.53125 0.10416666666666667 0.0825
2 0.134375 0.5191666666666667 0.041666666666666664 0.028333333333333332
2 0.015885416666666666 0.6341666666666667 0.03177083333333333 0.105
13 0.7177083333333333 0.49875 0.03854166666666667 0.029166666666666667
13 0.66875 0.49625 0.03229166666666667 0.0225
11 1.0 0.6670833333333334 0.0 0.43583333333333335
11 0.7567708333333333 0.46 0.234375 0.13
4 0.9309895833333334 0.47708333333333336 0.12135416666666667 0.07583333333333334
13 0.6450520833333333 0.44458333333333333 0.013020833333333334 0.0075
15 1.0 0.71375 0.0 0.07916666666666666
15 0.559375 0.5416666666666666 0.021875 0.025
15 0.5205729166666667 0.5191666666666667 0.0296875 0.02666666666666667
15 0.5528645833333333 0.4975 0.0203125 0.018333333333333333
15 0.49192708333333335 0.4691666666666667 0.022395833333333334 0.016666666666666666
15 0.46979166666666666 0.46958333333333335 0.022916666666666665 0.0225
15 0.35520833333333335 0.44458333333333333 0.010416666666666666 0.0075
15 0.74140625 0.5045833333333334 0.016145833333333335 0.0175