13 0.5966145833333333 0.47041666666666665 0.0328125 0.0225
5 0.3966145833333333 0.5479166666666667 0.1015625 0.10083333333333333
4 0.340625 0.53375 0.08020833333333334 0.0775
2 0.24791666666666667 0.65125 0.12916666666666668 0.13416666666666666
13 0.24661458333333333 0.5954166666666667 0.044270833333333336 0.04416666666666667
2 0.075 0.8041666666666667 0.15 0.24333333333333335
3 0.21770833333333334 0.46166666666666667 0.06354166666666666 0.03833333333333333
6 0.24140625 0.48833333333333334 0.12239583333333333 0.09166666666666666
15 0.5567708333333333 0.5120833333333333 0.017708333333333333 0.015833333333333335
15 0.6125 0.49833333333333335 0.023958333333333335 0.02
13 0.6713541666666667 0.49166666666666664 0.04375 0.03
2 0.4114583333333333 0.41833333333333333 0.04479166666666667 0.01
2 0.55546875 0.4245833333333333 0.034895833333333334 0.014166666666666666
2 0.7018229166666666 0.42 0.07447916666666667 0.045
2 0.9546875 0.44166666666666665 0.090625 0.04833333333333333
2 0.15208333333333332 0.54625 0.084375 0.0725