13 0.7015625 0.65625 0.08020833333333334 0.06583333333333333
15 0.4856770833333333 0.49875 0.021354166666666667 0.024166666666666666
15 0.51953125 0.49 0.011979166666666667 0.016666666666666666
15 0.45546875 0.46166666666666667 0.0109375 0.01
15 0.4903645833333333 0.4625 0.013020833333333334 0.011666666666666667
13 0.47369791666666666 0.5445833333333333 0.04635416666666667 0.04416666666666667
15 0.9802083333333333 0.7433333333333333 0.03958333333333333 0.055
11 0.2796875 0.6029166666666667 0.3260416666666667 0.2575
2 0.057291666666666664 0.7383333333333333 0.11458333333333333 0.19
4 0.21171875 0.5145833333333333 0.0796875 0.06583333333333333
2 0.013802083333333333 0.5929166666666666 0.027604166666666666 0.06583333333333333
4 0.8010416666666667 0.44958333333333333 0.0875 0.059166666666666666
2 0.5861979166666667 0.45166666666666666 0.0515625 0.045
2 0.6489583333333333 0.44583333333333336 0.06041666666666667 0.045
4 0.5653645833333333 0.415 0.0359375 0.035
13 0.41041666666666665 0.47625 0.017708333333333333 0.0175
2 0.134375 0.5695833333333333 0.019791666666666666 0.0125