4 0.37109375 0.36083333333333334 0.1109375 0.115
4 0.2565104166666667 0.37833333333333335 0.1171875 0.11666666666666667
4 0.24088541666666666 0.4525 0.14947916666666666 0.155
2 0.07890625 0.49916666666666665 0.1578125 0.175
2 0.04869791666666667 0.6458333333333334 0.09739583333333333 0.23
1 0.9721354166666667 0.3475 0.05572916666666667 0.10333333333333333
12 0.859375 0.38083333333333336 0.20625 0.14166666666666666
2 0.5666666666666667 0.44625 0.16145833333333334 0.1125
2 0.8736979166666666 0.24625 0.1265625 0.0875
13 0.61640625 0.2475 0.030729166666666665 0.03
15 0.82734375 0.27375 0.030729166666666665 0.020833333333333332
15 0.8130208333333333 0.27458333333333335 0.03229166666666667 0.0275
15 0.6145833333333334 0.35 0.035416666666666666 0.041666666666666664
15 0.571875 0.33666666666666667 0.03854166666666667 0.028333333333333332
15 0.58984375 0.335 0.0296875 0.02666666666666667
15 0.48854166666666665 0.3329166666666667 0.03125 0.0275
15 0.5544270833333333 0.27875 0.022395833333333334 0.019166666666666665
15 0.5661458333333333 0.27791666666666665 0.022916666666666665 0.0225
15 0.48411458333333335 0.23875 0.0109375 0.014166666666666666
15 0.5263020833333333 0.23833333333333334 0.011979166666666667 0.015