3 0.25 0.2683333333333333 0.09375 0.07333333333333333
5 0.13020833333333334 0.32083333333333336 0.09166666666666666 0.07333333333333333
2 0.3502604166666667 0.3283333333333333 0.0859375 0.07666666666666666
2 0.2328125 0.39416666666666667 0.13541666666666666 0.12833333333333333
2 0.054947916666666666 0.5408333333333334 0.10989583333333333 0.175
4 0.3692708333333333 0.36041666666666666 0.1 0.10916666666666666
2 0.22213541666666667 0.47625 0.1484375 0.14916666666666667
2 0.04505208333333333 0.6241666666666666 0.09010416666666667 0.25833333333333336
13 0.4981770833333333 0.3333333333333333 0.0515625 0.04
15 0.696875 0.31916666666666665 0.0375 0.025
15 0.6955729166666667 0.28583333333333333 0.027604166666666666 0.025
15 0.78046875 0.27375 0.028645833333333332 0.0125
15 0.6447916666666667 0.27791666666666665 0.023958333333333335 0.019166666666666665
13 0.6817708333333333 0.26875 0.03854166666666667 0.030833333333333334
5 0.934375 0.35375 0.13125 0.1425