2 1.0 0.7441666666666666 0.0 0.14333333333333334
2 1.0 0.6645833333333333 0.0 0.0975
2 0.9903645833333333 0.7341666666666666 0.019270833333333334 0.11333333333333333
2 0.9776041666666667 0.6570833333333334 0.04479166666666667 0.10083333333333333
4 0.7932291666666667 0.7425 0.196875 0.13833333333333334
2 0.8434895833333333 0.6570833333333334 0.1640625 0.0975
2 0.8080729166666667 0.5629166666666666 0.11510416666666666 0.0675
2 0.7846354166666667 0.53375 0.0890625 0.04083333333333333
6 0.6080729166666666 0.6395833333333333 0.1578125 0.11083333333333334
3 0.62421875 0.56375 0.11927083333333334 0.08083333333333333
0 0.6614583333333334 0.53375 0.06770833333333333 0.0475
6 0.6466145833333333 0.4975 0.0953125 0.056666666666666664
2 0.521875 0.54 0.10208333333333333 0.07
0 0.47552083333333334 0.7379166666666667 0.13333333333333333 0.13416666666666666
4 0.39114583333333336 0.6466666666666666 0.14166666666666666 0.11333333333333333
0 0.40989583333333335 0.5754166666666667 0.084375 0.08083333333333333
2 0.3375 0.5520833333333334 0.07916666666666666 0.0725
4 0.2484375 0.7325 0.21145833333333333 0.15
2 0.06796875 0.7375 0.1359375 0.125
2 0.15703125 0.64875 0.16927083333333334 0.1025
2 0.1765625 0.5566666666666666 0.12916666666666668 0.07333333333333333
2 0.00859375 0.65125 0.0171875 0.10583333333333333
0 0.19036458333333334 0.58375 0.10364583333333334 0.07583333333333334
4 0.0 0.5858333333333333 0.0 0.07666666666666666
13 0.04010416666666667 0.55125 0.06666666666666667 0.04416666666666667