2 0.39817708333333335 0.5525 0.0921875 0.09333333333333334
2 0.28984375 0.5670833333333334 0.1046875 0.09916666666666667
2 0.13828125 0.65875 0.14322916666666666 0.1325
2 0.81484375 0.63875 0.15989583333333332 0.1225
2 0.9625 0.5875 0.075 0.095
2 0.16692708333333334 0.5391666666666667 0.10052083333333334 0.08
3 0.012760416666666666 0.7945833333333333 0.025520833333333333 0.26916666666666667
15 0.63203125 0.4975 0.013020833333333334 0.02
15 0.5403645833333334 0.5341666666666667 0.0265625 0.023333333333333334
13 0.5736979166666667 0.5370833333333334 0.0453125 0.035833333333333335
15 0.71875 0.5129166666666667 0.027083333333333334 0.0225
2 0.8622395833333333 0.4429166666666667 0.0859375 0.0325
15 0.9625 0.69375 0.075 0.07916666666666666
15 0.6377604166666667 0.6504166666666666 0.049479166666666664 0.0375
2 0.0078125 0.6345833333333334 0.015625 0.06583333333333333
2 0.00234375 0.6095833333333334 0.0046875 0.0725