15 0.5963541666666666 0.49625 0.021875 0.0225
15 0.61484375 0.5045833333333334 0.028645833333333332 0.0275
15 0.5432291666666667 0.5175 0.027083333333333334 0.02666666666666667
15 0.57890625 0.5283333333333333 0.0203125 0.021666666666666667
15 0.734375 0.4975 0.027083333333333334 0.021666666666666667
15 0.6921875 0.49291666666666667 0.0375 0.024166666666666666
4 0.3424479166666667 0.5841666666666666 0.10364583333333334 0.11
2 0.2682291666666667 0.58625 0.11041666666666666 0.10583333333333333
4 0.18411458333333333 0.6879166666666666 0.15572916666666667 0.15916666666666668
1 0.23619791666666667 0.5054166666666666 0.0609375 0.05416666666666667
13 0.24348958333333334 0.4791666666666667 0.008854166666666666 0.011666666666666667
2 0.13958333333333334 0.5370833333333334 0.03854166666666667 0.0225
2 0.09088541666666666 0.6920833333333334 0.1609375 0.1475
12 0.00859375 0.53125 0.0171875 0.06916666666666667
1 0.7216145833333333 0.425 0.03802083333333333 0.015
15 0.678125 0.4875 0.0375 0.03
4 0.016666666666666666 0.6283333333333333 0.03333333333333333 0.09333333333333334