2 0.12083333333333333 0.73 0.19583333333333333 0.19666666666666666
6 0.11692708333333333 0.65 0.2328125 0.21166666666666667
2 0.39036458333333335 0.5579166666666666 0.0921875 0.09083333333333334
2 0.4513020833333333 0.47833333333333333 0.059895833333333336 0.058333333333333334
4 0.5638020833333334 0.45 0.05260416666666667 0.07166666666666667
4 0.21744791666666666 0.5108333333333334 0.07864583333333333 0.065
4 0.17083333333333334 0.5133333333333333 0.034375 0.045
5 0.13463541666666667 0.5425 0.04010416666666667 0.02666666666666667
2 0.01640625 0.6333333333333333 0.0328125 0.09833333333333333
15 0.9346354166666667 0.74625 0.0859375 0.07916666666666666
15 0.9299479166666667 0.715 0.0640625 0.056666666666666664
6 0.17161458333333332 0.4225 0.0578125 0.04
15 0.87109375 0.4141666666666667 0.0171875 0.013333333333333334
15 0.9197916666666667 0.40958333333333335 0.016666666666666666 0.009166666666666667
15 0.8479166666666667 0.41541666666666666 0.015625 0.015833333333333335
15 0.9 0.41125 0.017708333333333333 0.0125