2 0.8919270833333334 0.45125 0.1859375 0.10416666666666667
2 0.65859375 0.445 0.15885416666666666 0.10666666666666667
0 0.4171875 0.4479166666666667 0.11354166666666667 0.09916666666666667
2 0.19010416666666666 0.44375 0.16458333333333333 0.1075
9 0.04401041666666667 0.4170833333333333 0.08802083333333334 0.16916666666666666
2 0.8947916666666667 0.345 0.12604166666666666 0.07166666666666667
0 0.73125 0.3516666666666667 0.09791666666666667 0.07666666666666666
0 0.6052083333333333 0.3616666666666667 0.09270833333333334 0.08333333333333333
2 0.4661458333333333 0.36375 0.109375 0.08583333333333333
2 0.26197916666666665 0.37916666666666665 0.140625 0.09166666666666666
1 0.08229166666666667 0.3804166666666667 0.121875 0.0825
2 0.8736979166666666 0.3120833333333333 0.0859375 0.06583333333333333
4 0.76796875 0.31416666666666665 0.1046875 0.06833333333333333
2 0.6375 0.32375 0.10104166666666667 0.0625
2 0.4796875 0.32708333333333334 0.10625 0.06916666666666667
2 0.3421875 0.3466666666666667 0.11145833333333334 0.08666666666666667
3 0.1859375 0.33416666666666667 0.14479166666666668 0.09
2 0.0 0.5333333333333333 0.0 0.14
6 0.0 0.49583333333333335 0.0 0.15166666666666667