2 1.0 0.7958333333333333 0.0 0.24833333333333332
3 0.56875 0.7404166666666666 0.21041666666666667 0.15083333333333335
2 0.99453125 0.4395833333333333 0.0109375 0.060833333333333336
13 0.34401041666666665 0.53125 0.0515625 0.04583333333333333
15 0.6375 0.5 0.016666666666666666 0.025
2 1.0 0.5491666666666667 0.0 0.12833333333333333
2 0.94140625 0.47041666666666665 0.1171875 0.07916666666666666
2 0.7205729166666667 0.45416666666666666 0.0796875 0.06166666666666667
4 0.15807291666666667 0.5425 0.0828125 0.04833333333333333
2 0.0018229166666666667 0.6216666666666667 0.0036458333333333334 0.08833333333333333
2 0.0 0.65375 0.0 0.11416666666666667
2 0.0 0.8570833333333333 0.0 0.0475
6 0.196875 0.45458333333333334 0.07708333333333334 0.0525
0 0.36171875 0.4295833333333333 0.03802083333333333 0.0325