0 0.25807291666666665 0.5170833333333333 0.07552083333333333 0.05416666666666667
2 0.7041666666666667 0.5329166666666667 0.08229166666666667 0.04416666666666667
2 0.346875 0.5420833333333334 0.10416666666666667 0.07083333333333333
2 0.8364583333333333 0.5579166666666666 0.10416666666666667 0.0675
5 0.70859375 0.5483333333333333 0.13072916666666667 0.08833333333333333
4 0.5234375 0.5683333333333334 0.109375 0.075
2 0.36796875 0.5758333333333333 0.10885416666666667 0.07666666666666666
3 0.22526041666666666 0.575 0.14010416666666667 0.085
2 0.052083333333333336 0.5883333333333334 0.10416666666666667 0.08333333333333333
2 0.9484375 0.6525 0.103125 0.09833333333333333
2 0.7466145833333333 0.65 0.15677083333333333 0.11
4 0.43697916666666664 0.65 0.13958333333333334 0.10166666666666667
3 0.9638020833333333 0.7391666666666666 0.07239583333333334 0.145
2 0.8049479166666667 0.7516666666666667 0.20364583333333333 0.125
2 0.55859375 0.7408333333333333 0.17864583333333334 0.13833333333333334
2 0.340625 0.7283333333333334 0.18541666666666667 0.13166666666666665
4 0.04140625 0.7183333333333334 0.0828125 0.12333333333333334
2 0.76953125 0.48291666666666666 0.03697916666666667 0.0575