2 0.39817708333333335 0.5525 0.09114583333333333 0.09166666666666666
4 0.29010416666666666 0.5670833333333334 0.10520833333333333 0.0975
2 0.07395833333333333 0.7033333333333334 0.14791666666666667 0.16166666666666665
2 0.8091145833333333 0.6308333333333334 0.15885416666666666 0.10833333333333334
2 0.16692708333333334 0.5391666666666667 0.10052083333333334 0.08
2 0.008072916666666667 0.6325 0.016145833333333335 0.06666666666666667
2 0.00234375 0.6079166666666667 0.0046875 0.0675
15 0.540625 0.5341666666666667 0.027083333333333334 0.023333333333333334
13 0.5765625 0.5379166666666667 0.04895833333333333 0.03916666666666667
15 0.6265625 0.4979166666666667 0.014583333333333334 0.019166666666666665
15 0.6815104166666667 0.5279166666666667 0.0234375 0.025833333333333333
2 0.7807291666666667 0.44666666666666666 0.08229166666666667 0.056666666666666664
2 0.7013020833333333 0.4525 0.07552083333333333 0.058333333333333334
2 0.9794270833333333 0.4633333333333333 0.04114583333333333 0.03166666666666667