15 0.5744791666666667 0.5208333333333334 0.025 0.03166666666666667
2 0.1375 0.5329166666666667 0.03958333333333333 0.019166666666666665
2 0.5015625 0.4325 0.04791666666666667 0.021666666666666667
2 0.68984375 0.41333333333333333 0.0578125 0.03333333333333333
2 0.9984375 0.4633333333333333 0.003125 0.03333333333333333
2 0.14244791666666667 0.72125 0.19010416666666666 0.1875
4 0.0 0.7433333333333333 0.0 0.11333333333333333
2 0.18932291666666667 0.5345833333333333 0.0859375 0.07416666666666667
4 0.9890625 0.44 0.021875 0.03833333333333333
4 0.346875 0.5795833333333333 0.10416666666666667 0.1125
6 0.27369791666666665 0.5695833333333333 0.1140625 0.11083333333333334
6 0.016145833333333335 0.6004166666666667 0.03229166666666667 0.1075