2 0.3966145833333333 0.5575 0.08802083333333334 0.09333333333333334
4 0.33098958333333334 0.545 0.08072916666666667 0.08166666666666667
2 0.19661458333333334 0.68375 0.14739583333333334 0.1425
4 0.16171875 0.63375 0.15989583333333332 0.1475
2 0.03333333333333333 0.83875 0.06666666666666667 0.2175
2 0.029947916666666668 0.7775 0.059895833333333336 0.215
2 0.1890625 0.5270833333333333 0.08854166666666667 0.06916666666666667
2 0.1421875 0.5270833333333333 0.075 0.06583333333333333
2 0.9161458333333333 0.5808333333333333 0.14895833333333333 0.09666666666666666
15 0.6583333333333333 0.4895833333333333 0.022916666666666665 0.024166666666666666
15 0.66171875 0.46708333333333335 0.0203125 0.015833333333333335
15 0.34453125 0.44416666666666665 0.013020833333333334 0.013333333333333334
15 0.5065104166666666 0.5125 0.0234375 0.02
11 0.8671875 0.48833333333333334 0.265625 0.16666666666666666
1 0.6080729166666666 0.4325 0.0421875 0.045
11 0.5138020833333333 0.4216666666666667 0.10677083333333333 0.07666666666666666
2 0.019010416666666665 0.60125 0.027604166666666666 0.05583333333333333
2 0.009635416666666667 0.605 0.019270833333333334 0.09833333333333333