13 0.9010416666666666 0.9666666666666667 0.14791666666666667 0.06666666666666667
2 0.990625 0.9916666666666667 0.01875 0.016666666666666666
4 0.8747395833333333 0.7329166666666667 0.20260416666666667 0.1425
4 0.6036458333333333 0.7341666666666666 0.17291666666666666 0.14166666666666666
2 0.22161458333333334 0.7295833333333334 0.1859375 0.1325
2 0.018489583333333334 0.7245833333333334 0.03697916666666667 0.13416666666666666
2 0.08958333333333333 0.6508333333333334 0.16770833333333332 0.09666666666666666
4 0.28671875 0.64375 0.14322916666666666 0.1125
2 0.5411458333333333 0.6504166666666666 0.14583333333333334 0.09416666666666666
2 0.14791666666666667 0.5958333333333333 0.14166666666666666 0.08666666666666667
4 0.32473958333333336 0.5766666666666667 0.1109375 0.08333333333333333
0 0.48151041666666666 0.57625 0.0796875 0.07583333333333334
2 0.6372395833333333 0.5804166666666667 0.10052083333333334 0.0575
4 0.7822916666666667 0.5604166666666667 0.10520833333333333 0.06416666666666666
0 0.89921875 0.5625 0.05572916666666667 0.06333333333333334
2 0.7473958333333334 0.655 0.159375 0.09666666666666666
2 0.92109375 0.6470833333333333 0.1578125 0.0975
0 0.20182291666666666 0.55 0.1015625 0.06166666666666667
2 0.052083333333333336 0.5566666666666666 0.10416666666666667 0.075
0 0.037760416666666664 0.5879166666666666 0.07552083333333333 0.07916666666666666
2 0.3328125 0.545 0.10729166666666666 0.06333333333333334
2 0.4708333333333333 0.5458333333333333 0.09479166666666666 0.065
2 0.6265625 0.5391666666666667 0.08854166666666667 0.058333333333333334
4 0.5333333333333333 0.5216666666666666 0.08125 0.04666666666666667
4 0.8088541666666667 0.5270833333333333 0.09583333333333334 0.0625
4 0.67578125 0.47625 0.0359375 0.014166666666666666
2 0.0 0.6554166666666666 0.0 0.10416666666666667