2 0.3411458333333333 0.5229166666666667 0.18958333333333333 0.12416666666666666
2 0.6817708333333333 0.5095833333333334 0.19375 0.13583333333333333
4 0.9393229166666667 0.5258333333333334 0.12135416666666667 0.14
2 0.06484375 0.5291666666666667 0.1296875 0.155
0 0.9955729166666667 0.4425 0.008854166666666666 0.09833333333333333
2 0.8375 0.44583333333333336 0.15625 0.08833333333333333
2 0.5997395833333333 0.4525 0.1234375 0.1
0 0.32578125 0.44625 0.14010416666666667 0.1075
2 0.8348958333333333 0.34458333333333335 0.12395833333333334 0.08416666666666667
2 0.68515625 0.3620833333333333 0.0984375 0.06583333333333333
4 0.4674479166666667 0.36583333333333334 0.11197916666666667 0.09
4 0.25338541666666664 0.37416666666666665 0.13072916666666667 0.08833333333333333
2 0.084375 0.3954166666666667 0.10104166666666667 0.06416666666666666
4 0.778125 0.3045833333333333 0.11666666666666667 0.06916666666666667
4 0.65234375 0.3204166666666667 0.10364583333333334 0.0775
2 0.5208333333333334 0.32958333333333334 0.09583333333333334 0.0675
2 0.3546875 0.3333333333333333 0.1125 0.075
4 0.20390625 0.33125 0.12760416666666666 0.08416666666666667
4 0.04479166666666667 0.33208333333333334 0.08958333333333333 0.07416666666666667
13 0.9322916666666666 0.7658333333333334 0.13541666666666666 0.11333333333333333