4 0.8546875 0.7445833333333334 0.203125 0.12916666666666668
2 0.8723958333333334 0.6520833333333333 0.15833333333333333 0.09083333333333334
2 0.8088541666666667 0.5620833333333334 0.11666666666666667 0.07416666666666667
2 0.7830729166666667 0.5329166666666667 0.0828125 0.0325
1 0.6611979166666667 0.535 0.0640625 0.04833333333333333
3 0.6255208333333333 0.5625 0.11875 0.08166666666666667
5 0.65234375 0.64125 0.1578125 0.1125
1 0.5671875 0.7383333333333333 0.13229166666666667 0.12333333333333334
4 0.31692708333333336 0.7320833333333333 0.2015625 0.1475
2 0.06796875 0.7383333333333333 0.1359375 0.125
4 0.39114583333333336 0.6470833333333333 0.14166666666666666 0.11416666666666667
2 0.15755208333333334 0.6483333333333333 0.16822916666666668 0.10166666666666667
2 0.00859375 0.6516666666666666 0.0171875 0.105
1 0.44973958333333336 0.5725 0.08177083333333333 0.075
1 0.2877604166666667 0.5845833333333333 0.0953125 0.07416666666666667
4 0.11432291666666666 0.58875 0.13177083333333334 0.0825
13 0.059895833333333336 0.5520833333333334 0.058333333333333334 0.030833333333333334
2 0.17630208333333333 0.55625 0.1296875 0.07416666666666667
2 0.36875 0.54625 0.08958333333333333 0.07416666666666667
2 0.5229166666666667 0.5404166666666667 0.103125 0.06916666666666667