2 0.8455729166666667 0.3120833333333333 0.11302083333333333 0.0625
2 0.57421875 0.32083333333333336 0.0984375 0.065
2 0.5611979166666666 0.36291666666666667 0.10572916666666667 0.07916666666666666
2 0.41354166666666664 0.3329166666666667 0.09895833333333333 0.07916666666666666
2 0.9622395833333334 0.6116666666666667 0.07552083333333333 0.165
2 0.3640625 0.3695833333333333 0.11770833333333333 0.08583333333333333
2 0.0 0.38416666666666666 0.0 0.08833333333333333
4 0.7234375 0.31708333333333333 0.11145833333333334 0.07416666666666667
4 0.996875 0.5283333333333333 0.00625 0.135
1 0.8513020833333333 0.3433333333333333 0.1046875 0.08
1 0.73203125 0.35583333333333333 0.09739583333333333 0.07833333333333334
3 0.024739583333333332 0.3179166666666667 0.049479166666666664 0.08583333333333333