15 0.5479166666666667 0.52625 0.019791666666666666 0.024166666666666666
15 0.5911458333333334 0.5066666666666667 0.03229166666666667 0.028333333333333332
15 0.7125 0.6770833333333334 0.059375 0.05583333333333333
15 0.7286458333333333 0.6566666666666666 0.05 0.05333333333333334
2 0.33984375 0.58375 0.10572916666666667 0.11583333333333333
4 0.2953125 0.5608333333333333 0.096875 0.09833333333333333
4 0.13255208333333332 0.6570833333333334 0.14635416666666667 0.1425
2 0.13151041666666666 0.725 0.1796875 0.185
2 0.004166666666666667 0.8083333333333333 0.008333333333333333 0.19
4 0.2421875 0.5004166666666666 0.06979166666666667 0.059166666666666666
2 0.16588541666666667 0.5175 0.0828125 0.06833333333333333
2 0.07369791666666667 0.5966666666666667 0.1140625 0.08833333333333333
2 0.009635416666666667 0.5883333333333334 0.019270833333333334 0.045
2 0.48854166666666665 0.44083333333333335 0.05 0.035
4 0.73828125 0.43333333333333335 0.05364583333333333 0.02
9 0.9455729166666667 0.41875 0.10885416666666667 0.1075
2 1.0 0.46708333333333335 0.0 0.04083333333333333
0 1.0 0.58625 0.0 0.1675