4 0.37213541666666666 0.5654166666666667 0.09322916666666667 0.0925
6 0.22994791666666667 0.6479166666666667 0.15052083333333333 0.15083333333333335
4 0.18697916666666667 0.62625 0.10833333333333334 0.1075
4 0.34817708333333336 0.53625 0.09322916666666667 0.0875
3 0.8520833333333333 0.5925 0.16354166666666667 0.11
4 0.48776041666666664 0.7120833333333333 0.16197916666666667 0.15583333333333332
4 0.21458333333333332 0.51375 0.08020833333333334 0.06416666666666666
6 0.0796875 0.5833333333333334 0.128125 0.07666666666666666
2 0.14921875 0.5366666666666666 0.04010416666666667 0.018333333333333333
2 0.22005208333333334 0.49083333333333334 0.06614583333333333 0.055
2 0.0033854166666666668 0.6279166666666667 0.0067708333333333336 0.10916666666666666
2 0.92578125 0.4791666666666667 0.12760416666666666 0.07833333333333334
2 0.008854166666666666 0.5525 0.017708333333333333 0.045