4 0.9380208333333333 0.7483333333333333 0.12395833333333334 0.13166666666666665
6 0.7213541666666666 0.6408333333333334 0.16666666666666666 0.10833333333333334
0 0.675 0.7354166666666667 0.14583333333333334 0.1275
4 0.44140625 0.6479166666666667 0.14114583333333333 0.10916666666666666
4 0.42942708333333335 0.7341666666666666 0.18802083333333333 0.14666666666666667
2 0.17708333333333334 0.65 0.16666666666666666 0.10333333333333333
2 0.06796875 0.7383333333333333 0.1359375 0.125
2 0.009375 0.6520833333333333 0.01875 0.11583333333333333
3 0.6520833333333333 0.5629166666666666 0.11875 0.07916666666666666
0 0.6765625 0.5366666666666666 0.059375 0.03
2 0.5208333333333334 0.5395833333333333 0.09895833333333333 0.06916666666666667
0 0.4552083333333333 0.5720833333333334 0.08229166666666667 0.07416666666666667
4 0.37135416666666665 0.54625 0.08854166666666667 0.07583333333333334
0 0.29348958333333336 0.5845833333333333 0.09322916666666667 0.0725
2 0.1765625 0.5579166666666666 0.13541666666666666 0.07583333333333334
0 0.11432291666666666 0.5891666666666666 0.13177083333333334 0.08166666666666667
13 0.06041666666666667 0.55125 0.058333333333333334 0.0375
2 0.8729166666666667 0.5604166666666667 0.11041666666666666 0.06583333333333333
6 0.6963541666666667 0.47541666666666665 0.03333333333333333 0.0225