2 0.353125 0.5845833333333333 0.10104166666666667 0.10416666666666667
3 0.30390625 0.5504166666666667 0.1015625 0.09583333333333334
6 0.17369791666666667 0.6079166666666667 0.15989583333333332 0.13916666666666666
2 0.08463541666666667 0.77 0.16927083333333334 0.21833333333333332
13 0.53046875 0.54875 0.0390625 0.0375
13 0.5927083333333333 0.5475 0.035416666666666666 0.03166666666666667
15 0.58203125 0.5120833333333333 0.0203125 0.0225
15 0.6986979166666667 0.4970833333333333 0.022395833333333334 0.019166666666666665
15 0.61484375 0.48333333333333334 0.016145833333333335 0.018333333333333333
0 0.1953125 0.5245833333333333 0.07291666666666667 0.0625
2 0.7151041666666667 0.43916666666666665 0.06875 0.025
2 0.14348958333333334 0.5266666666666666 0.06197916666666667 0.04
0 0.9559895833333333 0.44958333333333333 0.08802083333333334 0.05583333333333333
2 1.0 0.45375 0.0 0.06916666666666667
2 1.0 0.525 0.0 0.11833333333333333
2 0.8971354166666666 0.42791666666666667 0.08177083333333333 0.049166666666666664
2 0.009114583333333334 0.5491666666666667 0.018229166666666668 0.06666666666666667