2 0.8330729166666667 0.30375 0.06927083333333334 0.0525
3 0.70859375 0.31666666666666665 0.11510416666666666 0.08
2 0.5630208333333333 0.3304166666666667 0.09895833333333333 0.07083333333333333
3 0.415625 0.32125 0.11770833333333333 0.0875
0 0.25286458333333334 0.33125 0.10677083333333333 0.08083333333333333
3 0.06354166666666666 0.33958333333333335 0.12708333333333333 0.0825
2 0.9557291666666666 0.34833333333333333 0.053125 0.04
0 0.828125 0.35 0.10104166666666667 0.056666666666666664
2 0.6421875 0.36291666666666667 0.121875 0.08416666666666667
2 0.42552083333333335 0.3720833333333333 0.128125 0.08916666666666667
4 0.23776041666666667 0.37416666666666665 0.13385416666666666 0.09
2 0.07447916666666667 0.38916666666666666 0.14895833333333333 0.09
2 0.0 0.385 0.0 0.08166666666666667
2 0.9776041666666667 0.52875 0.04479166666666667 0.12583333333333332