2 0.47604166666666664 0.5108333333333334 0.06979166666666667 0.06833333333333333
2 0.36276041666666664 0.5741666666666667 0.08177083333333333 0.09
4 0.3067708333333333 0.5591666666666667 0.10729166666666666 0.09833333333333333
2 0.22916666666666666 0.6675 0.15 0.155
2 0.12682291666666667 0.6704166666666667 0.12760416666666666 0.12416666666666666
0 0.20182291666666666 0.51875 0.0703125 0.06416666666666666
2 0.14583333333333334 0.5279166666666667 0.06770833333333333 0.04083333333333333
2 0.012239583333333333 0.6020833333333333 0.024479166666666666 0.08083333333333333
15 0.43020833333333336 0.46875 0.015625 0.0125
15 0.48411458333333335 0.4625 0.015104166666666667 0.016666666666666666
15 0.47421875 0.44666666666666666 0.008854166666666666 0.008333333333333333
15 0.3890625 0.4525 0.016666666666666666 0.011666666666666667
15 0.41432291666666665 0.44708333333333333 0.011979166666666667 0.0125
15 0.5244791666666667 0.49833333333333335 0.020833333333333332 0.02
0 0.0 0.6745833333333333 0.0 0.0875
2 0.14114583333333333 0.49416666666666664 0.027083333333333334 0.011666666666666667
2 0.9588541666666667 0.5066666666666667 0.08229166666666667 0.10166666666666667
4 0.7348958333333333 0.47625 0.09375 0.08916666666666667
4 0.5614583333333333 0.44333333333333336 0.05625 0.04666666666666667
4 0.56015625 0.41041666666666665 0.04114583333333333 0.035833333333333335
2 0.5333333333333333 0.41791666666666666 0.028125 0.035833333333333335
15 0.4075520833333333 0.47541666666666665 0.0140625 0.014166666666666666