4 0.95390625 0.4345833333333333 0.0921875 0.10583333333333333
2 0.85859375 0.35541666666666666 0.10989583333333333 0.0575
4 0.7859375 0.3070833333333333 0.10416666666666667 0.06916666666666667
2 0.8588541666666667 0.52625 0.21041666666666667 0.1225
2 0.7700520833333333 0.4508333333333333 0.1609375 0.07333333333333333
2 0.7052083333333333 0.3466666666666667 0.11875 0.08166666666666667
1 0.61328125 0.31958333333333333 0.0765625 0.060833333333333336
13 0.5625 0.35375 0.059375 0.04416666666666667
4 0.5856770833333333 0.5183333333333333 0.15885416666666666 0.12166666666666667
4 0.5028645833333333 0.44333333333333336 0.14947916666666666 0.10833333333333334
2 0.41770833333333335 0.36541666666666667 0.12604166666666666 0.09083333333333334
4 0.4666666666666667 0.32375 0.09166666666666666 0.0625
13 0.3234375 0.46208333333333335 0.071875 0.0575
4 0.12864583333333332 0.4345833333333333 0.19270833333333334 0.12083333333333333
2 0.27630208333333334 0.3358333333333333 0.12552083333333333 0.07166666666666667
2 1.0 0.655 0.0 0.15333333333333332