13 0.9385416666666667 0.7733333333333333 0.12291666666666666 0.095
2 1.0 0.8841666666666667 0.0 0.23166666666666666
2 1.0 0.5358333333333334 0.0 0.13666666666666666
2 1.0 0.455 0.0 0.10333333333333333
2 1.0 0.5254166666666666 0.0 0.12083333333333333
2 0.9932291666666667 0.4525 0.013541666666666667 0.09666666666666666
2 0.89765625 0.5245833333333333 0.2046875 0.12416666666666666
0 0.8111979166666666 0.445 0.1359375 0.09
3 0.65078125 0.5275 0.1921875 0.14666666666666667
2 0.5614583333333333 0.44375 0.14791666666666667 0.1025
2 0.32526041666666666 0.4454166666666667 0.1578125 0.10916666666666666
2 0.36171875 0.5241666666666667 0.1859375 0.14
2 0.0 0.4475 0.0 0.095
4 0.10260416666666666 0.3729166666666667 0.16666666666666666 0.09583333333333334
2 0.2708333333333333 0.38 0.14166666666666666 0.08666666666666667
4 0.4661458333333333 0.36666666666666664 0.10625 0.085
2 0.6640625 0.3591666666666667 0.125 0.08666666666666667
4 0.8393229166666667 0.34875 0.1203125 0.0675
4 0.9528645833333333 0.34708333333333335 0.08072916666666667 0.07083333333333333
2 0.8544270833333333 0.3125 0.10052083333333334 0.06666666666666667
0 0.7143229166666667 0.32083333333333336 0.0953125 0.07
0 0.5333333333333333 0.32958333333333334 0.09791666666666667 0.07083333333333333
3 0.35859375 0.32666666666666666 0.12135416666666667 0.08833333333333333
0 0.20859375 0.3329166666666667 0.10572916666666667 0.0675
4 0.0 0.3858333333333333 0.0 0.08666666666666667
2 1.0 0.8541666666666666 0.0 0.22333333333333333