11 0.15260416666666668 0.7395833333333334 0.30520833333333336 0.4008333333333333
5 0.4505208333333333 0.40291666666666665 0.023958333333333335 0.0325
2 0.36015625 0.44458333333333333 0.024479166666666666 0.0125
4 0.3234375 0.46958333333333335 0.051041666666666666 0.029166666666666667
2 0.13359375 0.5391666666666667 0.033854166666666664 0.02
15 0.88515625 0.41291666666666665 0.0171875 0.014166666666666666
15 0.909375 0.41125 0.015625 0.0125
15 0.8234375 0.46125 0.029166666666666667 0.020833333333333332
15 0.6986979166666667 0.47291666666666665 0.013020833333333334 0.015833333333333335
15 0.7330729166666666 0.4970833333333333 0.028645833333333332 0.0225
15 0.7901041666666667 0.49583333333333335 0.025 0.025
15 0.884375 0.52125 0.042708333333333334 0.0175
2 0.22083333333333333 0.43666666666666665 0.036458333333333336 0.03666666666666667
2 0.9994791666666667 0.43416666666666665 0.0010416666666666667 0.06666666666666667