4 0.9958333333333333 0.5195833333333333 0.008333333333333333 0.14583333333333334
1 0.8528645833333334 0.34208333333333335 0.10677083333333333 0.08083333333333333
0 0.734375 0.35541666666666666 0.09895833333333333 0.0725
2 0.5614583333333333 0.3595833333333333 0.11041666666666666 0.08083333333333333
2 0.40130208333333334 0.365 0.12135416666666667 0.08666666666666667
2 0.16119791666666666 0.3779166666666667 0.14739583333333334 0.0875
2 0.8453125 0.30541666666666667 0.10625 0.06916666666666667
4 0.7247395833333333 0.3095833333333333 0.11302083333333333 0.0725
2 0.5747395833333333 0.32125 0.1015625 0.06916666666666667
2 0.41302083333333334 0.3258333333333333 0.103125 0.07666666666666666
3 0.81015625 0.27416666666666667 0.0515625 0.07166666666666667
2 0.7166666666666667 0.2891666666666667 0.08020833333333334 0.058333333333333334
2 0.2125 0.33708333333333335 0.12916666666666668 0.07416666666666667
2 0.9716145833333333 0.43875 0.05677083333333333 0.11583333333333333
2 0.20833333333333334 0.44083333333333335 0.16979166666666667 0.11
2 0.027864583333333335 0.34541666666666665 0.05572916666666667 0.0775