2 0.6252604166666667 0.41625 0.0359375 0.034166666666666665
2 0.22421875 0.6741666666666667 0.15364583333333334 0.15333333333333332
2 0.08125 0.7108333333333333 0.1625 0.17666666666666667
2 0.4200520833333333 0.4033333333333333 0.025520833333333333 0.03
15 0.6216145833333333 0.5366666666666666 0.0140625 0.028333333333333332
15 0.66640625 0.4820833333333333 0.022395833333333334 0.019166666666666665
15 0.8104166666666667 0.41875 0.011458333333333333 0.005833333333333334
15 0.8583333333333333 0.415 0.0125 0.006666666666666667
15 0.88828125 0.4320833333333333 0.0296875 0.0375
3 0.4700520833333333 0.39625 0.0036458333333333334 0.025833333333333333
3 0.35651041666666666 0.4483333333333333 0.0546875 0.045
4 0.6755208333333333 0.42083333333333334 0.051041666666666666 0.03666666666666667
4 0.4752604166666667 0.5170833333333333 0.0796875 0.0775
0 0.3763020833333333 0.5241666666666667 0.07239583333333334 0.07166666666666667