4 0.203125 0.51375 0.090625 0.0725
5 0.37057291666666664 0.56375 0.10052083333333334 0.1075
2 0.30416666666666664 0.5633333333333334 0.09791666666666667 0.095
2 0.209375 0.6779166666666666 0.134375 0.1375
2 0.021614583333333333 0.86125 0.043229166666666666 0.2375
2 0.019791666666666666 0.7904166666666667 0.03958333333333333 0.22083333333333333
2 0.0 0.625 0.0 0.13
11 1.0 0.74625 0.0 0.5075
11 0.6020833333333333 0.4370833333333333 0.16041666666666668 0.1025
2 0.91796875 0.4866666666666667 0.11822916666666666 0.08
11 0.44635416666666666 0.40208333333333335 0.09375 0.0575
13 0.9783854166666667 0.7108333333333333 0.043229166666666666 0.07
2 1.0 0.44708333333333333 0.0 0.0325
2 0.9950520833333333 0.44458333333333333 0.009895833333333333 0.0625
15 0.36875 0.4608333333333333 0.017708333333333333 0.025
15 0.34140625 0.44458333333333333 0.0109375 0.009166666666666667
15 0.3359375 0.45125 0.01875 0.009166666666666667
15 0.4192708333333333 0.44666666666666666 0.011458333333333333 0.011666666666666667
15 0.45677083333333335 0.4608333333333333 0.009375 0.015
15 0.4640625 0.4691666666666667 0.010416666666666666 0.01
15 0.5171875 0.4608333333333333 0.011458333333333333 0.016666666666666666
15 0.5091145833333334 0.48291666666666666 0.016145833333333335 0.0125
15 0.48515625 0.4975 0.016145833333333335 0.02