13 0.5966145833333333 0.4708333333333333 0.033854166666666664 0.021666666666666667
6 0.396875 0.55125 0.103125 0.1025
2 0.246875 0.6508333333333334 0.13020833333333334 0.13333333333333333
2 0.07369791666666667 0.7979166666666667 0.14739583333333334 0.24083333333333334
13 0.25286458333333334 0.5958333333333333 0.0609375 0.058333333333333334
4 0.34088541666666666 0.5345833333333333 0.08072916666666667 0.07916666666666666
6 0.24036458333333333 0.48833333333333334 0.11822916666666666 0.09333333333333334
13 0.6713541666666667 0.4920833333333333 0.041666666666666664 0.0325
2 0.08020833333333334 0.69625 0.16041666666666668 0.1575
15 0.5575520833333333 0.5125 0.019270833333333334 0.015
15 0.6151041666666667 0.4979166666666667 0.025 0.020833333333333332
6 0.28541666666666665 0.44083333333333335 0.05416666666666667 0.03666666666666667
1 0.39921875 0.43041666666666667 0.04010416666666667 0.030833333333333334
4 0.6455729166666667 0.42916666666666664 0.058854166666666666 0.035
4 0.9130208333333333 0.44208333333333333 0.09583333333333334 0.059166666666666666
13 0.6854166666666667 0.4116666666666667 0.016666666666666666 0.01
2 0.1515625 0.5466666666666666 0.08854166666666667 0.075