4 0.2520833333333333 0.46708333333333335 0.0020833333333333333 0.0008333333333333334
2 0.8552083333333333 0.7425 0.20208333333333334 0.13
0 0.54140625 0.7379166666666667 0.13072916666666667 0.1225
4 0.2903645833333333 0.7329166666666667 0.20677083333333332 0.14583333333333334
2 0.06796875 0.7370833333333333 0.1359375 0.1225
2 0.15703125 0.6483333333333333 0.16822916666666668 0.10166666666666667
2 0.00859375 0.6516666666666666 0.0171875 0.10333333333333333
3 0.39114583333333336 0.6475 0.14166666666666666 0.11333333333333333
5 0.6109375 0.64 0.15416666666666667 0.11
2 0.8723958333333334 0.6516666666666666 0.15729166666666666 0.09
0 0.11510416666666666 0.58875 0.13020833333333334 0.0825
0 0.28828125 0.58375 0.0953125 0.07416666666666667
0 0.44635416666666666 0.5729166666666666 0.08854166666666667 0.07583333333333334
3 0.6252604166666667 0.5625 0.11927083333333334 0.08333333333333333
2 0.8080729166666667 0.5625 0.11510416666666666 0.07
1 0.6611979166666667 0.5345833333333333 0.0640625 0.04416666666666667
2 0.52265625 0.54 0.10260416666666666 0.07
2 0.36953125 0.54625 0.09010416666666667 0.0725
2 0.1765625 0.5525 0.12708333333333333 0.07166666666666667
13 0.0578125 0.5520833333333334 0.052083333333333336 0.030833333333333334
0 0.6848958333333334 0.4766666666666667 0.041666666666666664 0.008333333333333333