0 0.5640625 0.5729166666666666 0.084375 0.07083333333333333
2 0.6830729166666667 0.73875 0.17239583333333333 0.1225
0 0.7041666666666667 0.56625 0.08125 0.06916666666666667
4 0.8611979166666667 0.5545833333333333 0.1078125 0.0725
4 0.7755208333333333 0.5295833333333333 0.096875 0.0625
11 0.8973958333333333 0.7095833333333333 0.20520833333333333 0.2175
2 1.0 0.7491666666666666 0.0 0.13333333333333333
2 1.0 0.7645833333333333 0.0 0.12416666666666666
2 1.0 0.75625 0.0 0.13916666666666666
2 1.0 0.6958333333333333 0.0 0.1
2 0.63203125 0.5104166666666666 0.07864583333333333 0.0375
4 0.49661458333333336 0.5175 0.0765625 0.056666666666666664
13 0.8994791666666667 0.965 0.15520833333333334 0.07
2 0.0 0.65875 0.0 0.09916666666666667
2 0.17135416666666667 0.5925 0.140625 0.08833333333333333
5 0.6296875 0.4816666666666667 0.07395833333333333 0.011666666666666667
2 0.7651041666666667 0.47375 0.08125 0.05583333333333333
15 1.0 1.0 0.0 0.0
2 0.9971354166666667 0.9991666666666666 0.005729166666666666 0.0016666666666666668