2 0.9630208333333333 0.3408333333333333 0.07395833333333333 0.056666666666666664
4 0.95390625 0.4354166666666667 0.0921875 0.10583333333333333
2 0.8588541666666667 0.35583333333333333 0.11041666666666666 0.055
2 0.8315104166666667 0.305 0.1046875 0.06
2 0.5635416666666667 0.35791666666666666 0.11979166666666667 0.08083333333333333
2 0.7375 0.525 0.196875 0.14333333333333334
4 0.5278645833333333 0.2991666666666667 0.06927083333333334 0.051666666666666666
2 0.018229166666666668 0.33416666666666667 0.036458333333333336 0.08333333333333333
2 0.013541666666666667 0.4429166666666667 0.027083333333333334 0.1025
6 0.05677083333333333 0.22666666666666666 0.065625 0.04666666666666667
2 0.7330729166666666 0.25166666666666665 0.05677083333333333 0.011666666666666667
2 0.8427083333333333 0.23083333333333333 0.058333333333333334 0.013333333333333334
13 0.39557291666666666 0.36875 0.059895833333333336 0.0475