5 0.41380208333333335 0.5379166666666667 0.09947916666666666 0.0975
2 0.24817708333333333 0.6516666666666666 0.12864583333333332 0.13166666666666665
2 0.075 0.8058333333333333 0.15 0.245
4 0.35598958333333336 0.5254166666666666 0.07447916666666667 0.07083333333333333
13 0.30182291666666666 0.5670833333333334 0.058854166666666666 0.0425
2 0.08125 0.6991666666666667 0.1625 0.15833333333333333
12 0.24036458333333333 0.48833333333333334 0.11927083333333334 0.09166666666666666
2 0.15026041666666667 0.5466666666666666 0.08177083333333333 0.07166666666666667
11 1.0 0.665 0.0 0.3433333333333333
2 1.0 0.5491666666666667 0.0 0.11333333333333333
2 0.9565104166666667 0.52625 0.08697916666666666 0.10083333333333333
4 0.6322916666666667 0.45625 0.06354166666666666 0.04583333333333333
15 0.47291666666666665 0.7033333333333334 0.04583333333333333 0.03833333333333333
15 0.5200520833333333 0.6333333333333333 0.0515625 0.045
15 0.54921875 0.63 0.044270833333333336 0.03666666666666667
15 0.571875 0.6445833333333333 0.04791666666666667 0.04083333333333333
15 0.6700520833333333 0.49125 0.044270833333333336 0.0325