11 0.88515625 0.4925 0.2296875 0.22166666666666668
2 0.8799479166666667 0.3408333333333333 0.12239583333333333 0.085
6 0.84765625 0.28833333333333333 0.13177083333333334 0.08
2 0.59296875 0.5325 0.19010416666666666 0.14333333333333334
2 0.6848958333333334 0.35583333333333333 0.128125 0.085
4 0.6604166666666667 0.31166666666666665 0.11666666666666667 0.08
6 0.25494791666666666 0.47333333333333333 0.29635416666666664 0.21166666666666667
4 0.5265625 0.35791666666666666 0.115625 0.08916666666666667
13 0.4114583333333333 0.3541666666666667 0.046875 0.041666666666666664
1 0.9263020833333333 0.6370833333333333 0.14739583333333334 0.1575
2 0.04088541666666667 0.5279166666666667 0.08177083333333333 0.1225
2 0.8341145833333333 0.23791666666666667 0.06822916666666666 0.0175