4 0.34739583333333335 0.575 0.09479166666666666 0.10166666666666667
2 0.33255208333333336 0.5445833333333333 0.0828125 0.07583333333333334
4 0.15442708333333333 0.7120833333333333 0.1765625 0.18083333333333335
11 0.015364583333333333 0.8325 0.030729166666666665 0.335
4 0.17473958333333334 0.5275 0.07447916666666667 0.06333333333333334
2 0.13046875 0.5375 0.028645833333333332 0.018333333333333333
2 0.016145833333333335 0.62 0.03229166666666667 0.02666666666666667
2 0.01328125 0.7466666666666667 0.0265625 0.058333333333333334
4 0.6065104166666667 0.43625 0.049479166666666664 0.025833333333333333
1 0.5015625 0.4266666666666667 0.036458333333333336 0.03833333333333333
2 0.4557291666666667 0.41583333333333333 0.03125 0.03
13 0.5078125 0.5141666666666667 0.03125 0.03666666666666667
13 0.39765625 0.41625 0.018229166666666668 0.014166666666666666
15 0.76015625 0.5045833333333334 0.015104166666666667 0.020833333333333332
15 0.690625 0.48083333333333333 0.022916666666666665 0.02
15 0.6809895833333334 0.4820833333333333 0.021354166666666667 0.015833333333333335
15 0.43984375 0.4970833333333333 0.0234375 0.019166666666666665
15 0.5473958333333333 0.48291666666666666 0.017708333333333333 0.015833333333333335
15 0.5244791666666667 0.505 0.025 0.018333333333333333
15 0.53203125 0.4979166666666667 0.019270833333333334 0.0225
15 0.31744791666666666 0.43583333333333335 0.0036458333333333334 0.006666666666666667
15 0.37578125 0.41583333333333333 0.0109375 0.01
15 0.33671875 0.42875 0.0140625 0.0125
15 0.35494791666666664 0.4295833333333333 0.013020833333333334 0.010833333333333334