15 0.5544270833333333 0.5191666666666667 0.0265625 0.025
15 0.6638020833333333 0.4741666666666667 0.0328125 0.023333333333333334
4 0.33177083333333335 0.5429166666666667 0.078125 0.0775
2 0.3893229166666667 0.5641666666666667 0.0890625 0.10166666666666667
4 0.16067708333333333 0.63375 0.15260416666666668 0.1375
2 0.19895833333333332 0.6845833333333333 0.146875 0.14083333333333334
2 0.030729166666666665 0.7779166666666667 0.06145833333333333 0.21916666666666668
2 0.03411458333333333 0.84 0.06822916666666666 0.22166666666666668
2 0.18854166666666666 0.52625 0.0875 0.06916666666666667
4 0.14296875 0.5266666666666666 0.07239583333333334 0.06166666666666667
5 0.71015625 0.38458333333333333 0.058854166666666666 0.0375
4 0.6921875 0.41375 0.046875 0.03916666666666667
2 0.8489583333333334 0.42583333333333334 0.07395833333333333 0.03166666666666667
2 1.0 0.46958333333333335 0.0 0.07083333333333333
2 0.01015625 0.6058333333333333 0.0203125 0.09833333333333333
2 0.019270833333333334 0.6020833333333333 0.028125 0.05583333333333333