1 0.93046875 0.73875 0.1390625 0.11916666666666667
2 0.9005208333333333 0.6583333333333333 0.16458333333333333 0.08833333333333333
2 0.68671875 0.65125 0.14427083333333332 0.09416666666666666
2 0.64609375 0.715 0.17447916666666666 0.12
1 0.8145833333333333 0.55375 0.08020833333333334 0.059166666666666666
4 0.81484375 0.5295833333333333 0.0890625 0.060833333333333336
12 0.7018229166666666 0.5220833333333333 0.11197916666666667 0.08083333333333333
4 0.61875 0.57 0.1 0.08166666666666667
2 0.5369791666666667 0.53625 0.09166666666666666 0.0675
2 0.43515625 0.5808333333333333 0.1015625 0.07833333333333334
2 0.40677083333333336 0.5454166666666667 0.08645833333333333 0.0675
2 0.2755208333333333 0.5545833333333333 0.1125 0.04583333333333333
4 0.20286458333333332 0.5854166666666667 0.12447916666666667 0.08416666666666667
2 0.08255208333333333 0.5575 0.13072916666666667 0.051666666666666666
2 0.05651041666666667 0.5929166666666666 0.11302083333333333 0.08416666666666667
2 0.005208333333333333 0.55375 0.010416666666666666 0.07083333333333333
2 0.41640625 0.7670833333333333 0.18489583333333334 0.17416666666666666