15 0.6059895833333333 0.4975 0.018229166666666668 0.018333333333333333
15 0.6260416666666667 0.5041666666666667 0.034375 0.04666666666666667
15 0.5716145833333334 0.5120833333333333 0.019270833333333334 0.019166666666666665
15 0.5619791666666667 0.5629166666666666 0.03333333333333333 0.04083333333333333
15 0.6669270833333333 0.5866666666666667 0.04635416666666667 0.03833333333333333
5 0.3625 0.57 0.11354166666666667 0.11166666666666666
4 0.24270833333333333 0.59625 0.11145833333333334 0.10416666666666667
4 0.1796875 0.5304166666666666 0.09166666666666666 0.0725
0 0.9020833333333333 0.4425 0.103125 0.058333333333333334
2 0.16276041666666666 0.70875 0.17135416666666667 0.17083333333333334
2 0.06067708333333333 0.7266666666666667 0.12135416666666667 0.17333333333333334
0 0.3458333333333333 0.44625 0.046875 0.015833333333333335
2 0.01796875 0.6308333333333334 0.0359375 0.12
4 0.6752604166666667 0.41375 0.024479166666666666 0.019166666666666665