13 0.5966145833333333 0.4708333333333333 0.033854166666666664 0.021666666666666667
6 0.3966145833333333 0.5504166666666667 0.10364583333333334 0.1025
2 0.24765625 0.65 0.1296875 0.13333333333333333
2 0.07369791666666667 0.7983333333333333 0.14739583333333334 0.24
13 0.25286458333333334 0.59625 0.0609375 0.060833333333333336
4 0.34010416666666665 0.535 0.08229166666666667 0.07666666666666666
6 0.24036458333333333 0.4895833333333333 0.11927083333333334 0.0975
13 0.6705729166666666 0.4979166666666667 0.0296875 0.029166666666666667
2 0.07994791666666666 0.69625 0.15989583333333332 0.15916666666666668
15 0.5572916666666666 0.5125 0.019791666666666666 0.015
15 0.615625 0.4975 0.023958333333333335 0.02
1 0.14088541666666668 0.4875 0.033854166666666664 0.023333333333333334
4 0.3453125 0.43625 0.052083333333333336 0.0175
4 0.4778645833333333 0.42333333333333334 0.050520833333333334 0.035
1 0.6981770833333333 0.41125 0.04739583333333333 0.0375
2 0.1515625 0.5470833333333334 0.08854166666666667 0.0775