2 0.32526041666666666 0.5279166666666667 0.1796875 0.11916666666666667
2 0.6440104166666667 0.5233333333333333 0.17239583333333333 0.14
4 0.8872395833333333 0.5158333333333334 0.22552083333333334 0.15166666666666667
2 0.9575520833333333 0.44875 0.08489583333333334 0.09916666666666667
3 0.771875 0.4379166666666667 0.18333333333333332 0.1125
2 0.5479166666666667 0.44333333333333336 0.15 0.09833333333333333
4 0.22890625 0.4395833333333333 0.1640625 0.10416666666666667
2 0.032552083333333336 0.45125 0.06510416666666667 0.10083333333333333
1 0.06276041666666667 0.3858333333333333 0.12552083333333333 0.08
2 0.10885416666666667 0.34041666666666665 0.13645833333333332 0.0775
2 0.27447916666666666 0.345 0.10520833333333333 0.06
4 0.3809895833333333 0.36666666666666664 0.11614583333333334 0.08833333333333333
2 0.46041666666666664 0.33208333333333334 0.103125 0.0725
2 0.5895833333333333 0.36875 0.125 0.08083333333333333
2 0.6203125 0.3283333333333333 0.10833333333333334 0.07
2 0.73125 0.35541666666666666 0.10833333333333334 0.07416666666666667
3 0.7692708333333333 0.3125 0.121875 0.08666666666666667
13 0.8645833333333334 0.30875 0.040625 0.0275
3 0.93359375 0.335 0.1328125 0.085
4 0.85390625 0.27291666666666664 0.0546875 0.06416666666666666