13 0.9291666666666667 0.7745833333333333 0.14166666666666666 0.13916666666666666
2 1.0 0.8558333333333333 0.0 0.19333333333333333
3 0.5828125 0.5179166666666667 0.19791666666666666 0.15083333333333335
4 0.8333333333333334 0.5291666666666667 0.1875 0.12166666666666667
4 0.26640625 0.5266666666666666 0.2046875 0.13833333333333334
2 0.04973958333333333 0.5241666666666667 0.09947916666666666 0.13
2 0.005989583333333334 0.45375 0.011979166666666667 0.08583333333333333
2 0.20104166666666667 0.455 0.16875 0.09666666666666666
2 0.4544270833333333 0.44958333333333333 0.15260416666666668 0.10583333333333333
3 0.7533854166666667 0.44625 0.18697916666666667 0.11583333333333333
2 0.9721354166666667 0.4475 0.05572916666666667 0.095
2 0.06510416666666667 0.3825 0.13020833333333334 0.08833333333333333
4 0.24635416666666668 0.37333333333333335 0.13541666666666666 0.09333333333333334
2 0.45729166666666665 0.3725 0.121875 0.085
2 0.64765625 0.35541666666666666 0.1234375 0.0825
4 0.7942708333333334 0.3545833333333333 0.10833333333333334 0.07583333333333334
2 0.9372395833333333 0.3425 0.11822916666666666 0.07
2 0.11432291666666666 0.3466666666666667 0.13385416666666666 0.07666666666666666
4 0.3182291666666667 0.3308333333333333 0.10833333333333334 0.08
6 0.47552083333333334 0.31166666666666665 0.11979166666666667 0.09166666666666666
2 0.6416666666666667 0.32083333333333336 0.09583333333333334 0.07166666666666667
6 0.7799479166666666 0.30666666666666664 0.12864583333333332 0.08333333333333333
2 0.014322916666666666 0.3441666666666667 0.028645833333333332 0.07