15 0.54921875 0.585 0.04010416666666667 0.03
15 0.56953125 0.5804166666666667 0.0359375 0.034166666666666665
15 0.7817708333333333 0.48083333333333333 0.030208333333333334 0.021666666666666667
2 0.8669270833333333 0.62 0.16927083333333334 0.12333333333333334
5 0.41692708333333334 0.49375 0.07552083333333333 0.0775
0 0.515625 0.48833333333333334 0.057291666666666664 0.06
2 0.3421875 0.5920833333333333 0.10520833333333333 0.1175
4 0.21614583333333334 0.6116666666666667 0.13333333333333333 0.12666666666666668
2 0.046614583333333334 0.8395833333333333 0.09322916666666667 0.27416666666666667
4 0.9861979166666667 0.455 0.027604166666666666 0.07833333333333334
4 0.26536458333333335 0.4891666666666667 0.06927083333333334 0.06
4 0.32578125 0.44458333333333333 0.0484375 0.0475
2 0.0171875 0.6225 0.034375 0.09166666666666666