4 0.40572916666666664 0.54625 0.08125 0.0875
4 0.34088541666666666 0.5395833333333333 0.08489583333333334 0.0825
1 0.29739583333333336 0.6166666666666667 0.09583333333333334 0.11
15 0.63515625 0.49083333333333334 0.0203125 0.02666666666666667
15 0.6161458333333333 0.5120833333333333 0.020833333333333332 0.019166666666666665
4 0.2109375 0.50875 0.075 0.0675
2 0.13828125 0.5375 0.04739583333333333 0.025
2 0.012760416666666666 0.6095833333333334 0.025520833333333333 0.10416666666666667
2 0.023958333333333335 0.6170833333333333 0.014583333333333334 0.020833333333333332
3 0.18880208333333334 0.6195833333333334 0.1515625 0.13916666666666666
2 0.016145833333333335 0.7941666666666667 0.03229166666666667 0.21333333333333335
2 0.01484375 0.8575 0.0296875 0.20333333333333334
15 0.5544270833333333 0.7366666666666667 0.024479166666666666 0.05