2 0.6924479166666667 0.41541666666666666 0.0484375 0.0375
2 0.4546875 0.515 0.07395833333333333 0.07166666666666667
2 0.2328125 0.6079166666666667 0.1125 0.10416666666666667
2 0.06666666666666667 0.82125 0.13333333333333333 0.23916666666666667
2 0.29791666666666666 0.4870833333333333 0.04479166666666667 0.025833333333333333
2 0.20755208333333333 0.50125 0.0765625 0.059166666666666666
2 0.0 0.6516666666666666 0.0 0.12666666666666668
2 0.0 0.7320833333333333 0.0 0.16916666666666666
2 0.0 0.8945833333333333 0.0 0.21083333333333334
2 1.0 0.5841666666666666 0.0 0.10333333333333333
15 0.8395833333333333 0.4170833333333333 0.016666666666666666 0.0125