4 0.32447916666666665 0.5416666666666666 0.07395833333333333 0.07833333333333334
4 0.19036458333333334 0.62125 0.1234375 0.1175
2 0.021614583333333333 0.7904166666666667 0.043229166666666666 0.21916666666666668
6 0.35104166666666664 0.5733333333333334 0.1125 0.11166666666666666
3 0.19375 0.6854166666666667 0.16979166666666667 0.17416666666666666
2 0.0 0.86125 0.0 0.17416666666666666
13 0.4822916666666667 0.5191666666666667 0.04895833333333333 0.03666666666666667
2 0.21354166666666666 0.5125 0.07916666666666666 0.06666666666666667
1 0.021354166666666667 0.6083333333333333 0.026041666666666668 0.043333333333333335
2 0.12473958333333333 0.5383333333333333 0.0171875 0.016666666666666666
15 0.753125 0.6775 0.03854166666666667 0.05333333333333334
15 0.7481770833333333 0.4970833333333333 0.0265625 0.030833333333333334
2 0.66796875 0.45375 0.0578125 0.0525
2 0.7924479166666667 0.4483333333333333 0.09322916666666667 0.058333333333333334
2 0.9052083333333333 0.48333333333333334 0.125 0.08
15 0.6322916666666667 0.5204166666666666 0.027083333333333334 0.020833333333333332
15 0.6234375 0.5341666666666667 0.03125 0.025
13 0.4388020833333333 0.5458333333333333 0.033854166666666664 0.035