15 0.5598958333333334 0.5208333333333334 0.03125 0.035
15 0.5716145833333334 0.51875 0.030729166666666665 0.025833333333333333
15 0.5791666666666667 0.5125 0.007291666666666667 0.013333333333333334
15 0.6375 0.4975 0.026041666666666668 0.016666666666666666
4 0.26119791666666664 0.6433333333333333 0.13802083333333334 0.13833333333333334
4 0.8546875 0.43916666666666665 0.0875 0.04833333333333333
1 0.38359375 0.5654166666666667 0.0765625 0.08916666666666667
2 0.32135416666666666 0.5541666666666667 0.103125 0.095
2 0.14114583333333333 0.6591666666666667 0.153125 0.14333333333333334
2 0.13333333333333333 0.5358333333333334 0.04791666666666667 0.041666666666666664
2 0.9513020833333333 0.435 0.09739583333333333 0.045