2 0.29244791666666664 0.56625 0.09739583333333333 0.09416666666666666
2 0.34817708333333336 0.5875 0.0953125 0.1
3 0.12265625 0.6595833333333333 0.1703125 0.1575
13 0.2390625 0.6495833333333333 0.06979166666666667 0.07583333333333334
2 0.08567708333333333 0.7608333333333334 0.17135416666666667 0.21
6 0.2046875 0.5045833333333334 0.10104166666666667 0.0825
2 0.02109375 0.6020833333333333 0.0421875 0.09916666666666667
2 1.0 0.5525 0.0 0.10333333333333333
11 0.8333333333333334 0.48541666666666666 0.3229166666666667 0.19583333333333333
2 1.0 0.52875 0.0 0.1075
15 0.50703125 0.4475 0.03177083333333333 0.023333333333333334
15 0.5145833333333333 0.46416666666666667 0.029166666666666667 0.02666666666666667
15 0.5083333333333333 0.46541666666666665 0.028125 0.0275
15 0.49114583333333334 0.46375 0.023958333333333335 0.024166666666666666
15 0.45989583333333334 0.46291666666666664 0.025 0.034166666666666665
15 0.45989583333333334 0.47291666666666665 0.023958333333333335 0.0275
15 0.44427083333333334 0.48333333333333334 0.029166666666666667 0.028333333333333332
15 0.43020833333333336 0.4845833333333333 0.025 0.019166666666666665
15 0.4388020833333333 0.46958333333333335 0.0484375 0.03916666666666667
15 0.7122395833333334 0.50625 0.03697916666666667 0.025833333333333333
15 0.4825520833333333 0.46208333333333335 0.024479166666666666 0.024166666666666666