4 0.31640625 0.5233333333333333 0.1984375 0.14166666666666666
3 0.63046875 0.5175 0.2015625 0.14666666666666667
2 0.8822916666666667 0.515 0.215625 0.12333333333333334
3 0.90546875 0.43375 0.1890625 0.10416666666666667
4 0.6640625 0.4379166666666667 0.16145833333333334 0.1025
2 0.40208333333333335 0.44083333333333335 0.146875 0.10166666666666667
5 0.8567708333333334 0.29583333333333334 0.13541666666666666 0.08833333333333333
2 0.9247395833333333 0.3441666666666667 0.1296875 0.065
4 0.7651041666666667 0.35208333333333336 0.11979166666666667 0.06916666666666667
2 0.6731770833333334 0.32166666666666666 0.09114583333333333 0.06333333333333334
2 0.5815104166666667 0.3620833333333333 0.11197916666666667 0.0825
2 0.5161458333333333 0.3275 0.096875 0.06
4 0.39557291666666666 0.36333333333333334 0.11822916666666666 0.095
4 0.35052083333333334 0.32625 0.11145833333333334 0.08083333333333333
2 0.19088541666666667 0.34041666666666665 0.12135416666666667 0.07083333333333333
4 0.08125 0.3729166666666667 0.15625 0.0925
2 0.0 0.3829166666666667 0.0 0.08583333333333333
3 1.0 0.5066666666666667 0.0 0.14166666666666666