1 0.91015625 0.7341666666666666 0.16822916666666668 0.12166666666666667
4 0.8885416666666667 0.6466666666666666 0.16875 0.1
2 0.6955729166666667 0.6525 0.15572916666666667 0.09833333333333333
2 0.46197916666666666 0.6491666666666667 0.14375 0.09666666666666666
4 0.25052083333333336 0.64625 0.15104166666666666 0.09916666666666667
2 0.0359375 0.6458333333333334 0.071875 0.11
2 0.7434895833333334 0.57375 0.10364583333333334 0.04583333333333333
4 0.86796875 0.5583333333333333 0.10677083333333333 0.07
4 0.6072916666666667 0.5683333333333334 0.103125 0.07166666666666667
2 0.43854166666666666 0.57375 0.103125 0.0775
2 0.2484375 0.5816666666666667 0.13333333333333333 0.085
2 0.0671875 0.5925 0.134375 0.07833333333333334
2 0.8002604166666667 0.5320833333333334 0.0796875 0.059166666666666666
2 0.6265625 0.5308333333333334 0.09270833333333334 0.06166666666666667
4 0.46848958333333335 0.5383333333333333 0.0984375 0.06666666666666667
4 0.27395833333333336 0.5366666666666666 0.10729166666666666 0.07333333333333333
2 0.12239583333333333 0.5495833333333333 0.09791666666666667 0.0575
2 0.01171875 0.555 0.0234375 0.06666666666666667
13 0.8013020833333333 0.7829166666666667 0.12135416666666667 0.0975
13 0.15104166666666666 0.6104166666666667 0.07083333333333333 0.04583333333333333