6 0.80390625 0.51625 0.1171875 0.07583333333333334
2 0.63828125 0.5366666666666666 0.08385416666666666 0.05333333333333334
2 0.49375 0.5408333333333334 0.0875 0.055
4 0.33203125 0.54 0.0828125 0.07166666666666667
2 0.19244791666666666 0.5545833333333333 0.11197916666666667 0.06416666666666666
2 0.8635416666666667 0.56125 0.10833333333333334 0.06416666666666666
4 0.7229166666666667 0.5670833333333334 0.10833333333333334 0.060833333333333336
2 0.5526041666666667 0.5770833333333333 0.10104166666666667 0.0775
4 0.3880208333333333 0.57625 0.10416666666666667 0.0825
4 0.08671875 0.5841666666666666 0.14322916666666666 0.08666666666666667
4 0.8559895833333333 0.65625 0.18177083333333333 0.1075
4 0.6268229166666667 0.6520833333333333 0.14427083333333332 0.09583333333333334
2 0.38046875 0.6525 0.14010416666666667 0.09833333333333333
3 0.1515625 0.64 0.19270833333333334 0.12333333333333334
2 0.8325520833333333 0.7291666666666666 0.19739583333333333 0.125
4 0.5919270833333333 0.7304166666666667 0.18697916666666667 0.14416666666666667
4 0.2908854166666667 0.735 0.1953125 0.14
2 0.06901041666666667 0.73 0.13802083333333334 0.14166666666666666
2 0.0 0.5891666666666666 0.0 0.07833333333333334
2 0.02109375 0.6483333333333333 0.0421875 0.09666666666666666