4 0.34270833333333334 0.5833333333333334 0.10416666666666667 0.11333333333333333
4 0.18463541666666666 0.69 0.1546875 0.16
2 0.26953125 0.58625 0.1140625 0.10916666666666666
2 0.09114583333333333 0.6883333333333334 0.1625 0.15
2 0.9721354166666667 0.46458333333333335 0.027604166666666666 0.014166666666666666
1 0.23645833333333333 0.5058333333333334 0.059375 0.051666666666666666
2 0.016666666666666666 0.6283333333333333 0.03333333333333333 0.095
15 0.7302083333333333 0.5129166666666667 0.029166666666666667 0.0275
15 0.6848958333333334 0.49041666666666667 0.03229166666666667 0.0275
15 0.675 0.4895833333333333 0.03125 0.024166666666666666
15 0.465625 0.455 0.01875 0.011666666666666667
11 0.5453125 0.4241666666666667 0.12708333333333333 0.085
2 0.9541666666666667 0.5316666666666666 0.09166666666666666 0.11333333333333333
2 0.6890625 0.43125 0.0625 0.050833333333333335