2 0.08645833333333333 0.34291666666666665 0.13645833333333332 0.07916666666666666
4 0.15989583333333332 0.51125 0.19583333333333333 0.13083333333333333
6 0.2716145833333333 0.3516666666666667 0.1671875 0.10666666666666667
2 0.7825520833333334 0.6341666666666667 0.26510416666666664 0.16333333333333333
4 0.3815104166666667 0.5229166666666667 0.1828125 0.1375
2 0.5078125 0.4508333333333333 0.15 0.105
12 0.525 0.33125 0.19479166666666667 0.1475
1 0.3921875 0.3325 0.08020833333333334 0.07666666666666666
2 0.6177083333333333 0.5229166666666667 0.19583333333333333 0.14583333333333334
1 0.91953125 0.5354166666666667 0.1609375 0.1175
2 0.7544270833333333 0.4475 0.18489583333333334 0.09666666666666666
2 0.7140625 0.3545833333333333 0.12708333333333333 0.0825
4 0.6682291666666667 0.3175 0.11770833333333333 0.07166666666666667
1 0.9822916666666667 0.45166666666666666 0.035416666666666666 0.095
2 0.9119791666666667 0.3416666666666667 0.1125 0.07166666666666667
4 0.80546875 0.315 0.11302083333333333 0.06333333333333334
2 0.54453125 0.3233333333333333 0.06614583333333333 0.07