1 0.3619791666666667 0.5704166666666667 0.07291666666666667 0.0875
4 0.32005208333333335 0.5454166666666667 0.09010416666666667 0.08583333333333333
3 0.19296875 0.6125 0.1046875 0.1
15 0.5989583333333334 0.5341666666666667 0.034375 0.021666666666666667
15 0.5315104166666667 0.5270833333333333 0.018229166666666668 0.024166666666666666
15 0.596875 0.4825 0.01875 0.015
15 0.6158854166666666 0.4975 0.018229166666666668 0.013333333333333334
15 0.6096354166666667 0.50625 0.0296875 0.019166666666666665
11 0.7216145833333333 0.3925 0.0984375 0.04
11 0.821875 0.41291666666666665 0.21354166666666666 0.09583333333333334
4 0.07942708333333333 0.7829166666666667 0.15885416666666666 0.2525
5 0.20729166666666668 0.5045833333333334 0.10520833333333333 0.07916666666666666
4 0.13802083333333334 0.53 0.059375 0.051666666666666666