2 0.14348958333333334 0.7204166666666667 0.18697916666666667 0.18416666666666667
2 0.0828125 0.6941666666666667 0.165625 0.15666666666666668
2 0.19348958333333333 0.5354166666666667 0.09010416666666667 0.0575
2 0.14114583333333333 0.53125 0.03229166666666667 0.014166666666666666
2 0.6893229166666667 0.44958333333333333 0.0703125 0.0575
0 0.42864583333333334 0.7170833333333333 0.13229166666666667 0.14083333333333334
2 0.721875 0.4325 0.06666666666666667 0.05333333333333334
2 0.5552083333333333 0.4033333333333333 0.022916666666666665 0.023333333333333334
15 0.46432291666666664 0.48333333333333334 0.0203125 0.021666666666666667
15 0.4635416666666667 0.46166666666666667 0.010416666666666666 0.013333333333333334
15 0.6182291666666667 0.5654166666666667 0.03125 0.025833333333333333
15 0.5986979166666667 0.5654166666666667 0.03697916666666667 0.0325
15 0.7283854166666667 0.6225 0.04114583333333333 0.045
6 0.27395833333333336 0.5691666666666667 0.11458333333333333 0.10833333333333334
6 0.01640625 0.60125 0.0328125 0.10916666666666666
6 0.5330729166666667 0.41375 0.05260416666666667 0.03916666666666667
4 0.346875 0.5816666666666667 0.10625 0.11333333333333333
11 0.44765625 0.40375 0.08177083333333333 0.059166666666666666
13 0.45651041666666664 0.4475 0.0140625 0.013333333333333334
2 0.01875 0.6270833333333333 0.026041666666666668 0.014166666666666666