4 0.36015625 0.5670833333333334 0.1078125 0.1125
2 0.28854166666666664 0.5666666666666667 0.10208333333333333 0.095
6 0.19427083333333334 0.65375 0.190625 0.1775
2 0.18229166666666666 0.5291666666666667 0.09791666666666667 0.07833333333333334
15 0.509375 0.48041666666666666 0.025 0.019166666666666665
15 0.3841145833333333 0.46166666666666667 0.019270833333333334 0.018333333333333333
15 0.41171875 0.44625 0.019270833333333334 0.0175
15 0.4203125 0.44333333333333336 0.008333333333333333 0.008333333333333333
15 0.38515625 0.44375 0.0109375 0.010833333333333334
15 0.3497395833333333 0.4404166666666667 0.016145833333333335 0.010833333333333334
13 0.5572916666666666 0.48333333333333334 0.030208333333333334 0.02666666666666667
15 0.3890625 0.4533333333333333 0.023958333333333335 0.018333333333333333
15 0.4236979166666667 0.44208333333333333 0.022395833333333334 0.009166666666666667
15 0.4401041666666667 0.43625 0.019791666666666666 0.014166666666666666
4 0.7442708333333333 0.45625 0.08020833333333334 0.0325
11 0.5255208333333333 0.41458333333333336 0.11354166666666667 0.07583333333333334
13 0.9565104166666667 0.545 0.06197916666666667 0.04833333333333333