3 0.93125 0.33416666666666667 0.13645833333333332 0.10666666666666667
2 0.765625 0.36 0.12291666666666666 0.07333333333333333
4 0.29791666666666666 0.44458333333333333 0.16041666666666668 0.1125
0 0.6307291666666667 0.35333333333333333 0.09479166666666666 0.07833333333333334
4 0.8526041666666667 0.3120833333333333 0.08958333333333333 0.06416666666666666
4 0.7098958333333333 0.31375 0.11770833333333333 0.07583333333333334
0 0.56328125 0.3225 0.0734375 0.065
2 0.39140625 0.33 0.0859375 0.075
4 0.3653645833333333 0.3645833333333333 0.11927083333333334 0.09083333333333334
4 0.2375 0.33708333333333335 0.12083333333333333 0.0875
2 0.16432291666666668 0.38166666666666665 0.1515625 0.09
4 0.9455729166666667 0.44083333333333335 0.10885416666666667 0.10666666666666667
2 0.79453125 0.29083333333333333 0.06614583333333333 0.058333333333333334
4 0.02578125 0.37958333333333333 0.0515625 0.09583333333333334
4 0.0625 0.34541666666666665 0.125 0.0675
2 0.8338541666666667 0.25666666666666665 0.04375 0.051666666666666666