2 0.54765625 0.44333333333333336 0.15052083333333333 0.09666666666666666
2 0.5890625 0.36875 0.12604166666666666 0.0825
2 0.4588541666666667 0.33166666666666667 0.10625 0.07333333333333333
2 0.6208333333333333 0.32458333333333333 0.10520833333333333 0.06916666666666667
3 0.7721354166666666 0.43833333333333335 0.1828125 0.11333333333333333
3 0.9234375 0.33416666666666667 0.146875 0.08666666666666667
4 0.76953125 0.3125 0.12135416666666667 0.08666666666666667
4 0.6442708333333333 0.5233333333333333 0.17291666666666666 0.14166666666666666
4 0.21692708333333333 0.44 0.1671875 0.105
4 0.8880208333333334 0.5179166666666667 0.22395833333333334 0.14583333333333334
4 0.36276041666666664 0.3670833333333333 0.11822916666666666 0.09083333333333334
0 0.3260416666666667 0.5275 0.17916666666666667 0.12333333333333334
0 0.03046875 0.45125 0.0609375 0.1025
0 0.9580729166666667 0.4479166666666667 0.08385416666666666 0.09916666666666667
1 0.06276041666666667 0.3854166666666667 0.12552083333333333 0.07916666666666666
0 0.7317708333333334 0.35541666666666666 0.109375 0.0675
13 0.8557291666666667 0.31083333333333335 0.028125 0.021666666666666667
1 0.7307291666666667 0.2525 0.04375 0.005