13 0.40338541666666666 0.5579166666666666 0.0453125 0.0425
2 0.28567708333333336 0.6279166666666667 0.11927083333333334 0.1225
4 0.12994791666666666 0.7275 0.18072916666666666 0.185
4 0.25494791666666666 0.5933333333333334 0.1296875 0.125
2 0.05026041666666667 0.74875 0.10052083333333334 0.20416666666666666
2 0.25494791666666666 0.4945833333333333 0.07760416666666667 0.06416666666666666
2 0.14817708333333332 0.5404166666666667 0.08072916666666667 0.0675
2 0.014583333333333334 0.6070833333333333 0.029166666666666667 0.0975
2 0.007552083333333333 0.6670833333333334 0.015104166666666667 0.1525
0 0.9552083333333333 0.59625 0.08958333333333333 0.10583333333333333
12 0.9828125 0.45208333333333334 0.034375 0.08916666666666667
2 0.9916666666666667 0.54625 0.016666666666666666 0.12416666666666666
3 0.609375 0.45208333333333334 0.06354166666666666 0.059166666666666666
2 0.6674479166666667 0.435 0.059895833333333336 0.04666666666666667
2 0.5143229166666666 0.43166666666666664 0.033854166666666664 0.013333333333333334
15 0.5940104166666667 0.5491666666666667 0.04114583333333333 0.035
15 0.46432291666666664 0.48333333333333334 0.024479166666666666 0.021666666666666667
2 0.008072916666666667 0.5383333333333333 0.016145833333333335 0.06833333333333333