15 0.6239583333333333 0.49875 0.020833333333333332 0.020833333333333332
15 0.64609375 0.5054166666666666 0.022395833333333334 0.024166666666666666
15 0.5763020833333333 0.5345833333333333 0.027604166666666666 0.020833333333333332
15 0.703125 0.6 0.026041666666666668 0.03833333333333333
2 0.28854166666666664 0.56625 0.103125 0.09583333333333334
2 0.13802083333333334 0.6704166666666667 0.13541666666666666 0.11083333333333334
2 0.18307291666666667 0.52625 0.09427083333333333 0.07583333333333334
2 0.13229166666666667 0.5358333333333334 0.03125 0.016666666666666666
2 0.00546875 0.6129166666666667 0.0109375 0.0975
4 0.01640625 0.6075 0.011979166666666667 0.03333333333333333
5 0.7208333333333333 0.45875 0.10416666666666667 0.0775
0 0.6059895833333333 0.43875 0.03802083333333333 0.0425
2 0.2643229166666667 0.46125 0.05677083333333333 0.0325