3 0.45989583333333334 0.465 0.05625 0.06333333333333334
4 0.5890625 0.45208333333333334 0.0625 0.0575
2 0.425 0.5366666666666666 0.08229166666666667 0.08333333333333333
2 1.0 0.61 0.0 0.12666666666666668
2 0.8299479166666667 0.6141666666666666 0.15364583333333334 0.11
15 0.87734375 0.7529166666666667 0.07447916666666667 0.08416666666666667
4 0.35520833333333335 0.44708333333333333 0.04895833333333333 0.04583333333333333
15 0.8028645833333333 0.44583333333333336 0.0296875 0.018333333333333333
15 0.7833333333333333 0.4791666666666667 0.028125 0.018333333333333333
15 0.7963541666666667 0.48041666666666666 0.03229166666666667 0.025833333333333333
15 0.8348958333333333 0.46125 0.030208333333333334 0.0225
15 0.8580729166666666 0.44208333333333333 0.0328125 0.020833333333333332
15 0.8684895833333334 0.45 0.0171875 0.013333333333333334
2 0.34817708333333336 0.7654166666666666 0.17447916666666666 0.18916666666666668
4 0.16875 0.5083333333333333 0.084375 0.06166666666666667
4 0.0640625 0.8016666666666666 0.128125 0.22833333333333333
5 0.16796875 0.61 0.16822916666666668 0.145
15 0.8302083333333333 0.435 0.016666666666666666 0.013333333333333334
15 0.8890625 0.4479166666666667 0.01875 0.020833333333333332
15 0.8520833333333333 0.41625 0.015625 0.009166666666666667
15 0.8450520833333334 0.42041666666666666 0.016145833333333335 0.009166666666666667