0 0.39895833333333336 0.5566666666666666 0.07083333333333333 0.07833333333333334
2 0.2513020833333333 0.6466666666666666 0.13697916666666668 0.135
2 0.08541666666666667 0.7920833333333334 0.17083333333333334 0.2275
4 0.32526041666666666 0.5504166666666667 0.0984375 0.0925
2 0.15729166666666666 0.6558333333333334 0.13020833333333334 0.12666666666666668
4 0.02421875 0.7875 0.0484375 0.24
5 0.18932291666666667 0.5208333333333334 0.10260416666666666 0.08
2 0.023958333333333335 0.6116666666666667 0.035416666666666666 0.05
2 0.13359375 0.5404166666666667 0.033854166666666664 0.03916666666666667
2 0.019010416666666665 0.5995833333333334 0.03802083333333333 0.08583333333333333
5 0.20859375 0.47291666666666665 0.0796875 0.0525
4 0.425 0.4395833333333333 0.05416666666666667 0.014166666666666666
4 0.6859375 0.4125 0.059375 0.04
5 0.8739583333333333 0.43416666666666665 0.10625 0.056666666666666664
2 1.0 0.49333333333333335 0.0 0.09666666666666666
11 1.0 0.4741666666666667 0.0 0.22166666666666668
15 0.5924479166666666 0.5208333333333334 0.03177083333333333 0.021666666666666667
15 0.6078125 0.4970833333333333 0.017708333333333333 0.014166666666666666
15 0.7388020833333333 0.5041666666666667 0.016145833333333335 0.021666666666666667