4 0.32447916666666665 0.5433333333333333 0.075 0.07833333333333334
4 0.190625 0.6195833333333334 0.121875 0.1175
2 0.021614583333333333 0.7904166666666667 0.043229166666666666 0.21583333333333332
6 0.3502604166666667 0.5729166666666666 0.1109375 0.1125
3 0.19401041666666666 0.6854166666666667 0.16927083333333334 0.17416666666666666
2 0.0 0.8758333333333334 0.0 0.2
13 0.4825520833333333 0.52 0.04739583333333333 0.03666666666666667
2 0.21328125 0.5145833333333333 0.0796875 0.06916666666666667
1 0.022916666666666665 0.6091666666666666 0.030208333333333334 0.045
2 0.12473958333333333 0.5383333333333333 0.018229166666666668 0.016666666666666666
15 0.934375 0.72625 0.06354166666666666 0.0825
15 0.9143229166666667 0.6995833333333333 0.0296875 0.0675
2 0.34609375 0.775 0.14635416666666667 0.14
15 0.7497395833333333 0.5041666666666667 0.0171875 0.015
11 0.5322916666666667 0.42125 0.115625 0.07583333333333334
2 0.6651041666666667 0.43583333333333335 0.053125 0.03666666666666667
4 0.8234375 0.49166666666666664 0.109375 0.08333333333333333