2 0.38229166666666664 0.56 0.09791666666666667 0.1
1 0.2721354166666667 0.6233333333333333 0.10572916666666667 0.11
4 0.0828125 0.7908333333333334 0.165625 0.24833333333333332
2 0.2890625 0.56875 0.10208333333333333 0.09916666666666667
2 0.2171875 0.5066666666666667 0.06041666666666667 0.056666666666666664
4 0.14036458333333332 0.5483333333333333 0.05364583333333333 0.05
4 0.009375 0.60625 0.01875 0.09916666666666667
2 0.20234375 0.4820833333333333 0.07760416666666667 0.0525
2 0.8958333333333334 0.43041666666666667 0.08333333333333333 0.04583333333333333
15 0.6044270833333333 0.4975 0.0171875 0.018333333333333333
15 0.5669270833333333 0.52 0.030729166666666665 0.023333333333333334
15 0.559375 0.5266666666666666 0.020833333333333332 0.016666666666666666
2 0.7049479166666667 0.4170833333333333 0.0578125 0.04416666666666667