5 0.5776041666666667 0.4558333333333333 0.06354166666666666 0.055
2 0.5348958333333333 0.44875 0.03229166666666667 0.030833333333333334
2 0.35963541666666665 0.5308333333333334 0.08072916666666667 0.08
4 0.42239583333333336 0.5383333333333333 0.084375 0.09
3 0.08411458333333334 0.69 0.16822916666666668 0.18
2 0.071875 0.7920833333333334 0.14375 0.22083333333333333
2 0.9934895833333334 0.4425 0.013020833333333334 0.06333333333333334
3 0.3888020833333333 0.4354166666666667 0.050520833333333334 0.04416666666666667
2 0.284375 0.4870833333333333 0.04895833333333333 0.035833333333333335
2 0.21640625 0.49375 0.07447916666666667 0.0625
2 0.14791666666666667 0.5583333333333333 0.052083333333333336 0.02666666666666667
2 0.0 0.63875 0.0 0.11583333333333333
2 0.0 0.7370833333333333 0.0 0.17416666666666666
2 0.0 0.9120833333333334 0.0 0.17583333333333334
3 0.0 0.9483333333333334 0.0 0.10333333333333333
3 0.0 1.0 0.0 0.0
15 0.86328125 0.43375 0.019270833333333334 0.019166666666666665
15 0.8981770833333333 0.4295833333333333 0.0171875 0.015833333333333335
15 0.8388020833333333 0.4170833333333333 0.015104166666666667 0.010833333333333334