5 0.3138020833333333 0.5975 0.1265625 0.13166666666666665
3 0.10625 0.7358333333333333 0.2125 0.22
2 0.29192708333333334 0.5654166666666667 0.10677083333333333 0.09916666666666667
2 0.08020833333333334 0.6879166666666666 0.16041666666666668 0.14916666666666667
3 0.20807291666666666 0.5175 0.08697916666666666 0.07333333333333333
4 0.14296875 0.5308333333333334 0.0546875 0.028333333333333332
2 0.008333333333333333 0.6141666666666666 0.016666666666666666 0.11
15 0.47890625 0.5633333333333334 0.030729166666666665 0.025
15 0.4986979166666667 0.535 0.0234375 0.03166666666666667
15 0.5395833333333333 0.5416666666666666 0.020833333333333332 0.02
13 0.57734375 0.5358333333333334 0.033854166666666664 0.028333333333333332
15 0.5557291666666667 0.52625 0.016666666666666666 0.0175
15 0.58828125 0.5116666666666667 0.019270833333333334 0.02
15 0.5713541666666667 0.5045833333333334 0.010416666666666666 0.010833333333333334
15 0.6140625 0.48375 0.020833333333333332 0.019166666666666665
13 0.71015625 0.5158333333333334 0.04635416666666667 0.03166666666666667