3 0.9966145833333333 0.73125 0.0067708333333333336 0.14583333333333334
4 0.8885416666666667 0.6554166666666666 0.16875 0.10416666666666667
2 0.4583333333333333 0.6470833333333333 0.140625 0.09583333333333334
13 0.8994791666666667 0.9641666666666666 0.15520833333333334 0.07166666666666667
4 0.921875 0.5558333333333333 0.09583333333333334 0.06333333333333334
2 0.7567708333333333 0.5341666666666667 0.08854166666666667 0.056666666666666664
6 0.575 0.5616666666666666 0.121875 0.09166666666666666
2 0.46770833333333334 0.5475 0.08854166666666667 0.06666666666666667
2 0.37135416666666665 0.5825 0.11354166666666667 0.08
2 0.2921875 0.5475 0.11145833333333334 0.07
0 0.13046875 0.55 0.10572916666666667 0.06666666666666667
2 0.05755208333333333 0.6075 0.11510416666666666 0.051666666666666666
4 0.04869791666666667 0.5383333333333333 0.09739583333333333 0.056666666666666664