11 0.8580729166666666 0.57 0.2838541666666667 0.205
0 0.60703125 0.67125 0.12239583333333333 0.11916666666666667
2 0.36380208333333336 0.5833333333333334 0.1015625 0.1
2 0.29635416666666664 0.56875 0.10104166666666667 0.0975
2 0.20755208333333333 0.6866666666666666 0.14635416666666667 0.15333333333333332
4 0.09661458333333334 0.6820833333333334 0.1546875 0.14583333333333334
2 0.028125 0.8516666666666667 0.05625 0.25833333333333336
13 0.93671875 0.4354166666666667 0.049479166666666664 0.024166666666666666
13 0.30963541666666666 0.4675 0.03802083333333333 0.028333333333333332
2 0.19401041666666666 0.5233333333333333 0.08697916666666666 0.07
2 0.1359375 0.5304166666666666 0.04791666666666667 0.059166666666666666
15 0.5247395833333334 0.5325 0.028645833333333332 0.02666666666666667
13 0.6627604166666666 0.49875 0.04010416666666667 0.0325
15 0.6276041666666666 0.5270833333333333 0.020833333333333332 0.0175
15 0.6630208333333333 0.5320833333333334 0.01875 0.025833333333333333
15 0.6549479166666666 0.52125 0.0296875 0.029166666666666667
13 0.7158854166666667 0.5179166666666667 0.05677083333333333 0.0325
15 0.6934895833333333 0.49625 0.0203125 0.019166666666666665
15 0.7036458333333333 0.5 0.028125 0.02666666666666667
13 0.603125 0.4716666666666667 0.035416666666666666 0.03166666666666667
4 0.7419270833333333 0.43875 0.06822916666666666 0.05583333333333333