11 0.014322916666666666 0.8320833333333333 0.028645833333333332 0.3358333333333333
4 0.15442708333333333 0.7116666666666667 0.17239583333333333 0.17666666666666667
4 0.34713541666666664 0.5758333333333333 0.09427083333333333 0.1
2 0.33255208333333336 0.54375 0.08385416666666666 0.0725
4 0.17578125 0.5275 0.07447916666666667 0.06833333333333333
2 0.12838541666666667 0.5383333333333333 0.030729166666666665 0.02666666666666667
2 1.0 0.8979166666666667 0.0 0.18416666666666667
1 0.008854166666666666 0.5425 0.017708333333333333 0.06666666666666667
15 0.5317708333333333 0.5320833333333334 0.03125 0.025833333333333333
15 0.5458333333333333 0.5270833333333333 0.026041666666666668 0.035833333333333335
15 0.5854166666666667 0.4970833333333333 0.017708333333333333 0.019166666666666665
15 0.7151041666666667 0.4895833333333333 0.035416666666666666 0.0325
15 0.68828125 0.4891666666666667 0.013020833333333334 0.013333333333333334
15 0.7611979166666667 0.505 0.016145833333333335 0.016666666666666666
15 0.6005208333333333 0.5329166666666667 0.030208333333333334 0.020833333333333332
15 0.5895833333333333 0.5345833333333333 0.034375 0.029166666666666667
2 0.015885416666666666 0.62 0.03177083333333333 0.028333333333333332
2 0.5677083333333334 0.4325 0.05416666666666667 0.021666666666666667