4 0.6546875 0.435 0.017708333333333333 0.03166666666666667
4 0.5841145833333333 0.43083333333333335 0.04635416666666667 0.04
4 0.43359375 0.5304166666666666 0.07447916666666667 0.0775
4 0.39505208333333336 0.51125 0.0765625 0.0675
4 0.1328125 0.655 0.15729166666666666 0.15
4 0.05859375 0.8170833333333334 0.1171875 0.25583333333333336
2 0.2559895833333333 0.49333333333333335 0.0671875 0.055
6 0.13854166666666667 0.5295833333333333 0.06041666666666667 0.0475
15 0.815625 0.4275 0.026041666666666668 0.016666666666666666
15 0.8046875 0.4195833333333333 0.013541666666666667 0.010833333333333334
15 0.9010416666666666 0.42875 0.017708333333333333 0.010833333333333334
2 0.984375 0.45 0.03125 0.085
13 0.9575520833333333 0.4266666666666667 0.0359375 0.016666666666666666