9 0.3453125 0.5733333333333334 0.15833333333333333 0.14
5 0.10130208333333333 0.7416666666666667 0.20260416666666667 0.22333333333333333
2 0.05364583333333333 0.7379166666666667 0.10729166666666666 0.18083333333333335
4 0.2234375 0.6058333333333333 0.11354166666666667 0.10666666666666667
5 0.20208333333333334 0.5175 0.09270833333333334 0.07333333333333333
2 0.37447916666666664 0.4379166666666667 0.04895833333333333 0.0225
2 0.6276041666666666 0.40125 0.034375 0.025833333333333333
2 0.7828125 0.4125 0.07083333333333333 0.03666666666666667
4 0.9791666666666666 0.45166666666666666 0.041666666666666664 0.06666666666666667
15 0.5747395833333333 0.5941666666666666 0.0296875 0.035
15 0.5924479166666666 0.59375 0.030729166666666665 0.030833333333333334
15 0.6033854166666667 0.5866666666666667 0.03697916666666667 0.035
15 0.6776041666666667 0.6129166666666667 0.03958333333333333 0.0375
15 0.5442708333333334 0.53375 0.03229166666666667 0.0275
15 0.5234375 0.53375 0.030208333333333334 0.0225
15 0.5729166666666666 0.5345833333333333 0.029166666666666667 0.024166666666666666
15 0.58125 0.5266666666666666 0.020833333333333332 0.018333333333333333
15 0.6427083333333333 0.52 0.03333333333333333 0.03166666666666667
15 0.63046875 0.5129166666666667 0.0234375 0.025833333333333333
15 0.6182291666666667 0.505 0.030208333333333334 0.015
15 0.6138020833333333 0.4820833333333333 0.0171875 0.010833333333333334
15 0.5705729166666667 0.5041666666666667 0.009895833333333333 0.013333333333333334