13 0.46484375 0.5316666666666666 0.0484375 0.04
4 0.35390625 0.57625 0.0953125 0.10416666666666667
2 0.2125 0.5125 0.075 0.06166666666666667
2 0.14479166666666668 0.5329166666666667 0.06041666666666667 0.034166666666666665
2 0.015104166666666667 0.6029166666666667 0.030208333333333334 0.0925
3 0.19661458333333334 0.4816666666666667 0.08072916666666667 0.05
2 0.5 0.43166666666666664 0.051041666666666666 0.03
3 0.8091145833333333 0.42291666666666666 0.08697916666666666 0.0475
5 0.8981770833333333 0.42083333333333334 0.1015625 0.065
1 0.09401041666666667 0.7470833333333333 0.1609375 0.16583333333333333
15 0.5416666666666666 0.5270833333333333 0.017708333333333333 0.0225
15 0.5869791666666667 0.49833333333333335 0.019791666666666666 0.02
15 0.6796875 0.61875 0.04583333333333333 0.0475