15 0.7791666666666667 0.43 0.028125 0.013333333333333334
15 0.8065104166666667 0.43625 0.015104166666666667 0.0125
15 0.8497395833333333 0.45125 0.0171875 0.0175
15 0.8638020833333333 0.425 0.034895833333333334 0.016666666666666666
15 0.90859375 0.42 0.0026041666666666665 0.01
3 0.57890625 0.45166666666666666 0.0640625 0.06
4 0.51015625 0.42333333333333334 0.0328125 0.05
2 0.4315104166666667 0.5358333333333334 0.08489583333333334 0.09166666666666666
2 0.328125 0.5495833333333333 0.075 0.06916666666666667
4 0.16484375 0.7025 0.15989583333333332 0.17166666666666666
2 0.0067708333333333336 0.79625 0.013541666666666667 0.2225
4 0.9861979166666667 0.455 0.027604166666666666 0.07833333333333334
2 0.17916666666666667 0.5283333333333333 0.08958333333333333 0.075
0 0.23984375 0.48375 0.05364583333333333 0.0475
2 0.0140625 0.6133333333333333 0.028125 0.03833333333333333