2 0.9971354166666667 0.6254166666666666 0.005729166666666666 0.1475
2 0.9916666666666667 0.5 0.016666666666666666 0.115
2 0.9419270833333333 0.44208333333333333 0.11614583333333334 0.08916666666666667
2 1.0 0.8558333333333333 0.0 0.20166666666666666
13 0.93125 0.775 0.1375 0.135
4 0.9247395833333333 0.34041666666666665 0.11197916666666667 0.07083333333333333
4 0.8513020833333333 0.30375 0.0640625 0.0575
3 0.6125 0.28583333333333333 0.10208333333333333 0.06666666666666667
2 0.8080729166666667 0.2816666666666667 0.044270833333333336 0.04833333333333333
2 0.5638020833333334 0.35541666666666666 0.1109375 0.07416666666666667
2 0.2296875 0.37666666666666665 0.12708333333333333 0.085
4 0.046875 0.43291666666666667 0.09375 0.10416666666666667
4 0.4231770833333333 0.4425 0.15052083333333333 0.10666666666666667
4 0.37213541666666666 0.52375 0.1859375 0.14416666666666667
3 0.7859375 0.24416666666666667 0.065625 0.02
2 0.18802083333333333 0.24541666666666667 0.0625 0.015833333333333335
1 0.3140625 0.33208333333333334 0.08645833333333333 0.06583333333333333