2 0.5619791666666667 0.71 0.16875 0.145
2 0.3578125 0.7504166666666666 0.17604166666666668 0.1575
5 0.37109375 0.56375 0.1015625 0.1075
4 0.20911458333333333 0.6766666666666666 0.1359375 0.14
5 0.5309895833333333 0.4245833333333333 0.06510416666666667 0.0325
4 0.8276041666666667 0.4170833333333333 0.075 0.0425
2 0.7692708333333333 0.4379166666666667 0.06979166666666667 0.050833333333333335
3 0.20286458333333332 0.51375 0.09427083333333333 0.07416666666666667
2 0.13255208333333332 0.57 0.0171875 0.011666666666666667
2 0.12708333333333333 0.54625 0.010416666666666666 0.0075
15 0.5388020833333333 0.53375 0.028645833333333332 0.020833333333333332
15 0.5549479166666667 0.5329166666666667 0.0296875 0.024166666666666666