15 0.4231770833333333 0.49041666666666667 0.011979166666666667 0.014166666666666666
15 0.45625 0.5058333333333334 0.028125 0.023333333333333334
15 0.46067708333333335 0.44666666666666666 0.008854166666666666 0.01
15 0.49765625 0.5195833333333333 0.03177083333333333 0.024166666666666666
15 0.5361979166666667 0.5275 0.024479166666666666 0.02666666666666667
15 0.8848958333333333 0.53125 0.026041666666666668 0.0225
15 0.69296875 0.4975 0.025520833333333333 0.021666666666666667
2 0.9486979166666667 0.59 0.10260416666666666 0.10333333333333333
2 0.72890625 0.6170833333333333 0.15260416666666668 0.10583333333333333
2 0.43203125 0.7125 0.14322916666666666 0.145
2 0.32890625 0.5933333333333334 0.11614583333333334 0.12166666666666667
2 0.17265625 0.70375 0.15885416666666666 0.16416666666666666
2 0.29635416666666664 0.55375 0.10625 0.0975
6 0.15416666666666667 0.6225 0.17395833333333333 0.15333333333333332
2 0.23515625 0.49416666666666664 0.06614583333333333 0.056666666666666664
13 0.16744791666666667 0.5395833333333333 0.0421875 0.0275
2 0.14661458333333333 0.5258333333333334 0.06822916666666666 0.03833333333333333
2 0.012239583333333333 0.5945833333333334 0.024479166666666666 0.09416666666666666
2 0.0 0.7016666666666667 0.0 0.16166666666666665
2 1.0 0.6304166666666666 0.0 0.19583333333333333
11 0.90078125 0.50875 0.1984375 0.1975
2 0.7760416666666666 0.4583333333333333 0.08541666666666667 0.058333333333333334
2 0.6161458333333333 0.43125 0.051041666666666666 0.04083333333333333
2 0.6549479166666666 0.42916666666666664 0.028645833333333332 0.03