15 0.5453125 0.52125 0.029166666666666667 0.029166666666666667
15 0.6010416666666667 0.50375 0.027083333333333334 0.0225
15 0.5786458333333333 0.5345833333333333 0.027083333333333334 0.024166666666666666
15 0.62109375 0.5570833333333334 0.0421875 0.034166666666666665
4 0.34296875 0.5875 0.1046875 0.11
1 0.40859375 0.44 0.04114583333333333 0.023333333333333334
13 0.23880208333333333 0.4970833333333333 0.0359375 0.025833333333333333
15 0.7151041666666667 0.6091666666666666 0.052083333333333336 0.04666666666666667
5 0.6848958333333334 0.3954166666666667 0.06770833333333333 0.04583333333333333
2 0.9369791666666667 0.43333333333333335 0.08541666666666667 0.055
2 0.9565104166666667 0.45875 0.08697916666666666 0.04583333333333333