2 0.14010416666666667 0.7208333333333333 0.19375 0.2
2 0.084375 0.7 0.16875 0.16166666666666665
2 0.13541666666666666 0.5375 0.04791666666666667 0.035
2 0.19296875 0.535 0.08697916666666666 0.06333333333333334
2 0.8776041666666666 0.5883333333333334 0.12395833333333334 0.08666666666666667
2 1.0 0.6370833333333333 0.0 0.1275
2 0.9770833333333333 0.5404166666666667 0.04583333333333333 0.12083333333333333
15 0.3424479166666667 0.4375 0.0203125 0.011666666666666667
15 0.41848958333333336 0.4683333333333333 0.018229166666666668 0.013333333333333334
15 0.4119791666666667 0.4683333333333333 0.016666666666666666 0.015
15 0.6713541666666667 0.5208333333333334 0.03125 0.023333333333333334
15 0.44635416666666666 0.4683333333333333 0.019791666666666666 0.016666666666666666
15 0.43307291666666664 0.4766666666666667 0.0140625 0.016666666666666666
15 0.43984375 0.44625 0.008854166666666666 0.0075
5 0.27447916666666666 0.5758333333333333 0.11875 0.11666666666666667
6 0.0171875 0.6033333333333334 0.034375 0.11333333333333333
6 0.9138020833333333 0.47333333333333333 0.1421875 0.09
4 0.34661458333333334 0.58125 0.10572916666666667 0.1175
11 1.0 0.76375 0.0 0.3775
11 0.54296875 0.42333333333333334 0.12864583333333332 0.08833333333333333
13 0.60625 0.47541666666666665 0.026041666666666668 0.015833333333333335
2 0.690625 0.43416666666666665 0.07083333333333333 0.05
2 0.98203125 0.45666666666666667 0.0359375 0.06333333333333334