2 0.08645833333333333 0.34208333333333335 0.13854166666666667 0.08083333333333333
4 0.16015625 0.51125 0.19635416666666666 0.13083333333333333
6 0.2716145833333333 0.3516666666666667 0.1671875 0.10666666666666667
4 0.3815104166666667 0.5233333333333333 0.1828125 0.13666666666666666
2 0.5072916666666667 0.45 0.14895833333333333 0.10333333333333333
12 0.5244791666666667 0.33166666666666667 0.19166666666666668 0.14666666666666667
1 0.3921875 0.3329166666666667 0.08020833333333334 0.07416666666666667
2 0.6161458333333333 0.5245833333333333 0.19270833333333334 0.13583333333333333
1 0.9197916666666667 0.5358333333333334 0.16041666666666668 0.11833333333333333
2 0.7546875 0.44958333333333333 0.184375 0.09916666666666667
2 0.7140625 0.3541666666666667 0.12708333333333333 0.08333333333333333
4 0.66796875 0.31833333333333336 0.11822916666666666 0.07333333333333333
1 0.9822916666666667 0.4525 0.035416666666666666 0.09666666666666666
2 0.9119791666666667 0.34125 0.11145833333333334 0.07083333333333333
4 0.8044270833333333 0.32083333333333336 0.10885416666666667 0.06
2 0.54453125 0.3225 0.06302083333333333 0.06833333333333333