15 0.4859375 0.49833333333333335 0.026041666666666668 0.025
15 0.5278645833333333 0.48291666666666666 0.024479166666666666 0.0225
15 0.5338541666666666 0.4820833333333333 0.017708333333333333 0.014166666666666666
15 0.5455729166666666 0.46875 0.0234375 0.024166666666666666
15 0.5372395833333333 0.4608333333333333 0.009895833333333333 0.013333333333333334
15 0.45703125 0.47541666666666665 0.013020833333333334 0.019166666666666665
15 0.42864583333333334 0.4475 0.014583333333333334 0.023333333333333334
15 0.396875 0.44625 0.017708333333333333 0.020833333333333332
4 0.30859375 0.55875 0.09635416666666667 0.09416666666666666
4 0.39114583333333336 0.5583333333333333 0.08645833333333333 0.08833333333333333
1 0.21770833333333334 0.5129166666666667 0.07083333333333333 0.059166666666666666
13 0.11458333333333333 0.74375 0.10208333333333333 0.10083333333333333
13 0.6802083333333333 0.49666666666666665 0.036458333333333336 0.03
2 0.26119791666666664 0.6458333333333334 0.13802083333333334 0.14333333333333334
2 0.10208333333333333 0.6791666666666667 0.16770833333333332 0.14833333333333334
3 0.7299479166666667 0.4583333333333333 0.0921875 0.06833333333333333