4 0.36380208333333336 0.56375 0.1078125 0.11083333333333334
2 0.28932291666666665 0.5683333333333334 0.1046875 0.095
6 0.19348958333333333 0.655 0.18385416666666668 0.17333333333333334
15 0.57734375 0.5333333333333333 0.0296875 0.021666666666666667
15 0.5682291666666667 0.51375 0.022916666666666665 0.0175
15 0.6559895833333333 0.5133333333333333 0.0234375 0.016666666666666666
15 0.6255208333333333 0.4975 0.027083333333333334 0.021666666666666667
2 0.18411458333333333 0.5291666666666667 0.1015625 0.08
2 0.6802083333333333 0.41375 0.051041666666666666 0.04083333333333333
11 0.8044270833333333 0.3983333333333333 0.16510416666666666 0.07333333333333333
3 1.0 0.46541666666666665 0.0 0.09083333333333334
15 0.7463541666666667 0.6720833333333334 0.042708333333333334 0.04083333333333333