4 0.51796875 0.41041666666666665 0.0015625 0.025833333333333333
2 0.6223958333333334 0.44958333333333333 0.042708333333333334 0.024166666666666666
4 0.43203125 0.5333333333333333 0.08697916666666666 0.08833333333333333
4 0.3932291666666667 0.5133333333333333 0.075 0.06833333333333333
4 0.17447916666666666 0.6354166666666666 0.134375 0.12583333333333332
15 0.8815104166666666 0.43125 0.016145833333333335 0.0125
15 0.665625 0.5429166666666667 0.027083333333333334 0.025833333333333333
15 0.6028645833333334 0.565 0.030729166666666665 0.03333333333333333
2 0.31536458333333334 0.4529166666666667 0.044270833333333336 0.0425
2 0.23203125 0.5083333333333333 0.07552083333333333 0.058333333333333334
2 0.01484375 0.6054166666666667 0.0296875 0.05416666666666667
2 0.23411458333333332 0.7716666666666666 0.14322916666666666 0.12833333333333333