15 0.8088541666666667 0.4195833333333333 0.014583333333333334 0.009166666666666667
15 0.925 0.485 0.021875 0.021666666666666667
15 0.6440104166666667 0.4979166666666667 0.0109375 0.020833333333333332
15 0.6166666666666667 0.5091666666666667 0.021875 0.013333333333333334
15 0.62890625 0.6308333333333334 0.044270833333333336 0.03666666666666667
15 0.7080729166666667 0.6933333333333334 0.06822916666666666 0.06
1 0.6830729166666667 0.3958333333333333 0.0359375 0.03166666666666667
2 0.66484375 0.42875 0.04635416666666667 0.0425
1 0.503125 0.43916666666666665 0.035416666666666666 0.041666666666666664
0 0.5549479166666667 0.46875 0.05364583333333333 0.05416666666666667
11 0.36432291666666666 0.5025 0.20052083333333334 0.14666666666666667
13 0.38385416666666666 0.4175 0.015625 0.011666666666666667
2 0.17447916666666666 0.5245833333333333 0.071875 0.034166666666666665
4 0.08723958333333333 0.7604166666666666 0.17447916666666666 0.20916666666666667
0 0.9934895833333334 0.4608333333333333 0.013020833333333334 0.06