13 0.4348958333333333 0.5491666666666667 0.05416666666666667 0.04666666666666667
2 0.3578125 0.5720833333333334 0.08645833333333333 0.0825
2 0.3268229166666667 0.54375 0.08802083333333334 0.0875
4 0.18984375 0.6879166666666666 0.1671875 0.16916666666666666
6 0.11692708333333333 0.6416666666666667 0.18697916666666667 0.165
6 0.20833333333333334 0.49583333333333335 0.09479166666666666 0.075
15 0.6518229166666667 0.5270833333333333 0.024479166666666666 0.025833333333333333
15 0.6065104166666667 0.4975 0.0140625 0.015
15 0.5934895833333333 0.4975 0.0171875 0.02
15 0.6372395833333333 0.63125 0.044270833333333336 0.035833333333333335
15 0.6205729166666667 0.66125 0.044270833333333336 0.04083333333333333
2 0.6278645833333333 0.43 0.058854166666666666 0.021666666666666667
2 0.9630208333333333 0.44958333333333333 0.07395833333333333 0.050833333333333335
4 0.14427083333333332 0.5295833333333333 0.05625 0.025833333333333333
15 0.6236979166666666 0.5070833333333333 0.022395833333333334 0.0175
15 0.6291666666666667 0.4975 0.014583333333333334 0.015