6 0.9942708333333333 0.5104166666666666 0.011458333333333333 0.16083333333333333
3 0.8825520833333333 0.5220833333333333 0.23489583333333333 0.16083333333333333
2 0.653125 0.5208333333333334 0.17604166666666668 0.12666666666666668
2 0.8778645833333333 0.34708333333333335 0.12760416666666666 0.07416666666666667
2 0.73203125 0.35583333333333333 0.12239583333333333 0.07
2 0.8333333333333334 0.31166666666666665 0.10833333333333334 0.06833333333333333
3 0.534375 0.35833333333333334 0.12395833333333334 0.10333333333333333
3 0.9557291666666666 0.43875 0.08854166666666667 0.1275
3 0.25364583333333335 0.37041666666666667 0.153125 0.09916666666666667
2 0.65234375 0.3179166666666667 0.1015625 0.0625
1 0.5057291666666667 0.32125 0.06979166666666667 0.059166666666666666
2 0.75390625 0.44333333333333336 0.16302083333333334 0.1
4 0.8356770833333333 0.25125 0.0578125 0.0125