4 0.9294270833333333 0.33458333333333334 0.13177083333333334 0.10583333333333333
2 0.7653645833333333 0.36083333333333334 0.1171875 0.07333333333333333
0 0.6302083333333334 0.35333333333333333 0.09479166666666666 0.08
4 0.8481770833333333 0.3125 0.08072916666666667 0.06666666666666667
4 0.71015625 0.31375 0.11822916666666666 0.07416666666666667
0 0.56328125 0.3225 0.0734375 0.065
2 0.39921875 0.33125 0.0984375 0.0775
4 0.36354166666666665 0.365 0.11875 0.09166666666666666
4 0.2375 0.3375 0.12083333333333333 0.08666666666666667
2 0.15911458333333334 0.38166666666666665 0.15260416666666668 0.09166666666666666
13 0.8705729166666667 0.44375 0.09739583333333333 0.059166666666666666
4 0.61484375 0.43833333333333335 0.15052083333333333 0.105
2 0.3234375 0.3045833333333333 0.09583333333333334 0.06416666666666666
4 0.020833333333333332 0.37875 0.041666666666666664 0.09583333333333334
4 0.7015625 0.25666666666666665 0.00625 0.0016666666666666668
4 0.7885416666666667 0.2425 0.06458333333333334 0.01