15 0.6208333333333333 0.565 0.034375 0.03166666666666667
2 0.8666666666666667 0.6229166666666667 0.171875 0.10916666666666666
4 0.025260416666666667 0.84625 0.050520833333333334 0.2675
2 0.20807291666666666 0.6841666666666667 0.14427083333333332 0.15333333333333332
4 0.35885416666666664 0.5733333333333334 0.09375 0.10166666666666667
2 0.34036458333333336 0.5404166666666667 0.07552083333333333 0.0725
2 0.228125 0.6045833333333334 0.12708333333333333 0.11916666666666667
2 0.046614583333333334 0.7516666666666667 0.09322916666666667 0.19166666666666668
12 0.25833333333333336 0.48541666666666666 0.08333333333333333 0.060833333333333336
5 0.14348958333333334 0.5320833333333334 0.0796875 0.06416666666666666
2 0.1859375 0.5175 0.036458333333333336 0.016666666666666666
2 0.016145833333333335 0.6375 0.03229166666666667 0.11
2 0.2942708333333333 0.4575 0.036458333333333336 0.023333333333333334
2 0.8700520833333333 0.43875 0.09427083333333333 0.05583333333333333
11 0.98046875 0.425 0.0390625 0.11833333333333333
15 0.5986979166666667 0.4979166666666667 0.019270833333333334 0.0175
15 0.7276041666666667 0.49625 0.021875 0.0225