4 0.31536458333333334 0.5529166666666666 0.09635416666666667 0.09583333333333334
0 0.0 0.62625 0.0 0.10583333333333333
13 0.3893229166666667 0.56125 0.03802083333333333 0.0325
11 0.0 0.7454166666666666 0.0 0.2708333333333333
2 0.36484375 0.45416666666666666 0.06197916666666667 0.043333333333333335
2 0.57734375 0.43833333333333335 0.0609375 0.025
6 0.9859375 0.45875 0.028125 0.07916666666666666
15 0.5364583333333334 0.5625 0.029166666666666667 0.02666666666666667
15 0.58984375 0.5408333333333334 0.021354166666666667 0.018333333333333333
15 0.57890625 0.54125 0.022395833333333334 0.0175
15 0.6161458333333333 0.52 0.029166666666666667 0.018333333333333333
15 0.6895833333333333 0.4970833333333333 0.023958333333333335 0.019166666666666665
15 0.6057291666666667 0.5195833333333333 0.03125 0.0175
15 0.6786458333333333 0.49833333333333335 0.025 0.016666666666666666
6 0.7966145833333333 0.41791666666666666 0.09010416666666667 0.05583333333333333
15 0.6177083333333333 0.5041666666666667 0.03333333333333333 0.02
16 0.6135416666666667 0.48791666666666667 0.013541666666666667 0.0275
15 0.603125 0.5108333333333334 0.022916666666666665 0.013333333333333334