15 0.5854166666666667 0.4975 0.021875 0.02
15 0.565625 0.5204166666666666 0.03125 0.014166666666666666
16 0.53515625 0.535 0.03177083333333333 0.02
15 0.6309895833333333 0.52125 0.033854166666666664 0.024166666666666666
15 0.7263020833333333 0.49666666666666665 0.025520833333333333 0.013333333333333334
15 0.7369791666666666 0.49625 0.026041666666666668 0.015833333333333335
13 0.871875 0.52 0.04375 0.06666666666666667
2 0.35442708333333334 0.57875 0.09739583333333333 0.09916666666666667
2 0.20546875 0.6695833333333333 0.1234375 0.1275
2 0.04973958333333333 0.8229166666666666 0.09947916666666666 0.2475
2 0.2791666666666667 0.575 0.109375 0.105
2 0.23203125 0.5041666666666667 0.07552083333333333 0.07333333333333333
3 0.5010416666666667 0.3883333333333333 0.028125 0.021666666666666667
2 0.6015625 0.40458333333333335 0.046875 0.030833333333333334
15 0.49296875 0.61375 0.0421875 0.03916666666666667
2 0.7541666666666667 0.4083333333333333 0.053125 0.04
2 0.9458333333333333 0.4504166666666667 0.10833333333333334 0.0675
15 0.7966145833333333 0.60625 0.05260416666666667 0.0525
15 0.8203125 0.6870833333333334 0.04583333333333333 0.04583333333333333