3 0.38723958333333336 0.52 0.1984375 0.16
3 0.68125 0.5233333333333333 0.209375 0.155
2 0.9151041666666667 0.53875 0.16979166666666667 0.13083333333333333
2 0.9208333333333333 0.45125 0.15833333333333333 0.1025
2 0.8947916666666667 0.3475 0.121875 0.06833333333333333
2 0.8723958333333334 0.31125 0.08541666666666667 0.06416666666666666
4 0.76796875 0.30583333333333335 0.09947916666666666 0.06666666666666667
2 0.6372395833333333 0.32208333333333333 0.1015625 0.060833333333333336
2 0.478125 0.32708333333333334 0.103125 0.07083333333333333
6 0.04401041666666667 0.4216666666666667 0.08802083333333334 0.17666666666666667
1 0.08229166666666667 0.38083333333333336 0.12291666666666666 0.08666666666666667
4 0.18645833333333334 0.33458333333333334 0.14270833333333333 0.09083333333333334
2 0.34140625 0.3458333333333333 0.11197916666666667 0.08666666666666667
2 0.7096354166666666 0.44458333333333333 0.17135416666666667 0.09916666666666667
1 0.4166666666666667 0.4483333333333333 0.11458333333333333 0.1
2 0.18958333333333333 0.44375 0.165625 0.10916666666666666
2 0.26171875 0.37916666666666665 0.14114583333333333 0.09166666666666666
1 0.73125 0.3516666666666667 0.096875 0.07666666666666666
1 0.6059895833333333 0.3625 0.09322916666666667 0.08
2 0.4671875 0.36375 0.11041666666666666 0.08916666666666667