4 0.30963541666666666 0.5570833333333334 0.10364583333333334 0.09583333333333334
2 0.34036458333333336 0.5891666666666666 0.10052083333333334 0.10333333333333333
4 0.17786458333333333 0.6429166666666667 0.1421875 0.1275
2 0.10208333333333333 0.7470833333333333 0.2 0.2025
6 0.18854166666666666 0.5120833333333333 0.103125 0.07916666666666666
1 0.13229166666666667 0.53375 0.03854166666666667 0.024166666666666666
15 0.6096354166666667 0.4816666666666667 0.0234375 0.018333333333333333
15 0.6203125 0.4979166666666667 0.016666666666666666 0.015833333333333335
15 0.6153645833333333 0.5041666666666667 0.0265625 0.025
15 0.5825520833333333 0.51125 0.0203125 0.019166666666666665
15 0.5755208333333334 0.52625 0.019791666666666666 0.024166666666666666
15 0.6234375 0.5579166666666666 0.027083333333333334 0.0375
15 0.496875 0.6233333333333333 0.052083333333333336 0.035
4 1.0 0.83875 0.0 0.2841666666666667
1 1.0 0.7258333333333333 0.0 0.23666666666666666
4 0.0 0.6379166666666667 0.0 0.0925
2 0.8614583333333333 0.4425 0.10625 0.043333333333333335
4 1.0 0.5375 0.0 0.17166666666666666