2 0.8932291666666666 0.44958333333333333 0.18541666666666667 0.1025
2 0.659375 0.44583333333333336 0.16145833333333334 0.11
0 0.41770833333333335 0.4475 0.115625 0.09833333333333333
2 0.18880208333333334 0.44416666666666665 0.1671875 0.10833333333333334
9 0.0453125 0.42125 0.090625 0.1725
1 0.73125 0.3516666666666667 0.096875 0.07666666666666666
0 0.6059895833333333 0.36333333333333334 0.09322916666666667 0.07666666666666666
2 0.4669270833333333 0.36375 0.1078125 0.08916666666666667
2 0.2596354166666667 0.3804166666666667 0.14427083333333332 0.08916666666666667
1 0.08307291666666666 0.38083333333333336 0.12135416666666667 0.09
2 0.76875 0.30583333333333335 0.1 0.07166666666666667
2 0.6372395833333333 0.3225 0.10572916666666667 0.058333333333333334
2 0.47760416666666666 0.3283333333333333 0.10520833333333333 0.075
2 0.34140625 0.34625 0.10989583333333333 0.09083333333333334
3 0.18776041666666668 0.33375 0.14114583333333333 0.0925
2 0.8729166666666667 0.31333333333333335 0.08541666666666667 0.065
2 0.8950520833333333 0.3458333333333333 0.12552083333333333 0.07166666666666667