2 0.14296875 0.7220833333333333 0.19427083333333334 0.1875
2 0.18776041666666668 0.535 0.0921875 0.07833333333333334
2 0.13802083333333334 0.5345833333333333 0.03958333333333333 0.0175
2 0.24166666666666667 0.46166666666666667 0.06041666666666667 0.021666666666666667
2 0.7286458333333333 0.4345833333333333 0.06666666666666667 0.034166666666666665
15 0.575 0.5216666666666666 0.029166666666666667 0.03
15 0.6065104166666667 0.5358333333333334 0.034895833333333334 0.02666666666666667
6 0.27395833333333336 0.5675 0.115625 0.10833333333333334
6 0.0171875 0.6004166666666667 0.034375 0.11416666666666667
4 0.346875 0.5795833333333333 0.10729166666666666 0.1125
11 0.8434895833333333 0.4 0.18697916666666667 0.08166666666666667
2 0.01875 0.6270833333333333 0.026041666666666668 0.015833333333333335