13 0.93125 0.7754166666666666 0.1375 0.1325
2 1.0 0.85625 0.0 0.24916666666666668
6 0.7877604166666666 0.49583333333333335 0.30364583333333334 0.18666666666666668
2 0.9963541666666667 0.5345833333333333 0.007291666666666667 0.1225
2 0.9731770833333333 0.4483333333333333 0.05364583333333333 0.11333333333333333
2 0.8572916666666667 0.43041666666666667 0.1125 0.08083333333333333
4 0.54453125 0.44125 0.1359375 0.1075
2 0.18645833333333334 0.44 0.17708333333333334 0.10833333333333334
2 0.018489583333333334 0.4425 0.03697916666666667 0.12
2 0.40208333333333335 0.37 0.128125 0.09
2 0.2171875 0.37875 0.14895833333333333 0.0925
2 0.05234375 0.3858333333333333 0.1046875 0.08166666666666667
2 0.596875 0.36083333333333334 0.1125 0.08833333333333333
2 0.7630208333333334 0.35583333333333333 0.121875 0.07666666666666666
4 0.8966145833333333 0.33791666666666664 0.13489583333333333 0.09583333333333334
2 0.0 0.34208333333333335 0.0 0.0825
2 0.10807291666666667 0.34625 0.12552083333333333 0.060833333333333336
4 0.2596354166666667 0.3325 0.12135416666666667 0.07666666666666666
2 0.42682291666666666 0.33958333333333335 0.10572916666666667 0.06583333333333333
2 0.5729166666666666 0.32208333333333333 0.10416666666666667 0.06916666666666667
2 0.7723958333333333 0.3229166666666667 0.10520833333333333 0.07083333333333333
2 0.46380208333333334 0.5275 0.18697916666666667 0.13666666666666666
4 0.11197916666666667 0.5275 0.22395833333333334 0.155
4 0.013802083333333333 0.6241666666666666 0.027604166666666666 0.18833333333333332
2 0.7934895833333333 0.27791666666666665 0.04114583333333333 0.0625