15 0.6151041666666667 0.49083333333333334 0.023958333333333335 0.023333333333333334
15 0.5971354166666667 0.5041666666666667 0.0234375 0.018333333333333333
15 0.58984375 0.5120833333333333 0.018229166666666668 0.0225
2 0.23984375 0.6008333333333333 0.0671875 0.085
6 0.3221354166666667 0.5941666666666666 0.12760416666666666 0.12833333333333333
6 0.13151041666666666 0.7104166666666667 0.23177083333333334 0.22916666666666666
2 0.021354166666666667 0.7608333333333334 0.042708333333333334 0.15666666666666668
2 0.15338541666666666 0.5241666666666667 0.07552083333333333 0.051666666666666666
6 0.22682291666666668 0.5045833333333334 0.0859375 0.07083333333333333
2 0.15703125 0.5625 0.0203125 0.016666666666666666
2 0.013802083333333333 0.6075 0.027604166666666666 0.056666666666666664
11 0.7192708333333333 0.3875 0.13854166666666667 0.065
4 0.7388020833333333 0.41625 0.06614583333333333 0.04583333333333333
13 1.0 0.4504166666666667 0.0 0.0175
11 1.0 0.44208333333333333 0.0 0.1575
4 1.0 0.5245833333333333 0.0 0.1375
1 0.4015625 0.43333333333333335 0.040625 0.018333333333333333