3 0.446875 0.5308333333333334 0.09479166666666666 0.08666666666666667
3 0.31145833333333334 0.60375 0.13020833333333334 0.1275
2 0.4591145833333333 0.4895833333333333 0.0453125 0.04416666666666667
2 0.23515625 0.6029166666666667 0.06302083333333333 0.0825
2 0.044270833333333336 0.8295833333333333 0.08854166666666667 0.21916666666666668
1 0.28828125 0.47833333333333333 0.05260416666666667 0.04833333333333333
4 0.017708333333333333 0.6083333333333333 0.035416666666666666 0.056666666666666664
15 0.9619791666666667 0.755 0.07604166666666666 0.08666666666666667
15 0.971875 0.7829166666666667 0.05625 0.09916666666666667
15 0.6997395833333333 0.4816666666666667 0.018229166666666668 0.021666666666666667
15 0.6848958333333334 0.48125 0.023958333333333335 0.020833333333333332
15 0.7307291666666667 0.465 0.022916666666666665 0.02