15 0.56015625 0.5208333333333334 0.028645833333333332 0.035
15 0.5734375 0.5183333333333333 0.03229166666666667 0.03
15 0.5791666666666667 0.5125 0.010416666666666666 0.011666666666666667
15 0.6380208333333334 0.4975 0.023958333333333335 0.015
4 0.26145833333333335 0.64375 0.13854166666666667 0.1375
4 0.7986979166666667 0.4275 0.07239583333333334 0.05
1 0.3841145833333333 0.5658333333333333 0.0765625 0.08833333333333333
2 0.32057291666666665 0.55375 0.1046875 0.09583333333333334
2 0.14114583333333333 0.6591666666666667 0.15416666666666667 0.145
2 0.13307291666666668 0.53625 0.0484375 0.0425
2 0.8653645833333333 0.42333333333333334 0.0796875 0.043333333333333335