15 0.8453125 0.6379166666666667 0.053125 0.049166666666666664
15 0.5432291666666667 0.5279166666666667 0.021875 0.024166666666666666
15 0.5921875 0.5054166666666666 0.030208333333333334 0.0325
15 0.6229166666666667 0.4975 0.020833333333333332 0.015
2 0.9770833333333333 0.46291666666666664 0.04583333333333333 0.060833333333333336
4 0.29609375 0.56 0.09427083333333333 0.09166666666666666
4 0.36015625 0.5695833333333333 0.09114583333333333 0.10083333333333333
2 0.9395833333333333 0.5183333333333333 0.12083333333333333 0.09333333333333334
5 0.17552083333333332 0.5225 0.075 0.06
0 0.008854166666666666 0.5458333333333333 0.017708333333333333 0.05
4 0.27005208333333336 0.4533333333333333 0.06822916666666666 0.045