3 0.60078125 0.5175 0.20364583333333333 0.14833333333333334
4 0.9427083333333334 0.5320833333333334 0.11458333333333333 0.1225
3 0.778125 0.44708333333333333 0.19270833333333334 0.11916666666666667
2 0.9986979166666666 0.445 0.0026041666666666665 0.105
4 0.26588541666666665 0.5266666666666666 0.20885416666666667 0.13666666666666666
2 0.049479166666666664 0.525 0.09895833333333333 0.12833333333333333
2 0.45364583333333336 0.44916666666666666 0.15416666666666667 0.10666666666666667
2 0.19765625 0.45458333333333334 0.1765625 0.0975
2 0.005989583333333334 0.4533333333333333 0.011979166666666667 0.08666666666666667
2 0.06536458333333334 0.38166666666666665 0.13072916666666667 0.09
4 0.246875 0.37375 0.134375 0.09416666666666666
2 0.45729166666666665 0.3720833333333333 0.121875 0.08583333333333333
2 0.64921875 0.3541666666666667 0.1234375 0.08166666666666667
4 0.81953125 0.355 0.10989583333333333 0.075
2 1.0 0.3325 0.0 0.075
5 0.8744791666666667 0.31375 0.109375 0.0725
2 0.6971354166666667 0.31625 0.1015625 0.0725
5 0.4765625 0.3120833333333333 0.12395833333333334 0.0925
4 0.3182291666666667 0.3308333333333333 0.10833333333333334 0.08
2 0.1125 0.34708333333333335 0.134375 0.07916666666666666
2 0.014322916666666666 0.3441666666666667 0.028645833333333332 0.07166666666666667
13 0.9317708333333333 0.7679166666666667 0.13645833333333332 0.12083333333333333
2 1.0 0.8554166666666667 0.0 0.19083333333333333