3 0.39739583333333334 0.55875 0.10833333333333334 0.1025
2 0.30520833333333336 0.5716666666666667 0.09479166666666666 0.09
3 0.21640625 0.66375 0.16510416666666666 0.16416666666666666
2 0.0953125 0.69375 0.128125 0.1375
2 0.021614583333333333 0.845 0.043229166666666666 0.22
1 0.17109375 0.5366666666666666 0.07239583333333334 0.06333333333333334
4 0.0171875 0.6329166666666667 0.034375 0.08916666666666667
2 0.9078125 0.5670833333333334 0.13958333333333334 0.09416666666666666
15 0.9338541666666667 0.6795833333333333 0.03958333333333333 0.0575
15 0.7653645833333333 0.6395833333333333 0.0328125 0.050833333333333335
15 0.66640625 0.52 0.030729166666666665 0.02666666666666667
15 0.5731770833333333 0.55 0.0328125 0.041666666666666664
15 0.5080729166666667 0.4691666666666667 0.021354166666666667 0.016666666666666666
15 0.51171875 0.46208333333333335 0.009895833333333333 0.010833333333333334
2 0.66640625 0.4658333333333333 0.05677083333333333 0.055
3 0.8138020833333334 0.4454166666666667 0.10260416666666666 0.0675