4 0.95390625 0.435 0.0921875 0.105
2 0.8583333333333333 0.3570833333333333 0.10729166666666666 0.05583333333333333
4 0.7859375 0.3075 0.10416666666666667 0.06833333333333333
2 0.8591145833333333 0.5266666666666666 0.21197916666666666 0.13
2 0.7690104166666667 0.4483333333333333 0.16197916666666667 0.085
2 0.6997395833333333 0.34708333333333335 0.11927083333333334 0.08083333333333333
1 0.61328125 0.32 0.0765625 0.06
13 0.5627604166666667 0.35375 0.06197916666666667 0.04416666666666667
4 0.5856770833333333 0.5183333333333333 0.15885416666666666 0.12166666666666667
4 0.5028645833333333 0.4395833333333333 0.14947916666666666 0.10583333333333333
2 0.41822916666666665 0.36583333333333334 0.12604166666666666 0.09
4 0.4666666666666667 0.32375 0.09166666666666666 0.0625
13 0.32317708333333334 0.4633333333333333 0.07135416666666666 0.055
4 0.12369791666666667 0.4345833333333333 0.19427083333333334 0.12083333333333333
2 0.2760416666666667 0.3358333333333333 0.12604166666666666 0.07333333333333333