15 0.5458333333333333 0.5195833333333333 0.030208333333333334 0.0375
15 0.6057291666666667 0.49041666666666667 0.025 0.019166666666666665
15 1.0 0.6666666666666666 0.0 0.06166666666666667
11 0.17864583333333334 0.6895833333333333 0.3572916666666667 0.3408333333333333
2 0.3893229166666667 0.5591666666666667 0.08072916666666667 0.085
4 0.19010416666666666 0.53375 0.08020833333333334 0.0725
4 0.22213541666666667 0.4895833333333333 0.0609375 0.0575
2 0.0 0.7279166666666667 0.0 0.1375
6 0.0 0.5704166666666667 0.0 0.08916666666666667
4 0.16692708333333334 0.475 0.0578125 0.04666666666666667
2 0.13645833333333332 0.53875 0.035416666666666666 0.0175
2 0.017708333333333333 0.6125 0.035416666666666666 0.05333333333333334