1 0.36276041666666664 0.57 0.07447916666666667 0.085
4 0.3177083333333333 0.5458333333333333 0.08645833333333333 0.08666666666666667
3 0.19244791666666666 0.6125 0.1078125 0.105
5 1.0 0.6358333333333334 0.0 0.23666666666666666
4 0.6322916666666667 0.6491666666666667 0.159375 0.13666666666666666
15 0.6166666666666667 0.4975 0.019791666666666666 0.01
15 0.61015625 0.5058333333333334 0.021354166666666667 0.021666666666666667
15 0.5971354166666667 0.48291666666666666 0.0203125 0.014166666666666666
4 0.3028645833333333 0.46416666666666667 0.06197916666666667 0.023333333333333334
4 0.75625 0.44 0.065625 0.03
5 0.20572916666666666 0.49916666666666665 0.10833333333333334 0.08666666666666667
4 0.14140625 0.5304166666666666 0.0578125 0.0325
11 0.8182291666666667 0.39958333333333335 0.16979166666666667 0.07583333333333334
2 0.98828125 0.46458333333333335 0.0234375 0.06916666666666667