15 0.42552083333333335 0.47625 0.010416666666666666 0.014166666666666666
15 0.44869791666666664 0.47541666666666665 0.009895833333333333 0.0125
15 0.4734375 0.4691666666666667 0.014583333333333334 0.015
15 0.50859375 0.4554166666666667 0.0109375 0.0175
15 0.7244791666666667 0.5045833333333334 0.014583333333333334 0.019166666666666665
15 0.36875 0.445 0.010416666666666666 0.008333333333333333
15 0.3528645833333333 0.4295833333333333 0.009895833333333333 0.004166666666666667
15 0.33125 0.43625 0.0020833333333333333 0.005833333333333334
2 0.22369791666666666 0.6616666666666666 0.1421875 0.14166666666666666
4 0.2950520833333333 0.5541666666666667 0.0953125 0.09166666666666666
6 0.20963541666666666 0.5075 0.0671875 0.058333333333333334
4 0.11666666666666667 0.6625 0.15104166666666666 0.13666666666666666
4 0.37265625 0.5608333333333333 0.0890625 0.095
3 0.7651041666666667 0.47583333333333333 0.11041666666666666 0.07833333333333334
2 0.6653645833333334 0.4454166666666667 0.04739583333333333 0.049166666666666664
1 0.5158854166666667 0.4175 0.0328125 0.03333333333333333
13 0.4114583333333333 0.7391666666666666 0.08854166666666667 0.10333333333333333
2 0.13463541666666667 0.5379166666666667 0.05364583333333333 0.0575
2 0.13046875 0.57125 0.013020833333333334 0.010833333333333334
2 0.013020833333333334 0.61375 0.026041666666666668 0.10583333333333333
2 0.13828125 0.46791666666666665 0.005729166666666666 0.009166666666666667