11 0.013020833333333334 0.83625 0.026041666666666668 0.3275
4 0.15442708333333333 0.7116666666666667 0.17239583333333333 0.17666666666666667
4 0.346875 0.57375 0.096875 0.10416666666666667
2 0.32369791666666664 0.5470833333333334 0.08072916666666667 0.0775
4 0.17473958333333334 0.52625 0.0734375 0.060833333333333336
2 0.12942708333333333 0.5383333333333333 0.028645833333333332 0.025
2 0.007552083333333333 0.62 0.015104166666666667 0.115
2 1.0 0.90375 0.0 0.1925
15 0.5533854166666666 0.52875 0.025520833333333333 0.03916666666666667
15 0.5330729166666667 0.5341666666666667 0.030729166666666665 0.025
15 0.58359375 0.49666666666666665 0.019270833333333334 0.021666666666666667
15 0.7419270833333333 0.50375 0.0140625 0.019166666666666665
15 0.7309895833333333 0.49666666666666665 0.024479166666666666 0.018333333333333333
15 0.7200520833333334 0.48791666666666667 0.03697916666666667 0.025833333333333333