13 0.9299479166666667 0.7758333333333334 0.14010416666666667 0.14666666666666667
4 0.8330729166666667 0.5291666666666667 0.18697916666666667 0.12666666666666668
3 0.5828125 0.5175 0.19791666666666666 0.15
4 0.26640625 0.5275 0.20572916666666666 0.13833333333333334
2 0.04895833333333333 0.5258333333333334 0.09791666666666667 0.12833333333333333
2 0.9658854166666667 0.4475 0.06822916666666666 0.09166666666666666
3 0.7536458333333333 0.44666666666666666 0.1875 0.115
2 0.45416666666666666 0.44875 0.15208333333333332 0.10416666666666667
2 0.20182291666666666 0.45416666666666666 0.16822916666666668 0.095
2 0.005729166666666666 0.45208333333333334 0.011458333333333333 0.0875
2 0.06510416666666667 0.3829166666666667 0.13020833333333334 0.08916666666666667
4 0.24817708333333333 0.37333333333333335 0.13177083333333334 0.09333333333333334
2 0.64765625 0.3545833333333333 0.1234375 0.07916666666666666
2 0.14270833333333333 0.3458333333333333 0.06875 0.06666666666666667
4 0.31875 0.33 0.10833333333333334 0.07833333333333334
6 0.47604166666666664 0.3120833333333333 0.11875 0.08916666666666667
2 0.6419270833333334 0.32125 0.0984375 0.06916666666666667
6 0.7809895833333333 0.30666666666666664 0.13072916666666667 0.085
2 0.7940104166666667 0.3541666666666667 0.1078125 0.07666666666666666
2 0.9377604166666667 0.34208333333333335 0.11927083333333334 0.07083333333333333
2 1.0 0.85625 0.0 0.20416666666666666
2 0.45729166666666665 0.3720833333333333 0.121875 0.08583333333333333