4 0.35885416666666664 0.5720833333333334 0.10416666666666667 0.1025
4 0.22890625 0.66 0.14322916666666666 0.15
2 0.2526041666666667 0.5925 0.1125 0.11
2 0.0671875 0.7166666666666667 0.134375 0.18
2 0.03333333333333333 0.865 0.06666666666666667 0.25166666666666665
15 0.5700520833333333 0.5120833333333333 0.021354166666666667 0.019166666666666665
15 0.6182291666666667 0.4979166666666667 0.021875 0.0125
15 0.6265625 0.4895833333333333 0.03125 0.015833333333333335
2 0.24609375 0.49666666666666665 0.058854166666666666 0.05333333333333334
4 0.14296875 0.5558333333333333 0.0484375 0.025
2 0.14505208333333333 0.5279166666666667 0.034895833333333334 0.019166666666666665
4 0.004427083333333333 0.6208333333333333 0.008854166666666666 0.11
2 0.3546875 0.45708333333333334 0.05520833333333333 0.0125
4 0.8200520833333333 0.4116666666666667 0.05572916666666667 0.018333333333333333
2 0.846875 0.43833333333333335 0.09270833333333334 0.056666666666666664