4 0.9763020833333333 0.5279166666666667 0.04739583333333333 0.13416666666666666
4 0.9989583333333333 0.4425 0.0020833333333333333 0.10333333333333333
4 0.9466145833333334 0.33875 0.10677083333333333 0.07083333333333333
2 0.8026041666666667 0.355 0.11770833333333333 0.075
4 0.8067708333333333 0.3070833333333333 0.096875 0.04416666666666667
2 0.66328125 0.3229166666666667 0.0984375 0.04416666666666667
2 0.5330729166666667 0.3670833333333333 0.11614583333333334 0.08583333333333333
4 0.37161458333333336 0.36666666666666664 0.1203125 0.09166666666666666
2 0.18619791666666666 0.37916666666666665 0.1484375 0.095
2 0.48046875 0.33416666666666667 0.0796875 0.065
2 0.26328125 0.33666666666666667 0.1171875 0.08
2 0.09322916666666667 0.3408333333333333 0.14166666666666666 0.065
2 0.7197916666666667 0.2995833333333333 0.08333333333333333 0.059166666666666666
15 0.0 0.8333333333333334 0.0 0.08166666666666667
2 0.2015625 0.24083333333333334 0.041666666666666664 0.008333333333333333