3 0.3815104166666667 0.5608333333333333 0.10677083333333333 0.10666666666666667
11 0.15963541666666667 0.7220833333333333 0.31927083333333334 0.37416666666666665
2 0.3028645833333333 0.5591666666666667 0.0546875 0.06833333333333333
6 0.1609375 0.5308333333333334 0.10416666666666667 0.08333333333333333
2 0.13463541666666667 0.5195833333333333 0.0421875 0.029166666666666667
2 0.015104166666666667 0.6329166666666667 0.030208333333333334 0.10583333333333333
15 0.7411458333333333 0.5041666666666667 0.014583333333333334 0.013333333333333334
13 0.4395833333333333 0.46166666666666667 0.013541666666666667 0.01
16 0.44505208333333335 0.4975 0.018229166666666668 0.016666666666666666
15 0.47213541666666664 0.4975 0.021354166666666667 0.023333333333333334
15 0.5161458333333333 0.49833333333333335 0.021875 0.02
15 0.5299479166666666 0.4825 0.0171875 0.013333333333333334
15 0.5106770833333333 0.48291666666666666 0.021354166666666667 0.019166666666666665
15 0.5177083333333333 0.46791666666666665 0.017708333333333333 0.010833333333333334
15 0.49765625 0.46875 0.016145833333333335 0.0225
15 0.8138020833333334 0.63375 0.0390625 0.0525
2 1.0 0.49416666666666664 0.0 0.125