4 0.34453125 0.5833333333333334 0.10364583333333334 0.10833333333333334
4 0.18411458333333333 0.69 0.15364583333333334 0.15833333333333333
2 0.26848958333333334 0.5870833333333333 0.10989583333333333 0.10583333333333333
2 0.09036458333333333 0.6879166666666666 0.16197916666666667 0.15083333333333335
2 0.01640625 0.6283333333333333 0.0328125 0.095
1 0.23645833333333333 0.5054166666666666 0.059375 0.0525
2 0.7572916666666667 0.4845833333333333 0.10208333333333333 0.0775
1 0.7276041666666667 0.44166666666666665 0.058333333333333334 0.04666666666666667
11 0.4864583333333333 0.41208333333333336 0.10520833333333333 0.06916666666666667
3 0.1703125 0.795 0.23125 0.24333333333333335
15 0.734375 0.5041666666666667 0.014583333333333334 0.015
15 0.6856770833333333 0.49083333333333334 0.033854166666666664 0.02666666666666667
15 0.675 0.4816666666666667 0.022916666666666665 0.021666666666666667
15 0.6609375 0.505 0.022916666666666665 0.018333333333333333