13 0.4197916666666667 0.515 0.046875 0.03666666666666667
13 0.465625 0.5316666666666666 0.04895833333333333 0.03666666666666667
4 0.35598958333333336 0.5766666666666667 0.0984375 0.10333333333333333
4 0.27239583333333334 0.58 0.09895833333333333 0.09666666666666666
1 0.24375 0.65 0.11041666666666666 0.12166666666666667
2 0.21380208333333334 0.5120833333333333 0.07760416666666667 0.060833333333333336
2 0.14479166666666668 0.5325 0.06145833333333333 0.03666666666666667
2 0.015104166666666667 0.60375 0.030208333333333334 0.09416666666666666
4 0.5401041666666667 0.4245833333333333 0.03958333333333333 0.0325
13 0.565625 0.5483333333333333 0.042708333333333334 0.04
15 0.4765625 0.4970833333333333 0.01875 0.0225
15 0.4856770833333333 0.49833333333333335 0.0234375 0.023333333333333334
15 0.5252604166666667 0.48333333333333334 0.018229166666666668 0.018333333333333333