4 0.29401041666666666 0.5620833333333334 0.09739583333333333 0.09583333333333334
2 0.34088541666666666 0.5854166666666667 0.10572916666666667 0.1125
4 0.134375 0.6595833333333333 0.14166666666666666 0.12916666666666668
15 0.5479166666666667 0.52625 0.021875 0.020833333333333332
15 0.9830729166666666 0.6775 0.033854166666666664 0.08166666666666667
2 0.0036458333333333334 0.8154166666666667 0.007291666666666667 0.1775
4 0.24166666666666667 0.50375 0.06979166666666667 0.060833333333333336
2 0.16588541666666667 0.52 0.0828125 0.065
2 0.010677083333333334 0.5879166666666666 0.021354166666666667 0.04416666666666667
13 0.009375 0.5429166666666667 0.01875 0.0275
2 0.0 0.6833333333333333 0.0 0.06166666666666667
2 0.21223958333333334 0.47208333333333335 0.0609375 0.0475