2 0.3984375 0.5525 0.09166666666666666 0.09166666666666666
4 0.2903645833333333 0.5675 0.1046875 0.09833333333333333
4 0.13776041666666666 0.6591666666666667 0.1421875 0.13166666666666665
3 0.013802083333333333 0.7975 0.027604166666666666 0.27
15 0.7294270833333333 0.5125 0.024479166666666666 0.023333333333333334
15 0.69609375 0.4970833333333333 0.0234375 0.024166666666666666
15 0.6869791666666667 0.49833333333333335 0.025 0.02
15 0.6317708333333333 0.49833333333333335 0.016666666666666666 0.018333333333333333
15 0.6731770833333334 0.5975 0.03177083333333333 0.028333333333333332
13 0.5703125 0.5508333333333333 0.053125 0.04666666666666667
15 0.5348958333333333 0.5345833333333333 0.030208333333333334 0.019166666666666665
13 0.5736979166666667 0.5283333333333333 0.0296875 0.018333333333333333
6 0.18072916666666666 0.4891666666666667 0.09479166666666666 0.06
2 0.38177083333333334 0.4529166666666667 0.0375 0.0125
0 0.8424479166666666 0.43375 0.04739583333333333 0.0375
2 0.8481770833333333 0.4216666666666667 0.08072916666666667 0.04666666666666667
2 0.16692708333333334 0.5391666666666667 0.10052083333333334 0.08
2 0.007291666666666667 0.6329166666666667 0.014583333333333334 0.06416666666666666