2 1.0 0.8545833333333334 0.0 0.20083333333333334
13 0.9328125 0.77125 0.134375 0.13083333333333333
2 0.8893229166666666 0.4479166666666667 0.18489583333333334 0.10416666666666667
4 0.07265625 0.34291666666666665 0.13802083333333334 0.0775
2 1.0 0.5345833333333333 0.0 0.12916666666666668
2 0.99375 0.44916666666666666 0.0125 0.09666666666666666
2 1.0 0.4454166666666667 0.0 0.11583333333333333
2 1.0 0.5283333333333333 0.0 0.155
2 1.0 0.5675 0.0 0.16833333333333333
2 1.0 0.46166666666666667 0.0 0.10833333333333334
4 0.19322916666666667 0.375 0.10416666666666667 0.08333333333333333
2 0.36614583333333334 0.3754166666666667 0.12916666666666668 0.0925
2 0.5395833333333333 0.3641666666666667 0.11354166666666667 0.08333333333333333
0 0.6901041666666666 0.35333333333333333 0.096875 0.07666666666666666
4 0.8375 0.3425 0.115625 0.08333333333333333
4 0.875 0.30916666666666665 0.10625 0.07666666666666666
4 0.24322916666666666 0.33666666666666667 0.1125 0.07
4 0.5830729166666667 0.32666666666666666 0.1015625 0.06666666666666667
2 0.7325520833333333 0.32708333333333334 0.09947916666666666 0.0375
2 1.0 0.3358333333333333 0.0 0.06
2 0.4203125 0.33708333333333335 0.090625 0.0575
4 0.5986979166666667 0.43083333333333335 0.15989583333333332 0.11166666666666666
2 0.3411458333333333 0.4454166666666667 0.16354166666666667 0.1175
15 0.0 0.9375 0.0 0.125
2 1.0 0.53125 0.0 0.11916666666666667
2 0.6625 0.5145833333333333 0.18541666666666667 0.12416666666666666
2 0.0 0.5183333333333333 0.0 0.13166666666666665
4 0.0 0.38083333333333336 0.0 0.09833333333333333