0 0.33619791666666665 0.5370833333333334 0.06822916666666666 0.06916666666666667
4 0.31666666666666665 0.5970833333333333 0.12916666666666668 0.13083333333333333
2 0.20390625 0.6245833333333334 0.1078125 0.10583333333333333
2 0.14739583333333334 0.7125 0.178125 0.18
13 0.0828125 0.6929166666666666 0.06458333333333334 0.060833333333333336
2 0.0018229166666666667 0.8525 0.0036458333333333334 0.18666666666666668
2 0.19635416666666666 0.5254166666666666 0.08645833333333333 0.06916666666666667
6 0.14348958333333334 0.5145833333333333 0.0890625 0.0675
2 0.01015625 0.61625 0.0203125 0.04583333333333333
2 1.0 0.6629166666666667 0.0 0.17416666666666666
2 1.0 0.5858333333333333 0.0 0.08166666666666667
4 0.9455729166666667 0.5270833333333333 0.10885416666666667 0.11916666666666667
2 0.95 0.4691666666666667 0.1 0.07333333333333333
2 1.0 0.84875 0.0 0.3025
15 0.7677083333333333 0.60375 0.021875 0.049166666666666664
15 0.56875 0.5658333333333333 0.03854166666666667 0.03666666666666667
15 0.43984375 0.5325 0.028645833333333332 0.035
15 0.48359375 0.505 0.027604166666666666 0.015
15 0.5364583333333334 0.485 0.023958333333333335 0.016666666666666666
15 0.46588541666666666 0.4691666666666667 0.021354166666666667 0.011666666666666667
15 0.48125 0.45625 0.021875 0.014166666666666666
15 0.7171875 0.4970833333333333 0.023958333333333335 0.019166666666666665
15 0.7044270833333334 0.49666666666666665 0.024479166666666666 0.02