4 0.43984375 0.5166666666666667 0.08489583333333334 0.08333333333333333
2 0.3380208333333333 0.5870833333333333 0.10416666666666667 0.1075
6 0.55234375 0.41583333333333333 0.0953125 0.056666666666666664
13 0.534375 0.5458333333333333 0.03125 0.04833333333333333
15 0.56015625 0.5204166666666666 0.024479166666666666 0.0275
15 0.5736979166666667 0.5191666666666667 0.022395833333333334 0.021666666666666667
15 0.5940104166666667 0.5120833333333333 0.015104166666666667 0.0175
4 0.21640625 0.5075 0.0796875 0.06666666666666667
4 0.17786458333333333 0.5083333333333333 0.0515625 0.05
2 0.13541666666666666 0.54375 0.041666666666666664 0.024166666666666666
2 0.017708333333333333 0.6345833333333334 0.035416666666666666 0.1025
1 0.77109375 0.4220833333333333 0.058854166666666666 0.0475
11 0.9458333333333333 0.4116666666666667 0.10833333333333334 0.11
2 0.475 0.7133333333333334 0.16979166666666667 0.17