15 0.5481770833333334 0.5345833333333333 0.034895833333333334 0.0475
15 0.6234375 0.49083333333333334 0.022916666666666665 0.03
15 0.7403645833333333 0.4975 0.0265625 0.023333333333333334
5 0.29973958333333334 0.5616666666666666 0.1109375 0.11333333333333333
0 0.35885416666666664 0.5766666666666667 0.08541666666666667 0.09666666666666666
2 0.21380208333333334 0.6758333333333333 0.14427083333333332 0.15333333333333332
2 0.025260416666666667 0.8545833333333334 0.050520833333333334 0.25083333333333335
4 0.07239583333333334 0.7108333333333333 0.14479166666666668 0.18333333333333332
2 0.23229166666666667 0.50625 0.078125 0.0675
2 0.14166666666666666 0.5545833333333333 0.042708333333333334 0.024166666666666666
2 0.011979166666666667 0.65375 0.023958333333333335 0.1325
2 0.13072916666666667 0.52875 0.021875 0.0125