15 0.5861979166666667 0.5116666666666667 0.0203125 0.016666666666666666
15 0.5536458333333333 0.5045833333333334 0.009375 0.0075
15 0.5572916666666666 0.5345833333333333 0.025 0.024166666666666666
15 0.5489583333333333 0.5483333333333333 0.030208333333333334 0.03
15 0.528125 0.54125 0.021875 0.024166666666666666
15 0.6528645833333333 0.49666666666666665 0.019270833333333334 0.02
15 0.6627604166666666 0.4970833333333333 0.022395833333333334 0.0175
15 0.646875 0.49 0.022916666666666665 0.016666666666666666
15 0.6013020833333333 0.49041666666666667 0.025520833333333333 0.019166666666666665
3 0.3109375 0.55375 0.103125 0.09416666666666666
4 0.3567708333333333 0.5758333333333333 0.0875 0.09666666666666666
4 0.084375 0.6945833333333333 0.16875 0.15916666666666668
1 0.184375 0.5258333333333334 0.071875 0.06833333333333333
4 0.016145833333333335 0.6095833333333334 0.03229166666666667 0.0725
11 0.70078125 0.3858333333333333 0.12447916666666667 0.06166666666666667
5 0.5927083333333333 0.3954166666666667 0.04895833333333333 0.0325
2 0.7177083333333333 0.4216666666666667 0.05625 0.04
2 1.0 0.4691666666666667 0.0 0.075