1 0.9942708333333333 0.7416666666666667 0.011458333333333333 0.11333333333333333
2 0.9924479166666667 0.6670833333333334 0.015104166666666667 0.07583333333333334
2 0.80234375 0.65125 0.15364583333333334 0.0925
2 0.74296875 0.7208333333333333 0.1859375 0.12
2 0.48880208333333336 0.7583333333333333 0.18177083333333333 0.165
2 0.13385416666666666 0.7266666666666667 0.2 0.13333333333333333
2 0.0 0.72625 0.0 0.1175
1 0.8140625 0.5579166666666666 0.084375 0.0625
4 0.8177083333333334 0.5258333333333334 0.0875 0.051666666666666666
12 0.7026041666666667 0.5216666666666666 0.10625 0.06333333333333334
4 0.6190104166666667 0.57 0.10052083333333334 0.08166666666666667
2 0.5375 0.5370833333333334 0.09166666666666666 0.059166666666666666
2 0.44114583333333335 0.5775 0.1 0.07666666666666666
2 0.40677083333333336 0.5454166666666667 0.08645833333333333 0.0675
2 0.27630208333333334 0.555 0.10989583333333333 0.043333333333333335
4 0.20260416666666667 0.585 0.125 0.08333333333333333
2 0.08723958333333333 0.5558333333333333 0.1171875 0.05
2 0.05625 0.5925 0.1125 0.08333333333333333
2 0.0049479166666666664 0.5533333333333333 0.009895833333333333 0.07
0 0.12578125 0.6504166666666666 0.14635416666666667 0.0925