2 0.34036458333333336 0.5841666666666666 0.1046875 0.11166666666666666
2 0.13333333333333333 0.72625 0.17291666666666666 0.17583333333333334
4 0.29583333333333334 0.5620833333333334 0.09583333333333334 0.0925
4 0.134375 0.6579166666666667 0.140625 0.12583333333333332
4 0.73125 0.6491666666666667 0.14791666666666667 0.13166666666666665
2 0.39765625 0.4025 0.0234375 0.028333333333333332
15 0.54296875 0.4975 0.024479166666666666 0.02
15 0.5088541666666667 0.5125 0.019791666666666666 0.023333333333333334
15 0.5213541666666667 0.5166666666666667 0.034375 0.03
15 0.53359375 0.5125 0.019270833333333334 0.02
4 0.2421875 0.50375 0.06979166666666667 0.059166666666666666
2 0.16640625 0.52 0.08177083333333333 0.065
2 0.012760416666666666 0.5983333333333334 0.025520833333333333 0.04666666666666667