15 0.58359375 0.5554166666666667 0.03697916666666667 0.030833333333333334
15 0.6229166666666667 0.4970833333333333 0.020833333333333332 0.015833333333333335
15 0.5919270833333333 0.5045833333333334 0.011979166666666667 0.0325
15 0.54296875 0.5279166666666667 0.022395833333333334 0.020833333333333332
2 0.37265625 0.5620833333333334 0.09010416666666667 0.09583333333333334
4 0.29609375 0.5604166666666667 0.09427083333333333 0.0925
2 0.07473958333333333 0.7716666666666666 0.14947916666666666 0.20166666666666666
2 0.9739583333333334 0.46125 0.052083333333333336 0.06416666666666666
2 0.3463541666666667 0.43125 0.046875 0.024166666666666666
2 0.15963541666666667 0.4741666666666667 0.05677083333333333 0.041666666666666664
5 0.21015625 0.5095833333333334 0.07135416666666666 0.0575