15 0.9674479166666666 0.6879166666666666 0.0515625 0.07583333333333334
15 0.7424479166666667 0.4995833333333333 0.03177083333333333 0.024166666666666666
15 0.725 0.5045833333333334 0.040625 0.0275
15 0.71640625 0.4979166666666667 0.028645833333333332 0.0225
15 0.7111979166666667 0.6325 0.0484375 0.03833333333333333
15 0.6182291666666667 0.5941666666666666 0.04791666666666667 0.06
15 0.5770833333333333 0.5620833333333334 0.04479166666666667 0.0525
4 0.30963541666666666 0.5604166666666667 0.09322916666666667 0.08916666666666667
4 0.39114583333333336 0.5608333333333333 0.08333333333333333 0.08666666666666667
1 0.21744791666666666 0.5141666666666667 0.0671875 0.058333333333333334
13 0.11458333333333333 0.7429166666666667 0.10208333333333333 0.09916666666666667
13 0.67578125 0.5008333333333334 0.0359375 0.03166666666666667
2 0.26119791666666664 0.6454166666666666 0.13802083333333334 0.1425
2 0.10182291666666667 0.6791666666666667 0.1671875 0.14833333333333334