5 1.0 0.4995833333333333 0.0 0.16416666666666666
2 0.5828125 0.44958333333333333 0.15520833333333334 0.10583333333333333
2 0.80078125 0.45 0.17552083333333332 0.10333333333333333
4 0.9638020833333333 0.44333333333333336 0.07239583333333334 0.1
2 0.8869791666666667 0.35333333333333333 0.11458333333333333 0.05
2 0.7427083333333333 0.35625 0.11666666666666667 0.07083333333333333
1 0.5411458333333333 0.36291666666666667 0.11666666666666667 0.09083333333333334
11 0.22786458333333334 0.34291666666666665 0.35989583333333336 0.16083333333333333
2 0.028645833333333332 0.3825 0.057291666666666664 0.09333333333333334
2 0.7864583333333334 0.31916666666666665 0.115625 0.06833333333333333
13 0.8916666666666667 0.3154166666666667 0.05520833333333333 0.020833333333333332