15 0.646875 0.70375 0.05625 0.0425
15 0.6270833333333333 0.55125 0.03333333333333333 0.030833333333333334
15 0.6111979166666667 0.505 0.0296875 0.018333333333333333
4 0.80078125 0.6175 0.14322916666666666 0.10666666666666667
4 0.6286458333333333 0.6533333333333333 0.12708333333333333 0.12666666666666668
1 0.3932291666666667 0.5216666666666666 0.059375 0.07
1 0.0 0.82625 0.0 0.15083333333333335
4 0.2994791666666667 0.45666666666666667 0.05 0.043333333333333335
4 0.012239583333333333 0.5925 0.024479166666666666 0.07333333333333333
4 0.0078125 0.65 0.015625 0.12333333333333334
6 1.0 0.0 0.0 0.0
2 0.005989583333333334 0.52375 0.011979166666666667 0.034166666666666665
5 0.42421875 0.4091666666666667 0.04010416666666667 0.04