4 0.35859375 0.57375 0.10260416666666666 0.1075
2 0.334375 0.5420833333333334 0.084375 0.07916666666666666
4 0.09895833333333333 0.7491666666666666 0.19791666666666666 0.21666666666666667
2 0.21510416666666668 0.5104166666666666 0.08020833333333334 0.06583333333333333
6 0.146875 0.50875 0.1 0.07583333333333334
2 0.14375 0.5554166666666667 0.046875 0.025833333333333333
2 0.015625 0.61 0.03125 0.07333333333333333
15 0.5596354166666667 0.5325 0.0328125 0.03166666666666667
13 0.5859375 0.51875 0.03333333333333333 0.025833333333333333
15 0.63046875 0.4975 0.0203125 0.016666666666666666
15 0.6270833333333333 0.5691666666666667 0.0375 0.03333333333333333
0 0.26067708333333334 0.4579166666666667 0.0453125 0.024166666666666666
2 0.4557291666666667 0.44416666666666665 0.052083333333333336 0.021666666666666667
2 0.5869791666666667 0.43166666666666664 0.058333333333333334 0.03666666666666667
0 0.784375 0.4220833333333333 0.057291666666666664 0.0375
2 0.9067708333333333 0.43 0.09166666666666666 0.05333333333333334