4 0.8528645833333334 0.3416666666666667 0.12135416666666667 0.08333333333333333
13 0.6973958333333333 0.3475 0.05520833333333333 0.03166666666666667
5 0.9536458333333333 0.4795833333333333 0.09270833333333334 0.19916666666666666
1 0.578125 0.5258333333333334 0.13541666666666666 0.11333333333333333
2 0.16458333333333333 0.5333333333333333 0.21770833333333334 0.13166666666666665
4 0.7520833333333333 0.2625 0.058333333333333334 0.03333333333333333
1 0.26223958333333336 0.3279166666666667 0.0890625 0.06583333333333333
5 0.0 0.36875 0.0 0.09083333333333334
2 0.06875 0.43416666666666665 0.1375 0.115
5 0.0 0.5029166666666667 0.0 0.1425
2 0.0 0.5383333333333333 0.0 0.11333333333333333