11 0.99140625 0.56 0.0171875 0.26666666666666666
11 0.6466145833333333 0.4395833333333333 0.17135416666666667 0.10416666666666667
15 0.5330729166666667 0.4691666666666667 0.0203125 0.02
15 0.5583333333333333 0.5129166666666667 0.022916666666666665 0.0175
13 0.4739583333333333 0.5454166666666667 0.04375 0.03916666666666667
11 0.2734375 0.6004166666666667 0.32395833333333335 0.2841666666666667
2 0.05703125 0.7375 0.1140625 0.18833333333333332
4 0.21171875 0.5145833333333333 0.0796875 0.06583333333333333
2 0.01328125 0.5920833333333333 0.0265625 0.06583333333333333
15 0.9848958333333333 0.745 0.030208333333333334 0.05
13 0.40963541666666664 0.47583333333333333 0.013020833333333334 0.013333333333333334
2 0.13463541666666667 0.57 0.019270833333333334 0.013333333333333334