2 0.6856770833333333 0.41791666666666666 0.0578125 0.04416666666666667
13 0.8 0.42125 0.021875 0.0125
15 0.7963541666666667 0.44583333333333336 0.03229166666666667 0.018333333333333333
15 0.8046875 0.45375 0.019791666666666666 0.015833333333333335
15 0.8567708333333334 0.4425 0.034375 0.016666666666666666
15 0.8869791666666667 0.43041666666666667 0.022916666666666665 0.015833333333333335
15 0.8783854166666667 0.4225 0.03177083333333333 0.016666666666666666
15 0.7432291666666667 0.45625 0.019791666666666666 0.020833333333333332
2 0.584375 0.43916666666666665 0.017708333333333333 0.011666666666666667
11 0.43515625 0.5145833333333333 0.1921875 0.14916666666666667
6 0.31927083333333334 0.4370833333333333 0.06458333333333334 0.0475
15 0.8575520833333333 0.69875 0.05260416666666667 0.06583333333333333
2 0.15286458333333333 0.5416666666666666 0.08802083333333334 0.07166666666666667
4 0.32890625 0.5445833333333333 0.06822916666666666 0.07916666666666666
2 0.09375 0.69 0.17708333333333334 0.16333333333333333
2 0.09010416666666667 0.7745833333333333 0.18020833333333333 0.2225