2 0.4583333333333333 0.48125 0.0625 0.05583333333333333
4 0.4705729166666667 0.5116666666666667 0.07447916666666667 0.07833333333333334
3 0.18333333333333332 0.6229166666666667 0.14375 0.13083333333333333
4 0.21510416666666668 0.6683333333333333 0.159375 0.16666666666666666
2 0.02734375 0.84625 0.0546875 0.2225
4 0.17473958333333334 0.5075 0.07760416666666667 0.06
2 0.2171875 0.515 0.06979166666666667 0.06
2 0.89140625 0.5625 0.13072916666666667 0.09
2 0.65703125 0.6891666666666667 0.19114583333333332 0.14166666666666666
2 0.3736979166666667 0.7520833333333333 0.15885416666666666 0.12083333333333333
15 0.7270833333333333 0.7570833333333333 0.030208333333333334 0.04583333333333333
4 0.01640625 0.6308333333333334 0.0328125 0.11333333333333333
15 0.7059895833333333 0.48083333333333333 0.024479166666666666 0.02
15 0.7083333333333334 0.5120833333333333 0.025 0.0225
15 0.7213541666666666 0.5129166666666667 0.025 0.029166666666666667
15 0.7518229166666667 0.49666666666666665 0.0265625 0.02666666666666667
15 0.76328125 0.48083333333333333 0.030729166666666665 0.023333333333333334
15 0.796875 0.48 0.028125 0.025
5 0.004166666666666667 0.7916666666666666 0.008333333333333333 0.2783333333333333
15 0.8729166666666667 0.41375 0.01875 0.0175
15 0.9098958333333333 0.41083333333333333 0.016666666666666666 0.006666666666666667