3 0.34713541666666664 0.58125 0.10677083333333333 0.1125
2 0.14375 0.7233333333333334 0.18854166666666666 0.18666666666666668
5 0.27447916666666666 0.5745833333333333 0.11875 0.1125
2 0.08411458333333334 0.6995833333333333 0.16822916666666668 0.16083333333333333
2 0.18932291666666667 0.53375 0.08697916666666666 0.07583333333333334
5 0.13307291666666668 0.5354166666666667 0.04635416666666667 0.04583333333333333
5 0.0171875 0.60375 0.034375 0.11083333333333334
0 0.8765625 0.5879166666666666 0.12083333333333333 0.08583333333333333
11 0.9278645833333333 0.5304166666666666 0.14427083333333332 0.2175
2 0.5424479166666667 0.4091666666666667 0.044270833333333336 0.03333333333333333
11 0.4734375 0.4091666666666667 0.096875 0.06333333333333334
15 0.3606770833333333 0.445 0.0109375 0.008333333333333333
15 0.3546875 0.44458333333333333 0.011458333333333333 0.010833333333333334
15 0.5041666666666667 0.50375 0.027083333333333334 0.0175
15 0.5182291666666666 0.49833333333333335 0.019791666666666666 0.018333333333333333
15 0.49973958333333335 0.47583333333333333 0.009895833333333333 0.015
15 0.4317708333333333 0.44666666666666666 0.010416666666666666 0.008333333333333333
15 0.67265625 0.6558333333333334 0.05260416666666667 0.05
2 0.9921875 0.4320833333333333 0.015625 0.0225
3 0.0 0.7316666666666667 0.0 0.15833333333333333
2 0.0 0.5966666666666667 0.0 0.08166666666666667
2 0.004427083333333333 0.5304166666666666 0.008854166666666666 0.0225
15 0.67578125 0.5125 0.0234375 0.025
13 0.6065104166666667 0.47541666666666665 0.025520833333333333 0.015833333333333335