15 0.5872395833333334 0.4979166666666667 0.019270833333333334 0.0225
15 0.54140625 0.52625 0.021354166666666667 0.024166666666666666
2 0.21328125 0.5120833333333333 0.07864583333333333 0.0625
2 0.14505208333333333 0.53375 0.058854166666666666 0.0325
2 0.013802083333333333 0.6029166666666667 0.027604166666666666 0.0925
4 0.3541666666666667 0.5758333333333333 0.09479166666666666 0.1
2 0.24973958333333332 0.47333333333333333 0.06510416666666667 0.04833333333333333
2 0.5169270833333334 0.43291666666666667 0.0484375 0.019166666666666665
3 0.925 0.4375 0.11979166666666667 0.06
2 0.9888020833333333 0.43333333333333335 0.022395833333333334 0.05333333333333334
13 0.29453125 0.64125 0.05677083333333333 0.059166666666666666