2 0.9234375 0.535 0.153125 0.12166666666666667
4 0.6716145833333333 0.52625 0.1953125 0.13583333333333333
4 0.37057291666666664 0.5166666666666667 0.16197916666666667 0.12666666666666668
4 0.10390625 0.5225 0.2078125 0.13666666666666666
3 0.8703125 0.43041666666666667 0.19375 0.11083333333333334
4 0.65625 0.44083333333333335 0.15520833333333334 0.10666666666666667
2 0.43515625 0.44875 0.15052083333333333 0.10916666666666666
2 0.11536458333333334 0.45 0.18072916666666666 0.09333333333333334
2 0.0125 0.44708333333333333 0.025 0.12416666666666666
4 0.8895833333333333 0.35583333333333333 0.05625 0.06333333333333334
2 0.75390625 0.3570833333333333 0.12447916666666667 0.0725
4 0.5278645833333333 0.35875 0.11302083333333333 0.08083333333333333
4 0.3494791666666667 0.36625 0.13333333333333333 0.09416666666666666
2 0.17786458333333333 0.37958333333333333 0.14635416666666667 0.0825
2 0.03463541666666667 0.3825 0.06927083333333334 0.09333333333333334
2 0.8635416666666667 0.31166666666666665 0.053125 0.08166666666666667
4 0.7872395833333333 0.31916666666666665 0.11822916666666666 0.06166666666666667
4 0.659375 0.32 0.09583333333333334 0.07333333333333333
0 0.5119791666666667 0.3175 0.08125 0.055
2 0.37473958333333335 0.33375 0.10260416666666666 0.07083333333333333
4 0.19401041666666666 0.3308333333333333 0.12447916666666667 0.08166666666666667
2 0.04869791666666667 0.34625 0.09739583333333333 0.08416666666666667