2 0.9153645833333334 0.46625 0.1234375 0.0775
2 0.63125 0.45375 0.0375 0.0475
3 0.26067708333333334 0.6508333333333334 0.16302083333333334 0.165
15 0.8151041666666666 0.6458333333333334 0.0375 0.04666666666666667
15 0.5994791666666667 0.4920833333333333 0.019791666666666666 0.0225
15 0.59140625 0.5054166666666666 0.022395833333333334 0.020833333333333332
15 0.5838541666666667 0.5129166666666667 0.016666666666666666 0.020833333333333332
13 0.5604166666666667 0.52625 0.03333333333333333 0.0475
12 0.99375 0.4554166666666667 0.0125 0.0675
2 0.01484375 0.61375 0.0296875 0.0675
2 0.011979166666666667 0.5891666666666666 0.023958333333333335 0.06666666666666667
2 0.13932291666666666 0.5275 0.0515625 0.02666666666666667
2 0.20572916666666666 0.5308333333333334 0.07083333333333333 0.041666666666666664