3 0.10677083333333333 0.43916666666666665 0.2 0.12666666666666668
13 0.32421875 0.46416666666666667 0.07447916666666667 0.06833333333333333
4 0.4986979166666667 0.4454166666666667 0.15989583333333332 0.11083333333333334
4 0.5861979166666667 0.5220833333333333 0.1609375 0.1225
2 0.8609375 0.53 0.228125 0.13666666666666666
2 0.76875 0.44875 0.16354166666666667 0.09083333333333334
4 0.9497395833333333 0.4429166666666667 0.10052083333333334 0.1125
2 0.4158854166666667 0.36666666666666664 0.12760416666666666 0.09833333333333333
13 0.5622395833333333 0.35833333333333334 0.059895833333333336 0.05
2 0.6966145833333334 0.35291666666666666 0.1265625 0.08916666666666667
2 0.8575520833333333 0.3595833333333333 0.1140625 0.06416666666666666
4 0.9518229166666666 0.3466666666666667 0.0640625 0.06166666666666667
4 0.7859375 0.30791666666666667 0.10625 0.06916666666666667
1 0.6135416666666667 0.3229166666666667 0.08229166666666667 0.0625
4 0.4666666666666667 0.3233333333333333 0.09166666666666666 0.065
2 0.2765625 0.33791666666666664 0.12604166666666666 0.07416666666666667