15 0.5453125 0.535 0.023958333333333335 0.023333333333333334
15 0.5859375 0.5266666666666666 0.020833333333333332 0.02
15 0.596875 0.4979166666666667 0.01875 0.0175
2 0.30963541666666666 0.55875 0.09114583333333333 0.08916666666666667
2 0.8875 0.41375 0.051041666666666666 0.0375
2 1.0 0.46458333333333335 0.0 0.06916666666666667
11 1.0 0.5070833333333333 0.0 0.19583333333333333
2 0.8526041666666667 0.43916666666666665 0.08229166666666667 0.055
2 1.0 0.47 0.0 0.07333333333333333
2 1.0 0.5391666666666667 0.0 0.11833333333333333
4 1.0 0.6354166666666666 0.0 0.0925