2 0.3359375 0.5370833333333334 0.06458333333333334 0.0725
4 0.31588541666666664 0.5991666666666666 0.12552083333333333 0.13833333333333334
2 0.20885416666666667 0.62125 0.11979166666666667 0.11583333333333333
2 0.146875 0.7129166666666666 0.178125 0.1775
13 0.0828125 0.6879166666666666 0.06354166666666666 0.0575
2 0.19583333333333333 0.525 0.084375 0.06833333333333333
9 0.14166666666666666 0.5175 0.09375 0.07166666666666667
15 0.7020833333333333 0.49625 0.022916666666666665 0.020833333333333332
2 0.021875 0.6129166666666667 0.04375 0.0675
15 0.7130208333333333 0.4975 0.023958333333333335 0.02
2 1.0 0.8445833333333334 0.0 0.31083333333333335