3 0.3802083333333333 0.56 0.10520833333333333 0.10833333333333334
11 0.16015625 0.7233333333333334 0.3203125 0.375
2 0.31223958333333335 0.56625 0.0421875 0.034166666666666665
6 0.16041666666666668 0.5295833333333333 0.10416666666666667 0.0825
2 0.13411458333333334 0.5191666666666667 0.0421875 0.02666666666666667
2 0.016927083333333332 0.6333333333333333 0.033854166666666664 0.10833333333333334
12 0.5190104166666667 0.7041666666666667 0.2838541666666667 0.27166666666666667
16 0.528125 0.535 0.03333333333333333 0.025
15 0.5596354166666667 0.535 0.03177083333333333 0.02666666666666667
15 0.7151041666666667 0.5129166666666667 0.027083333333333334 0.019166666666666665
15 0.6075520833333333 0.5116666666666667 0.0203125 0.02
15 0.59921875 0.5125 0.019270833333333334 0.02
15 0.6255208333333333 0.49916666666666665 0.013541666666666667 0.02
15 0.6338541666666667 0.49125 0.01875 0.024166666666666666
15 0.62734375 0.4891666666666667 0.024479166666666666 0.018333333333333333