2 0.39765625 0.5583333333333333 0.09010416666666667 0.09166666666666666
4 0.33151041666666664 0.5429166666666667 0.0765625 0.07916666666666666
4 0.1625 0.6358333333333334 0.153125 0.13833333333333334
2 0.19713541666666667 0.68375 0.14427083333333332 0.1425
2 0.03359375 0.83875 0.0671875 0.2175
2 0.03046875 0.7783333333333333 0.0609375 0.215
2 0.18802083333333333 0.525 0.08541666666666667 0.07166666666666667
2 0.14296875 0.5254166666666666 0.07135416666666666 0.05583333333333333
2 0.01953125 0.5995833333333334 0.025520833333333333 0.049166666666666664
2 0.9205729166666666 0.5804166666666667 0.15572916666666667 0.09583333333333334
15 0.65625 0.4891666666666667 0.03229166666666667 0.018333333333333333
15 0.48854166666666665 0.725 0.036458333333333336 0.04
11 0.7411458333333333 0.45958333333333334 0.21354166666666666 0.12416666666666666
3 0.6151041666666667 0.42916666666666664 0.013541666666666667 0.015
15 0.6614583333333334 0.4666666666666667 0.019791666666666666 0.011666666666666667
2 0.009895833333333333 0.6058333333333333 0.019791666666666666 0.09833333333333333