2 0.853125 0.59875 0.14583333333333334 0.07583333333333334
4 0.2359375 0.7741666666666667 0.19895833333333332 0.15666666666666668
15 0.5791666666666667 0.51375 0.021875 0.030833333333333334
15 0.5572916666666666 0.5270833333333333 0.020833333333333332 0.0175
15 0.62109375 0.49666666666666665 0.0171875 0.02666666666666667
2 0.17057291666666666 0.54 0.07552083333333333 0.06
2 0.13567708333333334 0.5275 0.05260416666666667 0.06
0 0.140625 0.485 0.034375 0.03166666666666667
2 0.8963541666666667 0.4795833333333333 0.11354166666666667 0.07583333333333334
2 0.79296875 0.44458333333333333 0.08489583333333334 0.0525
2 0.6604166666666667 0.43666666666666665 0.010416666666666666 0.006666666666666667
13 0.9302083333333333 0.42833333333333334 0.04375 0.02666666666666667
15 0.5966145833333333 0.5125 0.0203125 0.018333333333333333