2 0.36302083333333335 0.5808333333333333 0.10104166666666667 0.1
2 0.29791666666666666 0.5691666666666667 0.09895833333333333 0.09333333333333334
4 0.19375 0.5233333333333333 0.08645833333333333 0.07166666666666667
2 0.1375 0.5304166666666666 0.04583333333333333 0.0525
2 0.20651041666666667 0.6841666666666667 0.14427083333333332 0.15166666666666667
4 0.09609375 0.6795833333333333 0.1515625 0.15083333333333335
15 0.5424479166666667 0.5329166666666667 0.028645833333333332 0.0225
15 0.5783854166666667 0.5125 0.0171875 0.021666666666666667
15 0.5856770833333333 0.5058333333333334 0.033854166666666664 0.023333333333333334
15 0.61328125 0.4970833333333333 0.0234375 0.015833333333333335
15 0.66171875 0.5191666666666667 0.0265625 0.025