4 0.19036458333333334 0.4841666666666667 0.05677083333333333 0.02666666666666667
15 0.5731770833333333 0.5504166666666667 0.0328125 0.035833333333333335
15 0.55078125 0.53375 0.0296875 0.020833333333333332
15 0.534375 0.5341666666666667 0.029166666666666667 0.02
5 0.37109375 0.5645833333333333 0.1015625 0.1075
4 0.20833333333333334 0.6754166666666667 0.13541666666666666 0.14083333333333334
4 0.02109375 0.8520833333333333 0.0421875 0.22583333333333333
2 0.30078125 0.5616666666666666 0.09427083333333333 0.08666666666666667
3 0.20260416666666667 0.5133333333333333 0.09583333333333334 0.075
15 0.6260416666666667 0.49666666666666665 0.021875 0.021666666666666667
2 0.13203125 0.56375 0.0109375 0.009166666666666667
2 0.12734375 0.5466666666666666 0.008854166666666666 0.006666666666666667