1 0.9104166666666667 0.73375 0.16875 0.1225
4 0.8893229166666666 0.6458333333333334 0.1671875 0.1
2 0.6955729166666667 0.6533333333333333 0.15572916666666667 0.09833333333333333
2 0.46171875 0.6491666666666667 0.1453125 0.09666666666666666
4 0.25052083333333336 0.64625 0.15104166666666666 0.09916666666666667
2 0.0359375 0.6458333333333334 0.071875 0.11
2 0.7434895833333334 0.57375 0.10364583333333334 0.04583333333333333
4 0.86796875 0.5583333333333333 0.10677083333333333 0.07
4 0.6072916666666667 0.5683333333333334 0.103125 0.07166666666666667
2 0.43854166666666666 0.57375 0.103125 0.0775
2 0.24817708333333333 0.5816666666666667 0.13385416666666666 0.085
2 0.0671875 0.5925 0.134375 0.07833333333333334
2 0.8 0.5333333333333333 0.08020833333333334 0.06
2 0.6265625 0.5304166666666666 0.09270833333333334 0.060833333333333336
4 0.46953125 0.5375 0.09739583333333333 0.065
4 0.27109375 0.5379166666666667 0.1109375 0.06916666666666667
2 0.12421875 0.5525 0.0953125 0.056666666666666664
2 0.011197916666666667 0.5533333333333333 0.022395833333333334 0.06666666666666667