2 0.32916666666666666 0.5458333333333333 0.08645833333333333 0.08166666666666667
4 0.3580729166666667 0.5758333333333333 0.08177083333333333 0.09166666666666666
3 0.18046875 0.6320833333333333 0.1515625 0.1425
2 0.18151041666666667 0.5279166666666667 0.0859375 0.07083333333333333
2 0.14322916666666666 0.5279166666666667 0.075 0.06416666666666666
2 0.015885416666666666 0.6208333333333333 0.03177083333333333 0.025
2 0.004166666666666667 0.5904166666666667 0.008333333333333333 0.0675
15 0.5057291666666667 0.5345833333333333 0.03333333333333333 0.0225
13 0.5489583333333333 0.5379166666666667 0.03958333333333333 0.0375
15 0.584375 0.5170833333333333 0.029166666666666667 0.014166666666666666
2 0.015885416666666666 0.8041666666666667 0.03177083333333333 0.23333333333333334
2 0.17109375 0.6958333333333333 0.1671875 0.165
4 0.41328125 0.44125 0.0578125 0.035833333333333335
2 0.0015625 0.85875 0.003125 0.19083333333333333
3 0.6638020833333333 0.405 0.0453125 0.045
2 0.72265625 0.4091666666666667 0.049479166666666664 0.02
2 0.8671875 0.4429166666666667 0.09479166666666666 0.04583333333333333
3 1.0 0.4429166666666667 0.0 0.05583333333333333