3 0.3106770833333333 0.5529166666666666 0.1015625 0.09416666666666666
4 0.3572916666666667 0.5770833333333333 0.08854166666666667 0.09416666666666666
4 0.08411458333333334 0.69375 0.16822916666666668 0.1625
2 0.18541666666666667 0.5258333333333334 0.071875 0.065
2 0.6677083333333333 0.41541666666666666 0.03333333333333333 0.04083333333333333
2 0.59375 0.40458333333333335 0.01875 0.035833333333333335
15 1.0 0.8779166666666667 0.0 0.14916666666666667
15 0.5489583333333333 0.5116666666666667 0.017708333333333333 0.015
15 0.6046875 0.49041666666666667 0.026041666666666668 0.020833333333333332
15 0.65 0.4970833333333333 0.01875 0.019166666666666665
15 0.6572916666666667 0.4975 0.009375 0.021666666666666667
15 0.6442708333333333 0.48833333333333334 0.026041666666666668 0.028333333333333332