11 0.3828125 0.3020833333333333 0.2875 0.13416666666666666
3 0.6307291666666667 0.31333333333333335 0.11458333333333333 0.07833333333333334
4 0.75546875 0.31375 0.0921875 0.07083333333333333
1 0.86875 0.31375 0.058333333333333334 0.060833333333333336
4 0.13776041666666666 0.34041666666666665 0.12135416666666667 0.0775
2 0.006510416666666667 0.3475 0.013020833333333334 0.07666666666666666
4 0.058854166666666666 0.37958333333333333 0.11770833333333333 0.09416666666666666
4 0.22005208333333334 0.37625 0.13385416666666666 0.09083333333333334
2 0.428125 0.37125 0.12395833333333334 0.07416666666666667
4 0.6190104166666667 0.3525 0.12760416666666666 0.085
4 0.8041666666666667 0.3516666666666667 0.115625 0.07166666666666667
4 0.9182291666666667 0.34375 0.10520833333333333 0.0825
2 0.05755208333333333 0.445 0.11510416666666666 0.095
2 0.26666666666666666 0.4504166666666667 0.15729166666666666 0.1025
4 0.5421875 0.43416666666666665 0.16666666666666666 0.10666666666666667
4 0.8510416666666667 0.4370833333333333 0.16979166666666667 0.10583333333333333
2 0.9997395833333333 0.45 0.0005208333333333333 0.11333333333333333
13 0.9317708333333333 0.7683333333333333 0.13645833333333332 0.11833333333333333
2 1.0 0.8545833333333334 0.0 0.19083333333333333
2 0.74453125 0.25375 0.0546875 0.0575
2 0.15572916666666667 0.5225 0.21354166666666666 0.13833333333333334