15 0.5609375 0.5570833333333334 0.042708333333333334 0.04416666666666667
15 0.6265625 0.5058333333333334 0.03333333333333333 0.03833333333333333
15 0.6059895833333333 0.4970833333333333 0.019270833333333334 0.015833333333333335
2 1.0 0.61375 0.0 0.1875
4 0.9385416666666667 0.44958333333333333 0.09895833333333333 0.050833333333333335
5 0.36276041666666664 0.57 0.11302083333333333 0.115
4 0.2421875 0.5966666666666667 0.11354166666666667 0.10833333333333334
2 0.15911458333333334 0.71125 0.17135416666666667 0.1775
4 0.18541666666666667 0.53 0.10416666666666667 0.07833333333333334
2 0.005208333333333333 0.6241666666666666 0.010416666666666666 0.12
2 0.8036458333333333 0.42041666666666666 0.05625 0.0425
2 0.9903645833333333 0.43041666666666667 0.019270833333333334 0.04083333333333333