4 0.9565104166666667 0.5891666666666666 0.08697916666666666 0.105
4 0.6447916666666667 0.6420833333333333 0.15625 0.14416666666666667
1 0.5528645833333333 0.4683333333333333 0.049479166666666664 0.04833333333333333
2 0.40598958333333335 0.555 0.0890625 0.09166666666666666
2 0.37942708333333336 0.44166666666666665 0.04114583333333333 0.03833333333333333
2 0.26197916666666665 0.47333333333333333 0.065625 0.05333333333333334
13 0.0140625 0.58875 0.028125 0.024166666666666666
2 0.0 0.5591666666666667 0.0 0.08166666666666667
2 0.16432291666666668 0.4725 0.05677083333333333 0.041666666666666664
15 0.7010416666666667 0.4820833333333333 0.028125 0.025833333333333333
15 0.7419270833333333 0.4683333333333333 0.03177083333333333 0.02666666666666667
15 0.79296875 0.42916666666666664 0.027604166666666666 0.018333333333333333
15 0.8044270833333333 0.43166666666666664 0.03177083333333333 0.02
15 0.9609375 0.425 0.019791666666666666 0.018333333333333333
15 1.0 0.4195833333333333 0.0 0.0125