2 0.86796875 0.44916666666666666 0.1859375 0.10666666666666667
2 0.6447916666666667 0.4454166666666667 0.15833333333333333 0.10916666666666666
2 0.8872395833333333 0.34791666666666665 0.11927083333333334 0.0675
1 0.7317708333333334 0.35125 0.09895833333333333 0.0775
1 0.60625 0.3625 0.096875 0.08166666666666667
2 0.4669270833333333 0.3625 0.1140625 0.09
2 0.26197916666666665 0.37625 0.140625 0.0925
2 0.04348958333333333 0.3475 0.08697916666666666 0.075
3 0.1875 0.33375 0.14166666666666666 0.0925
2 0.34140625 0.34458333333333335 0.11197916666666667 0.0875
2 0.4783854166666667 0.32708333333333334 0.10572916666666667 0.06916666666666667
2 0.6372395833333333 0.32208333333333333 0.10260416666666666 0.0625
4 0.7690104166666667 0.30583333333333335 0.10052083333333334 0.06666666666666667
2 0.8807291666666667 0.3129166666666667 0.10520833333333333 0.0625
1 0.07213541666666666 0.3775 0.13697916666666668 0.09666666666666666
1 0.37552083333333336 0.44625 0.12083333333333333 0.10083333333333333
3 0.10807291666666667 0.5408333333333334 0.21614583333333334 0.15833333333333333
2 0.047135416666666666 0.44083333333333335 0.09427083333333333 0.1