2 0.14270833333333333 0.7220833333333333 0.19375 0.18916666666666668
2 0.18776041666666668 0.5358333333333334 0.0921875 0.07833333333333334
2 0.13776041666666666 0.5333333333333333 0.04010416666666667 0.018333333333333333
2 0.00078125 0.5425 0.0015625 0.018333333333333333
2 0.546875 0.43291666666666667 0.059375 0.0225
15 0.575 0.52125 0.029166666666666667 0.0325
15 0.58125 0.5041666666666667 0.028125 0.021666666666666667
6 0.27369791666666665 0.5695833333333333 0.1140625 0.10916666666666666
6 0.0171875 0.6004166666666667 0.034375 0.11416666666666667
4 0.34661458333333334 0.5795833333333333 0.10677083333333333 0.11416666666666667
11 0.9104166666666667 0.4083333333333333 0.17916666666666667 0.095
2 0.015885416666666666 0.6129166666666667 0.03177083333333333 0.0675