0 0.39895833333333336 0.5566666666666666 0.07083333333333333 0.07833333333333334
2 0.2518229166666667 0.6470833333333333 0.13802083333333334 0.13583333333333333
2 0.08671875 0.7895833333333333 0.1734375 0.2225
4 0.32578125 0.55 0.09947916666666666 0.09166666666666666
2 0.15729166666666666 0.6558333333333334 0.13020833333333334 0.12666666666666668
4 0.023958333333333335 0.7879166666666667 0.04791666666666667 0.23916666666666667
5 0.18776041666666668 0.52125 0.1015625 0.0925
2 0.023697916666666666 0.6129166666666667 0.034895833333333334 0.050833333333333335
2 0.13229166666666667 0.5404166666666667 0.036458333333333336 0.04083333333333333
2 0.019270833333333334 0.5991666666666666 0.03854166666666667 0.08833333333333333
4 0.6763020833333333 0.41291666666666665 0.0484375 0.034166666666666665
4 0.8861979166666667 0.43625 0.0890625 0.0525
2 0.9638020833333333 0.43083333333333335 0.07239583333333334 0.035
15 0.5924479166666666 0.5204166666666666 0.0234375 0.024166666666666666
15 0.60625 0.4970833333333333 0.013541666666666667 0.019166666666666665
15 0.7348958333333333 0.5041666666666667 0.014583333333333334 0.018333333333333333