4 0.30885416666666665 0.5566666666666666 0.10416666666666667 0.09833333333333333
2 0.33984375 0.5891666666666666 0.10052083333333334 0.105
4 0.17864583333333334 0.6483333333333333 0.1375 0.12333333333333334
2 0.10208333333333333 0.7470833333333333 0.2 0.2025
6 0.18854166666666666 0.5125 0.10416666666666667 0.08
1 0.13203125 0.53125 0.03697916666666667 0.0225
15 0.6096354166666667 0.4825 0.019270833333333334 0.011666666666666667
15 0.62109375 0.4975 0.016145833333333335 0.013333333333333334
15 0.61640625 0.5041666666666667 0.025520833333333333 0.021666666666666667
15 0.5822916666666667 0.5116666666666667 0.019791666666666666 0.018333333333333333
15 0.575 0.52625 0.019791666666666666 0.024166666666666666
15 0.5841145833333333 0.5791666666666667 0.027604166666666666 0.035
15 0.5119791666666667 0.5679166666666666 0.036458333333333336 0.0275
4 1.0 0.85 0.0 0.3
2 0.41484375 0.44666666666666666 0.059895833333333336 0.028333333333333332
2 0.4895833333333333 0.7229166666666667 0.17916666666666667 0.16083333333333333
2 0.98828125 0.43625 0.0234375 0.06416666666666666
11 1.0 0.4995833333333333 0.0 0.2375