4 0.9541666666666667 0.4345833333333333 0.09166666666666666 0.10583333333333333
2 0.8619791666666666 0.35125 0.11354166666666667 0.0525
4 0.7893229166666667 0.3075 0.10677083333333333 0.065
2 0.9072916666666667 0.52625 0.18541666666666667 0.12583333333333332
2 0.7703125 0.45166666666666666 0.1625 0.07666666666666666
2 0.7052083333333333 0.3466666666666667 0.11875 0.08166666666666667
1 0.61328125 0.31958333333333333 0.0765625 0.060833333333333336
13 0.5622395833333333 0.3541666666666667 0.058854166666666666 0.045
4 0.61640625 0.5191666666666667 0.16197916666666667 0.12333333333333334
4 0.5330729166666667 0.44 0.15052083333333333 0.10333333333333333
2 0.41770833333333335 0.3645833333333333 0.125 0.08916666666666667
4 0.4666666666666667 0.3229166666666667 0.09166666666666666 0.0625
13 0.3854166666666667 0.45708333333333334 0.06875 0.06916666666666667
3 0.17604166666666668 0.43833333333333335 0.1875 0.12166666666666667
4 0.19088541666666667 0.36291666666666667 0.14427083333333332 0.08916666666666667
2 0.2916666666666667 0.33666666666666667 0.121875 0.06666666666666667
2 0.0 0.4354166666666667 0.0 0.09583333333333334
2 0.0 0.34708333333333335 0.0 0.059166666666666666