6 0.575 0.45875 0.071875 0.0625
2 0.35390625 0.5775 0.0984375 0.105
4 0.14088541666666668 0.7166666666666667 0.1734375 0.17666666666666667
4 0.47291666666666665 0.465 0.059375 0.056666666666666664
4 0.29583333333333334 0.5595833333333333 0.10833333333333334 0.10416666666666667
2 0.02734375 0.7820833333333334 0.0546875 0.23416666666666666
15 0.56953125 0.6070833333333333 0.0359375 0.024166666666666666
15 0.7817708333333333 0.48 0.03229166666666667 0.028333333333333332
2 0.22473958333333333 0.5083333333333333 0.06822916666666666 0.06333333333333334
2 0.18333333333333332 0.5020833333333333 0.052083333333333336 0.05416666666666667
2 0.016927083333333332 0.6116666666666667 0.033854166666666664 0.1