3 0.9299479166666667 0.33375 0.13385416666666666 0.10583333333333333
2 0.765625 0.36125 0.11770833333333333 0.0725
4 0.23723958333333334 0.3375 0.12135416666666667 0.08833333333333333
0 0.6294270833333333 0.35375 0.09635416666666667 0.08083333333333333
4 0.8481770833333333 0.3125 0.08072916666666667 0.06333333333333334
4 0.71015625 0.31375 0.11822916666666666 0.0775
0 0.56328125 0.3225 0.0734375 0.065
2 0.39895833333333336 0.3308333333333333 0.09895833333333333 0.08166666666666667
4 0.365625 0.36541666666666667 0.11979166666666667 0.0925
4 0.7033854166666667 0.445 0.15885416666666666 0.11
2 0.16432291666666668 0.38208333333333333 0.1515625 0.09083333333333334
2 0.05234375 0.43875 0.1046875 0.10583333333333333
4 0.9458333333333333 0.4404166666666667 0.10833333333333334 0.10583333333333333
2 0.48385416666666664 0.44208333333333333 0.153125 0.09916666666666667
0 0.30703125 0.44166666666666665 0.1234375 0.1
2 0.6635416666666667 0.5295833333333333 0.19583333333333333 0.12583333333333332
4 0.027864583333333335 0.38125 0.05572916666666667 0.09583333333333334
2 0.2875 0.2608333333333333 0.078125 0.021666666666666667
4 0.062239583333333334 0.34125 0.1203125 0.06583333333333333