2 0.8963541666666667 0.45208333333333334 0.19166666666666668 0.1075
2 0.6611979166666667 0.445 0.16510416666666666 0.115
0 0.41875 0.44708333333333333 0.11770833333333333 0.0975
2 0.19010416666666666 0.44375 0.165625 0.11083333333333334
9 0.04609375 0.4245833333333333 0.0921875 0.20083333333333334
0 0.7309895833333333 0.3516666666666667 0.09739583333333333 0.07666666666666666
0 0.6057291666666667 0.36291666666666667 0.09270833333333334 0.08083333333333333
2 0.46640625 0.3641666666666667 0.10885416666666667 0.08833333333333333
2 0.26171875 0.37916666666666665 0.14114583333333333 0.09166666666666666
1 0.08359375 0.38125 0.12447916666666667 0.0825
2 0.8958333333333334 0.34791666666666665 0.125 0.06916666666666667
3 0.1875 0.33375 0.14166666666666666 0.09083333333333334
2 0.3411458333333333 0.3441666666666667 0.11041666666666666 0.08166666666666667
2 0.4786458333333333 0.3283333333333333 0.10625 0.075
2 0.63671875 0.32166666666666666 0.10052083333333334 0.06666666666666667
4 0.7671875 0.31375 0.10416666666666667 0.07416666666666667
2 0.5236979166666667 0.52125 0.1828125 0.12583333333333332
2 0.8734375 0.31083333333333335 0.084375 0.06333333333333334