6 0.34479166666666666 0.5733333333333334 0.15729166666666666 0.14333333333333334
5 0.10104166666666667 0.7416666666666667 0.20208333333333334 0.22333333333333333
2 0.20442708333333334 0.61625 0.12239583333333333 0.11416666666666667
2 0.0546875 0.73875 0.109375 0.18583333333333332
15 0.5421875 0.5341666666666667 0.030208333333333334 0.028333333333333332
15 0.5809895833333333 0.5354166666666667 0.0296875 0.024166666666666666
15 0.625 0.5058333333333334 0.015625 0.025
15 0.5791666666666667 0.5179166666666667 0.01875 0.0175
15 0.5924479166666666 0.5345833333333333 0.034895833333333334 0.025833333333333333
5 0.20078125 0.5179166666666667 0.0953125 0.07583333333333334
15 0.62109375 0.49083333333333334 0.030729166666666665 0.011666666666666667
0 0.9794270833333333 0.5975 0.04114583333333333 0.1
2 0.9138020833333333 0.44916666666666666 0.09739583333333333 0.041666666666666664
2 0.23020833333333332 0.4741666666666667 0.04583333333333333 0.02
13 0.41171875 0.735 0.08072916666666667 0.06666666666666667