13 0.93046875 0.7758333333333334 0.1390625 0.13666666666666666
4 0.053125 0.4429166666666667 0.10625 0.11416666666666667
2 0.2994791666666667 0.44708333333333333 0.16354166666666667 0.10416666666666667
4 0.5856770833333333 0.4525 0.1421875 0.10666666666666667
2 0.8192708333333333 0.515 0.215625 0.12166666666666667
2 0.9880208333333333 0.5275 0.023958333333333335 0.11833333333333333
2 0.9692708333333333 0.45 0.06145833333333333 0.115
2 0.9903645833333333 0.6283333333333333 0.019270833333333334 0.175
2 0.0984375 0.385 0.16145833333333334 0.09166666666666666
2 0.2947916666666667 0.375 0.12916666666666668 0.08166666666666667
2 0.48359375 0.37166666666666665 0.0953125 0.08166666666666667
4 0.6546875 0.35375 0.11458333333333333 0.07583333333333334
4 0.8395833333333333 0.3441666666666667 0.12083333333333333 0.07833333333333334
2 0.725 0.31083333333333335 0.10729166666666666 0.06833333333333333
4 0.54921875 0.3258333333333333 0.10572916666666667 0.07166666666666667
4 0.3736979166666667 0.3304166666666667 0.10260416666666666 0.09083333333333334
4 0.21458333333333332 0.33458333333333334 0.13541666666666666 0.08416666666666667
4 0.04895833333333333 0.3466666666666667 0.09791666666666667 0.07
2 1.0 0.8525 0.0 0.18333333333333332