13 0.5658854166666667 0.5283333333333333 0.04010416666666667 0.03
15 0.6182291666666667 0.5270833333333333 0.022916666666666665 0.025833333333333333
15 0.6197916666666666 0.49041666666666667 0.0125 0.014166666666666666
15 0.6625 0.49083333333333334 0.03333333333333333 0.021666666666666667
15 0.6692708333333334 0.5054166666666666 0.03333333333333333 0.020833333333333332
15 0.6885416666666667 0.5204166666666666 0.034375 0.025833333333333333
15 0.9763020833333333 0.6458333333333334 0.04635416666666667 0.058333333333333334
4 0.34036458333333336 0.5745833333333333 0.10260416666666666 0.10083333333333333
2 0.31640625 0.5458333333333333 0.08802083333333334 0.08833333333333333
2 0.16510416666666666 0.6408333333333334 0.13333333333333333 0.12333333333333334
2 0.03671875 0.7670833333333333 0.0734375 0.2075
4 0.18151041666666667 0.5245833333333333 0.08385416666666666 0.06583333333333333
4 0.015364583333333333 0.6104166666666667 0.030729166666666665 0.059166666666666666
4 0.13151041666666666 0.5345833333333333 0.04114583333333333 0.035833333333333335
6 0.58359375 0.395 0.044270833333333336 0.028333333333333332
2 0.6786458333333333 0.42 0.046875 0.03166666666666667
15 0.6151041666666667 0.5504166666666667 0.03333333333333333 0.029166666666666667
15 0.6270833333333333 0.5641666666666667 0.03229166666666667 0.03166666666666667
15 0.3515625 0.4825 0.01875 0.015
15 0.32369791666666664 0.4741666666666667 0.0078125 0.015