15 0.97265625 0.7433333333333333 0.0546875 0.06833333333333333
13 0.4744791666666667 0.5458333333333333 0.04479166666666667 0.041666666666666664
15 0.5424479166666667 0.55 0.033854166666666664 0.03333333333333333
15 0.5950520833333334 0.4979166666666667 0.019270833333333334 0.024166666666666666
15 0.62890625 0.49041666666666667 0.0140625 0.014166666666666666
11 0.27369791666666665 0.6066666666666667 0.3140625 0.25
4 0.21171875 0.5154166666666666 0.08072916666666667 0.06583333333333333
2 0.013020833333333334 0.5925 0.026041666666666668 0.06666666666666667
4 0.21041666666666667 0.4766666666666667 0.06354166666666666 0.04833333333333333
2 0.057291666666666664 0.73875 0.11458333333333333 0.18916666666666668
13 0.4109375 0.47541666666666665 0.014583333333333334 0.015833333333333335
2 0.13463541666666667 0.5695833333333333 0.019270833333333334 0.014166666666666666