2 0.34453125 0.585 0.09739583333333333 0.105
4 0.35625 0.5270833333333333 0.0875 0.08583333333333333
2 0.10208333333333333 0.7454166666666666 0.2 0.2025
4 0.20885416666666667 0.6279166666666667 0.11875 0.11416666666666667
5 0.18828125 0.5108333333333334 0.10364583333333334 0.08166666666666667
1 0.13203125 0.5304166666666666 0.03802083333333333 0.0225
1 0.01875 0.605 0.0375 0.065
4 0.011458333333333333 0.5920833333333333 0.022916666666666665 0.0675
2 1.0 0.6308333333333334 0.0 0.18833333333333332
4 0.9127604166666666 0.5833333333333334 0.15260416666666668 0.08833333333333333
15 0.6044270833333333 0.4820833333333333 0.0234375 0.0275
15 0.7567708333333333 0.48041666666666666 0.025 0.0225
15 0.7453125 0.4979166666666667 0.026041666666666668 0.024166666666666666
15 0.5247395833333334 0.7320833333333333 0.030729166666666665 0.049166666666666664
15 1.0 0.7225 0.0 0.075
15 0.8752604166666667 0.39625 0.018229166666666668 0.0225
15 0.9286458333333333 0.40875 0.019791666666666666 0.015833333333333335
15 0.94921875 0.4075 0.019270833333333334 0.013333333333333334
15 0.9424479166666667 0.4075 0.019270833333333334 0.013333333333333334