3 0.37447916666666664 0.5658333333333333 0.109375 0.11
11 0.16067708333333333 0.7245833333333334 0.32135416666666666 0.3858333333333333
2 0.31145833333333334 0.5666666666666667 0.036458333333333336 0.025
6 0.16015625 0.53125 0.1046875 0.08583333333333333
2 0.13463541666666667 0.51875 0.0421875 0.029166666666666667
2 0.015625 0.6341666666666667 0.03125 0.10666666666666667
2 0.29921875 0.4633333333333333 0.05677083333333333 0.018333333333333333
13 1.0 0.49875 0.0 0.0325
16 0.5291666666666667 0.5425 0.021875 0.02666666666666667
15 0.5604166666666667 0.53375 0.029166666666666667 0.0225
15 0.68828125 0.5283333333333333 0.025520833333333333 0.025
15 0.6005208333333333 0.5133333333333333 0.021875 0.021666666666666667
15 0.6088541666666667 0.5116666666666667 0.020833333333333332 0.016666666666666666
15 0.6252604166666667 0.4970833333333333 0.0171875 0.020833333333333332
15 0.6348958333333333 0.49 0.017708333333333333 0.02
15 0.6294270833333333 0.49 0.0140625 0.018333333333333333