15 0.38984375 0.46041666666666664 0.0109375 0.009166666666666667
15 0.44036458333333334 0.46125 0.009895833333333333 0.010833333333333334
15 0.4890625 0.44 0.0010416666666666667 0.005
15 0.46328125 0.46125 0.0109375 0.015833333333333335
15 0.44921875 0.4608333333333333 0.009895833333333333 0.008333333333333333
15 0.43828125 0.47625 0.013020833333333334 0.015833333333333335
15 0.490625 0.46208333333333335 0.0125 0.015833333333333335
15 0.48385416666666664 0.46125 0.010416666666666666 0.0125
15 0.5059895833333333 0.46125 0.009895833333333333 0.009166666666666667
15 0.4786458333333333 0.48333333333333334 0.025 0.015
15 0.5046875 0.49666666666666665 0.026041666666666668 0.035
11 0.6559895833333333 0.44583333333333336 0.17864583333333334 0.11
2 0.75625 0.445 0.06770833333333333 0.056666666666666664
6 0.5315104166666667 0.405 0.0828125 0.058333333333333334
4 0.98203125 0.4795833333333333 0.0359375 0.08416666666666667
3 0.209375 0.6654166666666667 0.16875 0.1725
0 0.3625 0.5708333333333333 0.07604166666666666 0.085
4 0.31927083333333334 0.54625 0.0875 0.0875
0 0.19270833333333334 0.6033333333333334 0.1 0.09833333333333333
2 0.03723958333333333 0.7729166666666667 0.07447916666666667 0.2175
5 0.20729166666666668 0.5041666666666667 0.10625 0.08
4 0.13880208333333333 0.5275 0.0578125 0.04666666666666667
2 0.0140625 0.61 0.028125 0.09666666666666666