2 0.39817708333333335 0.5525 0.09114583333333333 0.09166666666666666
4 0.2903645833333333 0.5675 0.1046875 0.09833333333333333
4 0.13828125 0.65875 0.14322916666666666 0.1325
3 0.015364583333333333 0.7908333333333334 0.030729166666666665 0.26
15 0.73046875 0.5129166666666667 0.025520833333333333 0.0225
15 0.6963541666666667 0.4970833333333333 0.023958333333333335 0.0225
15 0.6869791666666667 0.49833333333333335 0.025 0.02
15 0.6330729166666667 0.4979166666666667 0.016145833333333335 0.0225
15 0.62265625 0.5716666666666667 0.04010416666666667 0.025
13 0.5703125 0.5508333333333333 0.053125 0.04666666666666667
15 0.5348958333333333 0.5345833333333333 0.030208333333333334 0.019166666666666665
13 0.5736979166666667 0.5283333333333333 0.0296875 0.018333333333333333
4 0.6411458333333333 0.4295833333333333 0.051041666666666666 0.019166666666666665
2 0.16692708333333334 0.5391666666666667 0.10052083333333334 0.08
2 0.007291666666666667 0.6329166666666667 0.014583333333333334 0.06416666666666666