4 0.13958333333333334 0.7141666666666666 0.19895833333333332 0.19166666666666668
4 0.3575520833333333 0.57375 0.10572916666666667 0.10916666666666666
2 0.3307291666666667 0.5429166666666667 0.07916666666666666 0.08083333333333333
4 0.14296875 0.5554166666666667 0.0453125 0.024166666666666666
2 0.21458333333333332 0.5095833333333334 0.078125 0.06416666666666666
6 0.146875 0.5095833333333334 0.09895833333333333 0.07916666666666666
15 0.7580729166666667 0.6104166666666667 0.03177083333333333 0.049166666666666664
15 0.60859375 0.6020833333333333 0.04114583333333333 0.0325
15 0.5799479166666667 0.5341666666666667 0.034895833333333334 0.03166666666666667
15 0.55390625 0.5120833333333333 0.024479166666666666 0.020833333333333332
15 0.5002604166666667 0.49 0.0109375 0.02
11 0.7494791666666667 0.46208333333333335 0.234375 0.1375
2 1.0 0.4479166666666667 0.0 0.07416666666666667
6 0.10520833333333333 0.8229166666666666 0.21041666666666667 0.3025