3 0.39609375 0.5583333333333333 0.10677083333333333 0.105
2 0.30520833333333336 0.57 0.09479166666666666 0.09
3 0.21666666666666667 0.66375 0.165625 0.16416666666666666
2 0.0953125 0.69 0.12708333333333333 0.13333333333333333
2 0.021614583333333333 0.845 0.043229166666666666 0.22
1 0.17109375 0.5366666666666666 0.07239583333333334 0.06333333333333334
4 0.016927083333333332 0.6329166666666667 0.033854166666666664 0.08916666666666667
2 0.45208333333333334 0.6925 0.15416666666666667 0.155
13 0.6721354166666667 0.6316666666666667 0.0609375 0.06
15 0.35859375 0.4529166666666667 0.022395833333333334 0.015833333333333335
15 0.4440104166666667 0.47583333333333333 0.009895833333333333 0.015
15 0.39921875 0.44666666666666666 0.009895833333333333 0.018333333333333333
15 0.46848958333333335 0.46166666666666667 0.009895833333333333 0.015
2 0.6697916666666667 0.46708333333333335 0.05520833333333333 0.05583333333333333