2 0.8484375 0.5291666666666667 0.21145833333333333 0.12833333333333333
2 0.58671875 0.5204166666666666 0.16197916666666667 0.12583333333333332
4 0.9520833333333333 0.4404166666666667 0.09583333333333334 0.11083333333333334
2 0.7703125 0.4508333333333333 0.1625 0.07666666666666666
4 0.5026041666666666 0.44375 0.15 0.1075
13 0.3263020833333333 0.46541666666666665 0.07239583333333334 0.0575
2 0.8578125 0.36125 0.11041666666666666 0.059166666666666666
2 0.69375 0.34708333333333335 0.11875 0.07916666666666666
13 0.5583333333333333 0.3545833333333333 0.05416666666666667 0.04583333333333333
2 0.4166666666666667 0.36666666666666664 0.12291666666666666 0.09
2 0.7861979166666667 0.30833333333333335 0.10572916666666667 0.065
0 0.61328125 0.3229166666666667 0.07760416666666667 0.0625
2 0.46328125 0.3283333333333333 0.0921875 0.07166666666666667
2 0.8065104166666667 0.27125 0.04635416666666667 0.049166666666666664