15 0.5752604166666667 0.5491666666666667 0.027604166666666666 0.03
15 0.5432291666666667 0.5275 0.020833333333333332 0.023333333333333334
15 0.5833333333333334 0.5120833333333333 0.021875 0.015833333333333335
15 0.6234375 0.4975 0.020833333333333332 0.011666666666666667
15 0.7958333333333333 0.625 0.042708333333333334 0.04
4 0.29635416666666664 0.5583333333333333 0.09166666666666666 0.09166666666666666
5 0.20989583333333334 0.5054166666666666 0.06979166666666667 0.0575
2 0.22369791666666666 0.6608333333333334 0.14427083333333332 0.145
4 0.37265625 0.5608333333333333 0.0890625 0.09666666666666666
6 0.8161458333333333 0.405 0.07291666666666667 0.045
2 0.6692708333333334 0.4220833333333333 0.065625 0.0425
6 0.9044270833333333 0.4091666666666667 0.10260416666666666 0.056666666666666664