2 1.0 0.7441666666666666 0.0 0.14333333333333334
2 1.0 0.6645833333333333 0.0 0.0975
2 0.9901041666666667 0.7341666666666666 0.019791666666666666 0.11333333333333333
2 0.9776041666666667 0.6570833333333334 0.04479166666666667 0.10083333333333333
4 0.79375 0.7429166666666667 0.196875 0.13916666666666666
2 0.8432291666666667 0.6570833333333334 0.16354166666666667 0.0975
2 0.8083333333333333 0.5629166666666666 0.11458333333333333 0.0675
2 0.78515625 0.53375 0.0890625 0.04083333333333333
6 0.6080729166666666 0.6395833333333333 0.1578125 0.11083333333333334
3 0.62421875 0.5633333333333334 0.11927083333333334 0.08166666666666667
0 0.6609375 0.5345833333333333 0.065625 0.04583333333333333
6 0.6619791666666667 0.5041666666666667 0.096875 0.058333333333333334
2 0.521875 0.54 0.10208333333333333 0.07
0 0.47552083333333334 0.7379166666666667 0.13333333333333333 0.13416666666666666
4 0.39114583333333336 0.6466666666666666 0.14166666666666666 0.11333333333333333
0 0.44973958333333336 0.5725 0.08177083333333333 0.075
2 0.3455729166666667 0.555 0.0984375 0.045
4 0.24869791666666666 0.7329166666666667 0.2109375 0.14916666666666667
2 0.06796875 0.7379166666666667 0.1359375 0.12416666666666666
2 0.15703125 0.64875 0.16927083333333334 0.1025
2 0.1765625 0.5566666666666666 0.12916666666666668 0.07333333333333333
2 0.00859375 0.65125 0.0171875 0.10416666666666667
0 0.28802083333333334 0.58375 0.09479166666666666 0.0725
4 0.0875 0.5879166666666666 0.13229166666666667 0.09083333333333334
13 0.05260416666666667 0.5408333333333334 0.03125 0.03166666666666667