11 0.5322916666666667 0.46041666666666664 0.14895833333333333 0.10583333333333333
2 0.30052083333333335 0.61625 0.090625 0.1025
4 0.11432291666666666 0.6695833333333333 0.18072916666666666 0.17083333333333334
2 0.35208333333333336 0.44708333333333333 0.03958333333333333 0.0375
2 0.2825520833333333 0.46958333333333335 0.04739583333333333 0.024166666666666666
2 0.13854166666666667 0.5283333333333333 0.03125 0.02
2 0.15052083333333333 0.5575 0.059375 0.03666666666666667
15 0.484375 0.7395833333333334 0.015625 0.0325
15 0.54921875 0.74875 0.0015625 0.010833333333333334
15 0.9278645833333333 0.41833333333333333 0.034895833333333334 0.016666666666666666
15 0.8536458333333333 0.41583333333333333 0.016666666666666666 0.013333333333333334
15 0.8955729166666667 0.4116666666666667 0.016145833333333335 0.008333333333333333