4 0.36041666666666666 0.57625 0.09479166666666666 0.10416666666666667
2 0.27786458333333336 0.5795833333333333 0.10364583333333334 0.10083333333333333
2 0.23828125 0.6579166666666667 0.1296875 0.13583333333333333
5 0.1015625 0.6770833333333334 0.1875 0.16583333333333333
2 0.06536458333333334 0.8095833333333333 0.13072916666666667 0.2475
15 0.5513020833333333 0.6666666666666666 0.05260416666666667 0.035
15 0.6130208333333333 0.4979166666666667 0.023958333333333335 0.0225
15 0.55703125 0.48291666666666666 0.019270833333333334 0.015833333333333335
15 0.68359375 0.49666666666666665 0.0234375 0.021666666666666667
15 0.775 0.5045833333333334 0.013541666666666667 0.015833333333333335
2 0.16041666666666668 0.535 0.10625 0.08166666666666667
2 0.01640625 0.6341666666666667 0.0328125 0.1