2 0.36276041666666664 0.5829166666666666 0.10260416666666666 0.10083333333333333
2 0.29583333333333334 0.5658333333333333 0.10104166666666667 0.09666666666666666
4 0.19348958333333333 0.52375 0.08802083333333334 0.0675
2 0.13854166666666667 0.5304166666666666 0.04375 0.0425
2 0.20677083333333332 0.6866666666666666 0.14583333333333334 0.15333333333333332
4 0.09557291666666666 0.6783333333333333 0.15989583333333332 0.15333333333333332
15 0.5421875 0.5345833333333333 0.027083333333333334 0.024166666666666666
15 0.57734375 0.51375 0.018229166666666668 0.020833333333333332
15 0.6130208333333333 0.49 0.014583333333333334 0.016666666666666666
15 0.6098958333333333 0.5195833333333333 0.026041666666666668 0.025833333333333333
15 0.6622395833333333 0.5170833333333333 0.034895833333333334 0.029166666666666667