4 0.7755208333333333 0.47125 0.059375 0.019166666666666665
11 0.9026041666666667 0.7108333333333333 0.19479166666666667 0.24166666666666667
0 0.6869791666666667 0.7295833333333334 0.14166666666666666 0.11916666666666667
4 0.4828125 0.7358333333333333 0.16875 0.13333333333333333
2 0.5518229166666667 0.6570833333333334 0.1453125 0.1025
2 0.21041666666666667 0.7408333333333333 0.20208333333333334 0.13333333333333333
5 0.09088541666666666 0.6204166666666666 0.18177083333333333 0.12916666666666668
6 0.8958333333333334 0.545 0.1625 0.085
4 0.74765625 0.5633333333333334 0.10052083333333334 0.07166666666666667
2 0.5765625 0.5733333333333334 0.10104166666666667 0.07666666666666666
2 0.40963541666666664 0.5758333333333333 0.11510416666666666 0.08
2 0.60625 0.535 0.09166666666666666 0.058333333333333334
3 0.47317708333333336 0.5354166666666667 0.0796875 0.059166666666666666
2 0.3572916666666667 0.545 0.09375 0.07
5 0.18671875 0.5375 0.14635416666666667 0.08
2 0.23333333333333334 0.58 0.12291666666666666 0.07666666666666666
2 0.74765625 0.53 0.08177083333333333 0.035