11 0.8854166666666666 0.4866666666666667 0.22916666666666666 0.21166666666666667
2 0.88046875 0.34125 0.1265625 0.0775
6 0.8473958333333333 0.2941666666666667 0.13854166666666667 0.085
2 0.6848958333333334 0.3570833333333333 0.12916666666666668 0.08416666666666667
4 0.6606770833333333 0.31 0.11614583333333334 0.08333333333333333
4 0.5265625 0.35791666666666666 0.115625 0.08916666666666667
4 0.5932291666666667 0.5333333333333333 0.1875 0.13166666666666665
6 0.25494791666666666 0.4725 0.29739583333333336 0.21333333333333335
13 0.41171875 0.35375 0.04635416666666667 0.04083333333333333
13 0.9598958333333333 0.6545833333333333 0.08020833333333334 0.12083333333333333
13 0.04765625 0.38083333333333336 0.07864583333333333 0.04