4 0.2708333333333333 0.6304166666666666 0.13645833333333332 0.1325
3 0.14817708333333332 0.6529166666666667 0.16510416666666666 0.15583333333333332
2 0.30755208333333334 0.5566666666666666 0.0921875 0.08833333333333333
2 0.3966145833333333 0.5591666666666667 0.09010416666666667 0.09333333333333334
2 0.18307291666666667 0.5304166666666666 0.0890625 0.07416666666666667
2 0.0 0.7175 0.0 0.165
2 0.0 0.6375 0.0 0.10833333333333334
15 0.5440104166666667 0.51875 0.0328125 0.019166666666666665
15 0.590625 0.52 0.030208333333333334 0.02666666666666667
15 0.6588541666666666 0.4816666666666667 0.021875 0.013333333333333334
2 0.521875 0.43333333333333335 0.05416666666666667 0.015
2 0.8497395833333333 0.4395833333333333 0.06614583333333333 0.03916666666666667
2 0.95078125 0.6033333333333334 0.0984375 0.09