2 0.40546875 0.54875 0.08489583333333334 0.08916666666666667
0 0.29661458333333335 0.615 0.09322916666666667 0.105
2 0.34140625 0.5408333333333334 0.08697916666666666 0.08333333333333333
3 0.18984375 0.6216666666666667 0.14947916666666666 0.14
2 0.015885416666666666 0.7970833333333334 0.03177083333333333 0.2125
2 0.6635416666666667 0.6325 0.14166666666666666 0.105
15 0.6153645833333333 0.5125 0.013020833333333334 0.018333333333333333
15 0.6359375 0.49 0.027083333333333334 0.018333333333333333
2 0.2109375 0.5125 0.07916666666666666 0.06833333333333333
2 0.01328125 0.6125 0.0265625 0.10833333333333334
2 0.0 0.6829166666666666 0.0 0.13416666666666666
2 0.13932291666666666 0.5383333333333333 0.0453125 0.021666666666666667