3 0.39765625 0.5583333333333333 0.10885416666666667 0.10333333333333333
2 0.30520833333333336 0.57125 0.09479166666666666 0.09083333333333334
3 0.21588541666666666 0.6641666666666667 0.16510416666666666 0.165
2 0.021875 0.8445833333333334 0.04375 0.21916666666666668
2 0.09583333333333334 0.6929166666666666 0.12916666666666668 0.13583333333333333
1 0.17083333333333334 0.5358333333333334 0.071875 0.06333333333333334
4 0.016666666666666666 0.6325 0.03333333333333333 0.09333333333333334
2 0.9080729166666667 0.5675 0.14010416666666667 0.095
15 0.68828125 0.6066666666666667 0.034895833333333334 0.04
15 0.6158854166666666 0.5570833333333334 0.022395833333333334 0.020833333333333332
15 0.51953125 0.5125 0.021354166666666667 0.025
15 0.45390625 0.44708333333333333 0.009895833333333333 0.010833333333333334
15 0.4479166666666667 0.45416666666666666 0.01875 0.01
15 0.6231770833333333 0.5895833333333333 0.0421875 0.0425