2 0.3416666666666667 0.58875 0.10729166666666666 0.1175
4 0.29583333333333334 0.5683333333333334 0.09791666666666667 0.095
2 0.134375 0.73125 0.175 0.18083333333333335
4 0.13541666666666666 0.6633333333333333 0.14270833333333333 0.13
2 0.0033854166666666668 0.81125 0.0067708333333333336 0.2075
4 1.0 0.7391666666666666 0.0 0.24166666666666667
2 0.9703125 0.59375 0.059375 0.11416666666666667
2 0.6752604166666667 0.67125 0.16822916666666668 0.14583333333333334
4 0.24192708333333332 0.5066666666666667 0.0703125 0.06166666666666667
2 0.1671875 0.5225 0.08229166666666667 0.07
2 0.0 0.6833333333333333 0.0 0.08833333333333333
2 0.0 0.6329166666666667 0.0 0.09916666666666667
2 0.0 0.8529166666666667 0.0 0.22583333333333333
2 0.0 0.77375 0.0 0.18416666666666667
2 0.0 0.9966666666666667 0.0 0.006666666666666667
2 0.0 0.9641666666666666 0.0 0.07166666666666667
2 0.0 1.0 0.0 0.0
2 0.5 0.5 1.0 1.0
2 0.0 0.62625 0.0 0.04583333333333333
15 1.0 0.7066666666666667 0.0 0.065
15 0.9731770833333333 0.7433333333333333 0.05364583333333333 0.08333333333333333
15 0.6846354166666667 0.4979166666666667 0.0234375 0.020833333333333332
2 1.0 0.4379166666666667 0.0 0.03916666666666667
2 1.0 0.4691666666666667 0.0 0.07
2 1.0 0.47625 0.0 0.08083333333333333
2 1.0 0.515 0.0 0.06666666666666667
2 1.0 0.5395833333333333 0.0 0.1575