11 0.8846354166666667 0.49041666666666667 0.23072916666666668 0.2525
4 0.8236979166666667 0.4275 0.1234375 0.09
2 0.8799479166666667 0.3416666666666667 0.12239583333333333 0.08333333333333333
6 0.84609375 0.2941666666666667 0.1359375 0.09
2 0.6848958333333334 0.35541666666666666 0.128125 0.08416666666666667
4 0.66015625 0.31166666666666665 0.11614583333333334 0.08
4 0.5265625 0.35791666666666666 0.115625 0.08916666666666667
13 0.4119791666666667 0.35333333333333333 0.04791666666666667 0.043333333333333335
2 0.5919270833333333 0.5329166666666667 0.1890625 0.1475
2 0.6263020833333334 0.43875 0.15572916666666667 0.12083333333333333
6 0.2526041666666667 0.47541666666666665 0.296875 0.2175
2 0.04140625 0.5283333333333333 0.0828125 0.125
4 0.69296875 0.2579166666666667 0.0578125 0.0075