2 0.8450520833333334 0.3125 0.10052083333333334 0.06166666666666667
3 0.70859375 0.31708333333333333 0.11510416666666666 0.08083333333333333
2 0.5630208333333333 0.3304166666666667 0.09895833333333333 0.07083333333333333
3 0.41484375 0.3179166666666667 0.10885416666666667 0.0825
0 0.253125 0.33666666666666667 0.10833333333333334 0.08166666666666667
3 0.06380208333333333 0.33958333333333335 0.12760416666666666 0.08083333333333333
2 0.9578125 0.35625 0.052083333333333336 0.025833333333333333
0 0.825 0.34708333333333335 0.103125 0.0725
2 0.64140625 0.3670833333333333 0.12135416666666667 0.08416666666666667
2 0.4171875 0.37125 0.14375 0.09083333333333334
4 0.23776041666666667 0.37416666666666665 0.13385416666666666 0.09
2 0.07473958333333333 0.3904166666666667 0.14947916666666666 0.08416666666666667
2 0.0 0.38875 0.0 0.08416666666666667
2 0.9776041666666667 0.52875 0.04479166666666667 0.12583333333333332