4 0.6403645833333333 0.41583333333333333 0.04010416666666667 0.04
4 0.70078125 0.4170833333333333 0.04739583333333333 0.0475
4 0.48333333333333334 0.45125 0.03958333333333333 0.0525
0 0.43125 0.5466666666666666 0.059375 0.04833333333333333
2 0.3216145833333333 0.555 0.09322916666666667 0.08833333333333333
2 0.12916666666666668 0.72 0.17604166666666668 0.18
2 0.23307291666666666 0.77625 0.13489583333333333 0.13083333333333333
2 0.30625 0.4575 0.046875 0.045
2 0.2140625 0.51625 0.08229166666666667 0.0675
15 0.7091145833333333 0.4970833333333333 0.027604166666666666 0.025833333333333333
15 0.6127604166666667 0.6633333333333333 0.050520833333333334 0.05
2 0.0 0.7095833333333333 0.0 0.15583333333333332
4 0.0 0.9725 0.0 0.055
0 0.0 1.0 0.0 0.0