2 1.0 0.8545833333333334 0.0 0.2375
13 0.93046875 0.7779166666666667 0.1390625 0.1375
3 0.6763020833333333 0.5166666666666667 0.20572916666666666 0.14833333333333334
4 0.48359375 0.44166666666666665 0.14322916666666666 0.10833333333333334
2 0.24010416666666667 0.5216666666666666 0.18854166666666666 0.13166666666666665
2 0.16927083333333334 0.44416666666666665 0.16458333333333333 0.10333333333333333
2 0.0140625 0.5158333333333334 0.028125 0.13166666666666665
2 0.010416666666666666 0.44708333333333333 0.020833333333333332 0.10083333333333333
2 0.043229166666666666 0.3804166666666667 0.08645833333333333 0.0875
2 0.25104166666666666 0.37416666666666665 0.13958333333333334 0.09166666666666666
4 0.48489583333333336 0.36291666666666667 0.11354166666666667 0.08583333333333333
2 0.7872395833333333 0.4554166666666667 0.17760416666666667 0.10416666666666667
4 0.7622395833333333 0.30625 0.1078125 0.0675
0 0.7109375 0.35583333333333333 0.103125 0.075
2 0.5934895833333333 0.325 0.1078125 0.07833333333333334
2 0.4153645833333333 0.33166666666666667 0.0765625 0.07333333333333333
2 0.14765625 0.3425 0.12447916666666667 0.07666666666666666
2 0.9036458333333334 0.35083333333333333 0.11041666666666666 0.06166666666666667
2 0.7083333333333334 0.25625 0.059375 0.005833333333333334