4 0.3567708333333333 0.57625 0.0875 0.09583333333333334
3 0.3109375 0.55625 0.10416666666666667 0.09583333333333334
4 0.08359375 0.6916666666666667 0.1671875 0.15833333333333333
2 0.18541666666666667 0.5258333333333334 0.07083333333333333 0.06333333333333334
4 0.01484375 0.6083333333333333 0.0296875 0.07166666666666667
4 0.9111979166666667 0.43583333333333335 0.0890625 0.05333333333333334
0 1.0 0.44416666666666665 0.0 0.04666666666666667
15 0.48671875 0.6366666666666667 0.0359375 0.04
15 0.5575520833333333 0.5345833333333333 0.0265625 0.0225
15 0.5479166666666667 0.5483333333333333 0.030208333333333334 0.02
15 0.53125 0.5479166666666667 0.030208333333333334 0.0225
15 0.5481770833333334 0.5045833333333334 0.008854166666666666 0.010833333333333334
15 0.6020833333333333 0.49125 0.022916666666666665 0.020833333333333332
15 0.6471354166666666 0.49041666666666667 0.034895833333333334 0.0275
15 0.6614583333333334 0.4970833333333333 0.015625 0.024166666666666666
15 0.6536458333333334 0.49666666666666665 0.021875 0.02