15 0.6927083333333334 0.46625 0.01875 0.0125
15 0.69609375 0.4579166666666667 0.009895833333333333 0.010833333333333334
13 1.0 0.41625 0.0 0.014166666666666666
15 0.8583333333333333 0.41541666666666666 0.016666666666666666 0.009166666666666667
15 0.8505208333333333 0.41583333333333333 0.014583333333333334 0.01
15 0.7046875 0.48125 0.03229166666666667 0.029166666666666667
15 0.7028645833333333 0.4895833333333333 0.034895833333333334 0.024166666666666666
15 0.7184895833333333 0.49041666666666667 0.0390625 0.030833333333333334
2 0.97421875 0.4533333333333333 0.0515625 0.058333333333333334
2 0.6817708333333333 0.425 0.040625 0.018333333333333333
1 0.5856770833333333 0.42375 0.0421875 0.03916666666666667
4 0.5098958333333333 0.48125 0.06041666666666667 0.06416666666666666
4 0.3729166666666667 0.5754166666666667 0.09479166666666666 0.0975
5 0.36015625 0.5229166666666667 0.09947916666666666 0.08916666666666667
2 0.26067708333333334 0.77125 0.1296875 0.08916666666666667
5 0.33828125 0.45125 0.05572916666666667 0.0525
4 0.28098958333333335 0.4625 0.058854166666666666 0.04666666666666667
4 0.20390625 0.5183333333333333 0.07760416666666667 0.06666666666666667
2 0.01015625 0.5820833333333333 0.0203125 0.0525