3 0.7450520833333333 0.74 0.22552083333333334 0.21666666666666667
0 1.0 0.58125 0.0 0.1175
2 1.0 0.7079166666666666 0.0 0.21416666666666667
2 0.9940104166666667 0.44 0.011979166666666667 0.06333333333333334
2 1.0 0.46291666666666664 0.0 0.0375
13 0.3450520833333333 0.5320833333333334 0.0515625 0.04583333333333333
0 0.35390625 0.5808333333333333 0.0828125 0.09166666666666666
15 0.91484375 0.6816666666666666 0.05260416666666667 0.07166666666666667
15 0.6408854166666667 0.4970833333333333 0.015104166666666667 0.0275
4 0.17109375 0.5358333333333334 0.08489583333333334 0.04833333333333333
2 0.1265625 0.5366666666666666 0.017708333333333333 0.01
2 0.002864583333333333 0.6208333333333333 0.005729166666666666 0.09333333333333334
2 0.003125 0.6533333333333333 0.00625 0.11166666666666666
4 0.008333333333333333 0.5429166666666667 0.016666666666666666 0.08416666666666667
6 0.21510416666666668 0.4633333333333333 0.07916666666666666 0.05333333333333334