4 0.40598958333333335 0.54625 0.08177083333333333 0.09083333333333334
4 0.34088541666666666 0.54 0.08489583333333334 0.08333333333333333
1 0.16302083333333334 0.7066666666666667 0.134375 0.145
15 0.63515625 0.49083333333333334 0.0203125 0.02666666666666667
15 0.6161458333333333 0.5120833333333333 0.020833333333333332 0.019166666666666665
4 0.21067708333333332 0.50875 0.07447916666666667 0.0675
2 0.13828125 0.5375 0.04739583333333333 0.025
2 0.01171875 0.6116666666666667 0.0234375 0.10333333333333333
2 0.02578125 0.61625 0.011979166666666667 0.015833333333333335
11 0.65390625 0.39125 0.1296875 0.06583333333333333
2 0.8432291666666667 0.43291666666666667 0.09270833333333334 0.05583333333333333