3 0.40572916666666664 0.52 0.2 0.155
3 0.6825520833333333 0.5229166666666667 0.20989583333333334 0.15416666666666667
2 0.9158854166666667 0.5408333333333334 0.16822916666666668 0.125
2 0.9205729166666666 0.4508333333333333 0.15885416666666666 0.10333333333333333
6 0.044270833333333336 0.4216666666666667 0.08854166666666667 0.18166666666666667
1 0.0828125 0.38166666666666665 0.121875 0.085
4 0.18802083333333333 0.33416666666666667 0.140625 0.09166666666666666
2 0.3419270833333333 0.3458333333333333 0.10885416666666667 0.08666666666666667
2 0.4786458333333333 0.3279166666666667 0.10416666666666667 0.07083333333333333
2 0.6377604166666667 0.3233333333333333 0.1015625 0.06
4 0.76875 0.30625 0.1 0.06416666666666666
2 0.87265625 0.3125 0.08385416666666666 0.065
2 0.8950520833333333 0.345 0.12447916666666667 0.07333333333333333
2 0.7083333333333334 0.44583333333333336 0.17291666666666666 0.09666666666666666
1 0.41640625 0.44708333333333333 0.11510416666666666 0.09916666666666667
2 0.18984375 0.44416666666666665 0.16510416666666666 0.11
2 0.26171875 0.37833333333333335 0.14114583333333333 0.095
2 0.4674479166666667 0.36375 0.10885416666666667 0.08583333333333333
1 0.60625 0.36125 0.09479166666666666 0.07916666666666666
1 0.7309895833333333 0.35083333333333333 0.09739583333333333 0.07833333333333334
2 0.79609375 0.6454166666666666 0.25052083333333336 0.16416666666666666
2 0.23802083333333332 0.6245833333333334 0.24166666666666667 0.17083333333333334