5 0.41354166666666664 0.5379166666666667 0.09895833333333333 0.09916666666666667
2 0.24739583333333334 0.6516666666666666 0.128125 0.13333333333333333
2 0.075 0.8058333333333333 0.15 0.245
4 0.35625 0.5254166666666666 0.075 0.0725
13 0.30182291666666666 0.5675 0.058854166666666666 0.043333333333333335
2 0.08098958333333334 0.6995833333333333 0.16197916666666667 0.15916666666666668
2 0.353125 0.7454166666666666 0.16979166666666667 0.15416666666666667
12 0.240625 0.48791666666666667 0.11979166666666667 0.08916666666666667
2 0.15052083333333333 0.5466666666666666 0.08229166666666667 0.07
13 0.6739583333333333 0.49083333333333334 0.046875 0.03666666666666667
11 1.0 0.5908333333333333 0.0 0.32
13 0.8932291666666666 0.5158333333333334 0.057291666666666664 0.035
2 0.6966145833333334 0.43416666666666665 0.0703125 0.043333333333333335