4 0.3625 0.56375 0.10729166666666666 0.1125
2 0.28932291666666665 0.5658333333333333 0.10260416666666666 0.09333333333333334
6 0.19505208333333332 0.6529166666666667 0.1765625 0.1725
2 0.09921875 0.6958333333333333 0.049479166666666664 0.06
15 0.3497395833333333 0.43833333333333335 0.0234375 0.015
15 0.3921875 0.43833333333333335 0.016666666666666666 0.013333333333333334
15 0.5078125 0.5158333333333334 0.026041666666666668 0.028333333333333332
15 0.5442708333333334 0.50125 0.023958333333333335 0.019166666666666665
15 0.4864583333333333 0.4691666666666667 0.01875 0.013333333333333334
15 0.5127604166666667 0.46875 0.021354166666666667 0.015833333333333335
15 0.5197916666666667 0.48333333333333334 0.019791666666666666 0.013333333333333334
15 0.47239583333333335 0.47375 0.022916666666666665 0.0225
15 0.4934895833333333 0.455 0.019270833333333334 0.013333333333333334
6 0.9528645833333333 0.43291666666666667 0.09427083333333333 0.08083333333333333
2 1.0 0.81 0.0 0.24166666666666667
2 0.9486979166666667 0.5 0.10260416666666666 0.08833333333333333
4 0.7463541666666667 0.4575 0.08541666666666667 0.065
2 0.7794270833333333 0.44583333333333336 0.07447916666666667 0.05333333333333334
2 0.5942708333333333 0.435 0.05 0.04
6 0.7036458333333333 0.6283333333333333 0.18541666666666667 0.15166666666666667
15 0.5833333333333334 0.75125 0.0020833333333333333 0.014166666666666666
15 0.53125 0.7408333333333333 0.014583333333333334 0.03666666666666667