13 0.9286458333333333 0.7745833333333333 0.14270833333333333 0.1425
2 0.028125 0.5258333333333334 0.05625 0.11333333333333333
4 0.2643229166666667 0.5258333333333334 0.20572916666666666 0.13833333333333334
4 0.5830729166666667 0.5179166666666667 0.19947916666666668 0.15416666666666667
4 0.83359375 0.5291666666666667 0.18802083333333333 0.12166666666666667
2 0.9643229166666667 0.4475 0.07135416666666666 0.09333333333333334
4 0.6234375 0.44875 0.16979166666666667 0.1225
2 0.2643229166666667 0.4479166666666667 0.17239583333333333 0.10583333333333333
2 0.07083333333333333 0.44916666666666666 0.14166666666666666 0.10666666666666667
2 0.06484375 0.38208333333333333 0.1296875 0.08916666666666667
4 0.24609375 0.37375 0.13489583333333333 0.09416666666666666
2 0.45729166666666665 0.3725 0.121875 0.08833333333333333
2 0.6473958333333333 0.3545833333333333 0.12291666666666666 0.0825
4 0.7942708333333334 0.3541666666666667 0.10833333333333334 0.07666666666666666
2 0.9375 0.3425 0.11875 0.07
6 0.78046875 0.30666666666666664 0.1296875 0.08333333333333333
2 0.6078125 0.32416666666666666 0.09895833333333333 0.07
6 0.39895833333333336 0.31333333333333335 0.121875 0.09166666666666666
4 0.22239583333333332 0.32875 0.115625 0.07916666666666666
13 0.8739583333333333 0.42125 0.08645833333333333 0.059166666666666666
2 1.0 0.855 0.0 0.19833333333333333