15 0.45260416666666664 0.48375 0.023958333333333335 0.0275
15 0.48385416666666664 0.4683333333333333 0.021875 0.02
15 0.48932291666666666 0.4608333333333333 0.0140625 0.018333333333333333
15 0.5002604166666667 0.45458333333333334 0.019270833333333334 0.0225
15 0.496875 0.45416666666666666 0.021875 0.016666666666666666
15 0.42473958333333334 0.46041666666666664 0.0109375 0.014166666666666666
15 0.39765625 0.43166666666666664 0.013020833333333334 0.023333333333333334
4 0.30885416666666665 0.5583333333333333 0.09479166666666666 0.09166666666666666
4 0.39140625 0.5608333333333333 0.08489583333333334 0.08833333333333333
1 0.22421875 0.51125 0.0828125 0.0625
14 0.3763020833333333 0.44583333333333336 0.0203125 0.02
13 0.11484375 0.7433333333333333 0.10364583333333334 0.1
13 0.6778645833333333 0.49833333333333335 0.03697916666666667 0.03333333333333333
2 0.26145833333333335 0.6458333333333334 0.1375 0.145
2 0.10182291666666667 0.6783333333333333 0.1671875 0.14833333333333334
2 0.7953125 0.4725 0.09583333333333334 0.06666666666666667