0 0.36302083333333335 0.5695833333333333 0.07604166666666666 0.0875
15 0.8463541666666666 0.7108333333333333 0.021875 0.058333333333333334
15 0.6861979166666666 0.6454166666666666 0.028645833333333332 0.04083333333333333
15 0.6635416666666667 0.6129166666666667 0.04375 0.04583333333333333
15 0.6182291666666667 0.5666666666666667 0.042708333333333334 0.035
15 0.6033854166666667 0.57 0.043229166666666666 0.03666666666666667
15 0.6296875 0.55875 0.023958333333333335 0.019166666666666665
15 0.5854166666666667 0.5483333333333333 0.029166666666666667 0.02666666666666667
15 0.6122395833333333 0.52625 0.0234375 0.0225
15 0.5161458333333333 0.5625 0.03229166666666667 0.023333333333333334
15 0.5041666666666667 0.5408333333333334 0.028125 0.03166666666666667
15 0.4778645833333333 0.455 0.0234375 0.016666666666666666
15 0.46145833333333336 0.47541666666666665 0.0125 0.0175
15 0.6341145833333334 0.4975 0.011979166666666667 0.018333333333333333
3 0.20963541666666666 0.6683333333333333 0.16927083333333334 0.175
0 0.19296875 0.6033333333333334 0.1015625 0.09666666666666666
4 0.32005208333333335 0.5470833333333334 0.0890625 0.08416666666666667
0 0.006510416666666667 0.86125 0.013020833333333334 0.2325
2 0.03515625 0.7754166666666666 0.0703125 0.21583333333333332
5 0.20625 0.5016666666666667 0.10208333333333333 0.08
4 0.13828125 0.5270833333333333 0.0578125 0.0475
2 0.0140625 0.6083333333333333 0.028125 0.09666666666666666
4 0.9880208333333333 0.54625 0.023958333333333335 0.10583333333333333
4 0.9708333333333333 0.4945833333333333 0.058333333333333334 0.08916666666666667
2 0.7572916666666667 0.44625 0.08854166666666667 0.059166666666666666
9 0.98515625 0.42583333333333334 0.0296875 0.09666666666666666
13 0.92578125 0.44625 0.034895833333333334 0.019166666666666665
2 0.48359375 0.42333333333333334 0.043229166666666666 0.03833333333333333
4 0.93984375 0.59625 0.1203125 0.12416666666666666