4 0.4708333333333333 0.43333333333333335 0.05 0.011666666666666667
13 0.43463541666666666 0.54875 0.05364583333333333 0.04583333333333333
2 0.3578125 0.5720833333333334 0.08645833333333333 0.0825
2 0.3268229166666667 0.54375 0.08802083333333334 0.0875
4 0.18984375 0.6875 0.1671875 0.16833333333333333
6 0.11692708333333333 0.6416666666666667 0.18697916666666667 0.165
6 0.20807291666666666 0.49583333333333335 0.09427083333333333 0.075
15 0.67578125 0.5120833333333333 0.0171875 0.019166666666666665
15 0.6065104166666667 0.4975 0.015104166666666667 0.015
15 0.5984375 0.4979166666666667 0.016666666666666666 0.0175
15 0.7669270833333334 0.7495833333333334 0.024479166666666666 0.059166666666666666
15 0.7799479166666666 0.7829166666666667 0.013020833333333334 0.014166666666666666
2 0.80546875 0.4266666666666667 0.08177083333333333 0.04833333333333333
4 0.14453125 0.53 0.05572916666666667 0.02666666666666667
15 0.6231770833333333 0.5066666666666667 0.0234375 0.018333333333333333
15 0.6278645833333333 0.4975 0.0140625 0.015