9 0.3453125 0.5733333333333334 0.15833333333333333 0.14
5 0.10130208333333333 0.74125 0.20260416666666667 0.22416666666666665
2 0.053385416666666664 0.7370833333333333 0.10677083333333333 0.1825
4 0.22369791666666666 0.60625 0.1140625 0.10583333333333333
5 0.2015625 0.5175 0.09270833333333334 0.075
2 0.2825520833333333 0.4529166666666667 0.0515625 0.0375
2 0.6674479166666667 0.39875 0.0484375 0.034166666666666665
4 0.8122395833333333 0.4270833333333333 0.07552083333333333 0.050833333333333335
15 0.56171875 0.58 0.0328125 0.03333333333333333
15 0.58203125 0.5791666666666667 0.0296875 0.03166666666666667
15 0.5921875 0.5708333333333333 0.034375 0.03
15 0.64453125 0.5966666666666667 0.03802083333333333 0.03666666666666667
15 0.5432291666666667 0.5266666666666666 0.020833333333333332 0.015
15 0.521875 0.53375 0.030208333333333334 0.0225
15 0.5721354166666667 0.5358333333333334 0.030729166666666665 0.025
15 0.58046875 0.5266666666666666 0.0203125 0.018333333333333333
15 0.6427083333333333 0.5195833333333333 0.03125 0.024166666666666666
15 0.6330729166666667 0.52 0.030729166666666665 0.03
15 0.6182291666666667 0.5054166666666666 0.030208333333333334 0.015833333333333335
15 0.61484375 0.4820833333333333 0.015104166666666667 0.009166666666666667
15 0.5716145833333334 0.5045833333333334 0.0109375 0.015833333333333335