4 0.43984375 0.5170833333333333 0.0828125 0.08083333333333333
2 0.3385416666666667 0.5870833333333333 0.109375 0.11416666666666667
4 0.21692708333333333 0.5091666666666667 0.0796875 0.06666666666666667
5 0.13489583333333333 0.5445833333333333 0.042708333333333334 0.024166666666666666
4 0.16953125 0.5129166666666667 0.030729166666666665 0.0425
13 0.53203125 0.5470833333333334 0.0296875 0.034166666666666665
15 0.5557291666666667 0.52125 0.028125 0.025833333333333333
15 0.56875 0.51875 0.026041666666666668 0.020833333333333332
15 0.59375 0.5125 0.020833333333333332 0.02
15 0.9640625 0.735 0.04791666666666667 0.07333333333333333
2 0.55625 0.3954166666666667 0.029166666666666667 0.0275
4 0.6708333333333333 0.42083333333333334 0.035416666666666666 0.018333333333333333
11 0.9153645833333334 0.41125 0.16927083333333334 0.09083333333333334
2 0.01484375 0.6345833333333334 0.0296875 0.1025