15 0.81796875 0.4454166666666667 0.0296875 0.019166666666666665
15 0.7270833333333333 0.45708333333333334 0.0125 0.0125
15 0.7802083333333333 0.44666666666666666 0.03125 0.016666666666666666
0 0.6890625 0.41208333333333336 0.03958333333333333 0.035833333333333335
3 0.5786458333333333 0.45166666666666666 0.06354166666666666 0.056666666666666664
0 0.4700520833333333 0.4508333333333333 0.03697916666666667 0.043333333333333335
0 0.37916666666666665 0.5583333333333333 0.078125 0.09
2 0.25859375 0.5908333333333333 0.1171875 0.11666666666666667
13 0.43072916666666666 0.47708333333333336 0.026041666666666668 0.024166666666666666
2 0.32734375 0.46291666666666664 0.0515625 0.0375
2 0.29140625 0.45625 0.043229166666666666 0.0425
13 0.9283854166666666 0.4375 0.0390625 0.03
2 0.9953125 0.4633333333333333 0.009375 0.041666666666666664
9 0.9848958333333333 0.42583333333333334 0.030208333333333334 0.09666666666666666
2 0.9640625 0.425 0.029166666666666667 0.01
2 0.10885416666666667 0.7404166666666666 0.18854166666666666 0.18916666666666668
0 0.14453125 0.5554166666666667 0.05572916666666667 0.0375