2 0.29401041666666666 0.5654166666666667 0.10260416666666666 0.09416666666666666
2 0.34869791666666666 0.5870833333333333 0.0953125 0.10083333333333333
3 0.12265625 0.6595833333333333 0.1703125 0.1575
13 0.23932291666666666 0.645 0.07135416666666666 0.075
2 0.08567708333333333 0.76125 0.17135416666666667 0.20916666666666667
6 0.20442708333333334 0.5033333333333333 0.10052083333333334 0.08166666666666667
2 0.021354166666666667 0.6029166666666667 0.042708333333333334 0.1025
2 0.6888020833333334 0.445 0.0609375 0.051666666666666666
11 0.54375 0.42125 0.12708333333333333 0.08083333333333333
2 0.6518229166666667 0.43125 0.034895833333333334 0.030833333333333334
15 0.5322916666666667 0.45666666666666667 0.030208333333333334 0.025
15 0.5447916666666667 0.4633333333333333 0.022916666666666665 0.013333333333333334
15 0.5419270833333333 0.48083333333333333 0.0171875 0.023333333333333334
15 0.5200520833333333 0.4725 0.0265625 0.028333333333333332
15 0.4903645833333333 0.47375 0.022395833333333334 0.029166666666666667
15 0.48359375 0.48291666666666666 0.027604166666666666 0.0275
15 0.465625 0.4920833333333333 0.028125 0.025833333333333333
15 0.45859375 0.49666666666666665 0.024479166666666666 0.02
15 0.45651041666666664 0.5016666666666667 0.0390625 0.04
15 0.7122395833333334 0.50625 0.03697916666666667 0.025833333333333333
15 0.5096354166666667 0.4716666666666667 0.025520833333333333 0.02666666666666667