4 0.35651041666666666 0.5754166666666667 0.08802083333333334 0.09416666666666666
0 0.3104166666666667 0.5529166666666666 0.10208333333333333 0.09583333333333334
4 0.08411458333333334 0.695 0.16822916666666668 0.16166666666666665
2 0.18515625 0.5258333333333334 0.0703125 0.06333333333333334
2 0.7447916666666666 0.43291666666666667 0.071875 0.0475
2 0.63515625 0.43375 0.043229166666666666 0.0425
15 0.5489583333333333 0.5191666666666667 0.021875 0.018333333333333333
15 0.6049479166666667 0.49125 0.024479166666666666 0.0225
15 0.6494791666666667 0.49666666666666665 0.017708333333333333 0.018333333333333333
15 0.6567708333333333 0.4975 0.016666666666666666 0.02
15 0.6442708333333333 0.48875 0.023958333333333335 0.029166666666666667