0 0.8072916666666666 0.52125 0.15729166666666666 0.11916666666666667
4 0.9880208333333333 0.5283333333333333 0.023958333333333335 0.14
4 0.91015625 0.44208333333333333 0.1796875 0.10583333333333333
2 0.7067708333333333 0.45416666666666666 0.171875 0.105
4 0.5705729166666667 0.5133333333333333 0.16822916666666668 0.12333333333333334
4 0.3932291666666667 0.445 0.14270833333333333 0.11333333333333333
4 0.30833333333333335 0.5141666666666667 0.20520833333333333 0.145
2 0.025260416666666667 0.46 0.050520833333333334 0.10833333333333334
2 0.74375 0.34958333333333336 0.12708333333333333 0.0825
0 0.92734375 0.33916666666666667 0.12135416666666667 0.07
2 0.58515625 0.36083333333333334 0.11822916666666666 0.08666666666666667
0 0.36692708333333335 0.36541666666666667 0.09427083333333333 0.0775
4 0.20390625 0.37333333333333335 0.1265625 0.08666666666666667
2 0.058854166666666666 0.38625 0.11770833333333333 0.09083333333333334
2 0.8109375 0.32 0.1 0.051666666666666666
4 0.6625 0.32 0.10520833333333333 0.065
4 0.5135416666666667 0.3275 0.10833333333333334 0.08333333333333333
4 0.3385416666666667 0.33208333333333334 0.11145833333333334 0.08083333333333333
2 0.17265625 0.3475 0.13072916666666667 0.06333333333333334
2 0.03567708333333333 0.345 0.07135416666666666 0.08333333333333333