2 0.9161458333333333 0.5391666666666667 0.16770833333333332 0.12166666666666667
2 0.9065104166666667 0.45125 0.18385416666666668 0.1025
2 0.8947916666666667 0.3458333333333333 0.12395833333333334 0.07
2 0.87421875 0.31083333333333335 0.08385416666666666 0.06333333333333334
4 0.7682291666666666 0.30583333333333335 0.09895833333333333 0.065
1 0.73125 0.35208333333333336 0.096875 0.07583333333333334
1 0.6057291666666667 0.36291666666666667 0.09270833333333334 0.07583333333333334
2 0.6372395833333333 0.3225 0.10260416666666666 0.06166666666666667
2 0.4669270833333333 0.36333333333333334 0.1078125 0.085
2 0.4778645833333333 0.3275 0.10364583333333334 0.07
2 0.34296875 0.345 0.10572916666666667 0.08333333333333333
3 0.18489583333333334 0.33416666666666667 0.146875 0.09166666666666666
2 0.26197916666666665 0.37916666666666665 0.140625 0.09166666666666666
1 0.0828125 0.38166666666666665 0.12083333333333333 0.085
2 0.037760416666666664 0.3304166666666667 0.07552083333333333 0.060833333333333336
9 0.04348958333333333 0.4191666666666667 0.08697916666666666 0.17166666666666666
2 0.18984375 0.44375 0.16510416666666666 0.10916666666666666
1 0.41770833333333335 0.44708333333333333 0.115625 0.09916666666666667
2 0.6614583333333334 0.44625 0.15729166666666666 0.10583333333333333