15 0.74609375 0.5041666666666667 0.015104166666666667 0.016666666666666666
15 0.5361979166666667 0.5483333333333333 0.0328125 0.028333333333333332
15 0.69609375 0.62875 0.0359375 0.034166666666666665
15 0.5692708333333333 0.5625 0.029166666666666667 0.03
15 0.5830729166666667 0.6241666666666666 0.0390625 0.043333333333333335
15 0.5864583333333333 0.4970833333333333 0.026041666666666668 0.0225
15 0.49895833333333334 0.45458333333333334 0.020833333333333332 0.0175
4 0.2796875 0.5691666666666667 0.09270833333333334 0.09333333333333334
4 0.09817708333333333 0.6779166666666666 0.15572916666666667 0.14416666666666667
4 0.18125 0.6966666666666667 0.14583333333333334 0.15333333333333332
4 0.93515625 0.5995833333333334 0.1296875 0.09916666666666667
4 0.7236979166666667 0.4716666666666667 0.0890625 0.07
4 0.21536458333333333 0.5108333333333334 0.08802083333333334 0.07166666666666667
2 0.35130208333333335 0.5891666666666666 0.1015625 0.105
2 0.12708333333333333 0.5383333333333333 0.030208333333333334 0.03333333333333333
2 0.7263020833333333 0.43916666666666665 0.07552083333333333 0.05333333333333334
2 1.0 0.4175 0.0 0.04833333333333333