15 1.0 0.7675 0.0 0.10166666666666667
4 0.94765625 0.585 0.1046875 0.09666666666666666
5 0.23802083333333332 0.7829166666666667 0.1625 0.16583333333333333
4 0.26901041666666664 0.5820833333333333 0.10052083333333334 0.0975
2 0.1984375 0.5229166666666667 0.06354166666666666 0.05416666666666667
2 0.009895833333333333 0.6033333333333334 0.019791666666666666 0.021666666666666667
2 0.020833333333333332 0.6079166666666667 0.035416666666666666 0.05416666666666667
2 0.26614583333333336 0.47208333333333335 0.04895833333333333 0.03916666666666667
4 0.0 0.5608333333333333 0.0 0.07166666666666667
11 0.23463541666666668 0.4370833333333333 0.14010416666666667 0.0725
4 0.38776041666666666 0.4175 0.050520833333333334 0.03833333333333333
2 0.3653645833333333 0.415 0.0265625 0.018333333333333333
2 1.0 0.5504166666666667 0.0 0.10083333333333333
4 0.70078125 0.4533333333333333 0.043229166666666666 0.02
15 0.6419270833333334 0.4975 0.0203125 0.021666666666666667
15 0.6114583333333333 0.5075 0.03333333333333333 0.023333333333333334