15 0.6653645833333334 0.48375 0.024479166666666666 0.0225
2 1.0 0.46625 0.0 0.0675
11 0.6877604166666667 0.4508333333333333 0.19739583333333333 0.115
2 0.9377604166666667 0.4975 0.12447916666666667 0.09
4 0.35078125 0.57875 0.09427083333333333 0.09916666666666667
4 0.18854166666666666 0.6920833333333334 0.16770833333333332 0.16916666666666666
2 0.015104166666666667 0.86375 0.030208333333333334 0.23416666666666666
2 0.18880208333333334 0.63375 0.13177083333333334 0.1225
2 0.3359375 0.5475 0.0875 0.08166666666666667
2 0.027083333333333334 0.7754166666666666 0.05416666666666667 0.20416666666666666
3 0.19427083333333334 0.5183333333333333 0.09791666666666667 0.07833333333333334
3 0.019010416666666665 0.61 0.03802083333333333 0.08
2 0.13776041666666666 0.5379166666666667 0.04114583333333333 0.0225
15 0.5260416666666666 0.5166666666666667 0.034375 0.015
15 0.4427083333333333 0.44666666666666666 0.010416666666666666 0.011666666666666667