3 0.3458333333333333 0.5295833333333333 0.08854166666666667 0.0925
4 0.3703125 0.5654166666666667 0.09270833333333334 0.09583333333333334
4 0.17760416666666667 0.7920833333333334 0.14270833333333333 0.1125
15 0.453125 0.7395833333333334 0.017708333333333333 0.0325
2 0.21822916666666667 0.49166666666666664 0.06770833333333333 0.04833333333333333
4 0.21432291666666667 0.5141666666666667 0.0828125 0.065
6 0.07526041666666666 0.5854166666666667 0.14010416666666667 0.10083333333333333
2 0.14869791666666668 0.5366666666666666 0.043229166666666666 0.021666666666666667
2 0.72890625 0.47125 0.0765625 0.060833333333333336
4 0.17135416666666667 0.485 0.065625 0.051666666666666666
2 0.21354166666666666 0.46125 0.057291666666666664 0.04416666666666667