2 0.3294270833333333 0.5504166666666667 0.09114583333333333 0.08416666666666667
4 0.3580729166666667 0.57625 0.08177083333333333 0.09083333333333334
3 0.17994791666666668 0.6320833333333333 0.1515625 0.14583333333333334
2 0.18203125 0.52875 0.09114583333333333 0.07416666666666667
2 0.14322916666666666 0.5279166666666667 0.075 0.06416666666666666
2 0.015885416666666666 0.6208333333333333 0.03177083333333333 0.025
2 0.004166666666666667 0.5904166666666667 0.008333333333333333 0.0675
15 0.5059895833333333 0.53375 0.033854166666666664 0.024166666666666666
13 0.5510416666666667 0.5416666666666666 0.029166666666666667 0.03166666666666667
15 0.5848958333333333 0.51625 0.030208333333333334 0.014166666666666666
5 0.2890625 0.44583333333333336 0.06666666666666667 0.04833333333333333
4 0.6830729166666667 0.4508333333333333 0.059895833333333336 0.056666666666666664