4 0.40625 0.54875 0.08333333333333333 0.0875
4 0.34140625 0.5420833333333334 0.08697916666666666 0.08416666666666667
0 0.29739583333333336 0.6179166666666667 0.09479166666666666 0.1075
3 0.1890625 0.6233333333333333 0.15104166666666666 0.14
2 0.09140625 0.7691666666666667 0.1828125 0.21333333333333335
2 0.015625 0.7979166666666667 0.03125 0.21083333333333334
15 0.36432291666666666 0.625 0.07552083333333333 0.085
15 0.45807291666666666 0.46875 0.019270833333333334 0.0225
15 0.5263020833333333 0.5120833333333333 0.021354166666666667 0.014166666666666666
15 0.7346354166666667 0.4975 0.025520833333333333 0.023333333333333334
4 0.21171875 0.5129166666666667 0.07760416666666667 0.0675
2 0.13880208333333333 0.5383333333333333 0.044270833333333336 0.021666666666666667
2 0.0 0.6841666666666667 0.0 0.13166666666666665
4 0.6734375 0.4766666666666667 0.06770833333333333 0.04833333333333333