6 0.99375 0.5091666666666667 0.0125 0.16
3 0.8825520833333333 0.5225 0.23489583333333333 0.15833333333333333
2 0.653125 0.5204166666666666 0.17604166666666668 0.1275
2 0.87734375 0.34708333333333335 0.12760416666666666 0.07416666666666667
2 0.73125 0.35375 0.121875 0.07583333333333334
2 0.8330729166666667 0.31125 0.1078125 0.06916666666666667
3 0.5372395833333333 0.35791666666666666 0.1296875 0.1025
3 0.9557291666666666 0.43916666666666665 0.08854166666666667 0.12833333333333333
3 0.18203125 0.37125 0.15885416666666666 0.0975
2 0.65234375 0.31916666666666665 0.10260416666666666 0.065
1 0.5049479166666667 0.32166666666666666 0.0703125 0.06
2 0.7541666666666667 0.44375 0.16354166666666667 0.09916666666666667
4 0.19583333333333333 0.23958333333333334 0.05520833333333333 0.0075