2 0.35885416666666664 0.5741666666666667 0.1 0.11166666666666666
2 0.33177083333333335 0.5433333333333333 0.07708333333333334 0.07833333333333334
4 0.09583333333333334 0.7520833333333333 0.19166666666666668 0.21583333333333332
5 0.7682291666666666 0.41458333333333336 0.08229166666666667 0.0525
2 0.9375 0.4325 0.09375 0.055
15 0.6302083333333334 0.4975 0.017708333333333333 0.016666666666666666
13 0.58359375 0.5166666666666667 0.04114583333333333 0.03833333333333333
15 0.5604166666666667 0.5345833333333333 0.027083333333333334 0.03916666666666667
15 0.6161458333333333 0.5341666666666667 0.03333333333333333 0.018333333333333333
15 0.7296875 0.61875 0.04375 0.04583333333333333
2 0.21770833333333334 0.5104166666666666 0.08333333333333333 0.06916666666666667
5 0.1453125 0.5079166666666667 0.096875 0.0725
2 0.15494791666666666 0.5541666666666667 0.04114583333333333 0.07333333333333333