2 0.8020833333333334 0.74875 0.20520833333333333 0.13583333333333333
2 0.56015625 0.7425 0.18072916666666666 0.13833333333333334
2 0.34296875 0.73125 0.18177083333333333 0.1375
4 0.08515625 0.7279166666666667 0.1703125 0.13916666666666666
2 0.02109375 0.6458333333333334 0.0421875 0.105
0 0.21197916666666666 0.6504166666666666 0.128125 0.09916666666666667
4 0.45989583333333334 0.6491666666666667 0.14166666666666666 0.10833333333333334
2 0.7658854166666667 0.6520833333333333 0.16302083333333334 0.0975
2 0.94765625 0.6483333333333333 0.1046875 0.09833333333333333
3 0.9606770833333333 0.7391666666666666 0.07864583333333333 0.15166666666666667
4 0.22734375 0.5754166666666667 0.13802083333333334 0.0875
2 0.05182291666666667 0.5866666666666667 0.10364583333333334 0.07833333333333334
4 0.09635416666666667 0.5504166666666667 0.11979166666666667 0.08083333333333333
0 0.25833333333333336 0.545 0.096875 0.07166666666666667
2 0.36744791666666665 0.5745833333333333 0.10989583333333333 0.08083333333333333
4 0.5223958333333333 0.5679166666666666 0.11145833333333334 0.08083333333333333
2 0.38125 0.5425 0.096875 0.06666666666666667
4 0.5510416666666667 0.5341666666666667 0.10520833333333333 0.06333333333333334
2 0.6442708333333333 0.535 0.03854166666666667 0.051666666666666666
2 0.7791666666666667 0.5354166666666667 0.035416666666666666 0.04416666666666667
5 0.7067708333333333 0.5441666666666667 0.13125 0.09166666666666666
2 0.8372395833333334 0.5570833333333334 0.10572916666666667 0.07416666666666667