2 0.36380208333333336 0.5833333333333334 0.1015625 0.1
2 0.29791666666666666 0.5691666666666667 0.1 0.09
2 0.20677083333333332 0.68625 0.14479166666666668 0.1525
4 0.09869791666666666 0.6820833333333334 0.15989583333333332 0.14583333333333334
2 0.9166666666666666 0.59375 0.15625 0.09583333333333334
11 0.9161458333333333 0.51 0.16770833333333332 0.18166666666666667
6 0.6255208333333333 0.44208333333333333 0.0875 0.06416666666666666
15 0.5213541666666667 0.4691666666666667 0.019791666666666666 0.016666666666666666
13 0.53046875 0.45375 0.028645833333333332 0.024166666666666666
15 0.45807291666666666 0.46041666666666664 0.015104166666666667 0.0175
15 0.45 0.46458333333333335 0.016666666666666666 0.0175
15 0.37265625 0.4395833333333333 0.019270833333333334 0.010833333333333334
15 0.33489583333333334 0.44416666666666665 0.010416666666666666 0.006666666666666667
15 0.3255208333333333 0.44416666666666665 0.008333333333333333 0.005
15 0.4703125 0.46166666666666667 0.009375 0.011666666666666667
13 0.7158854166666667 0.5158333333333334 0.0546875 0.035
13 0.6635416666666667 0.4970833333333333 0.029166666666666667 0.024166666666666666
4 0.19427083333333334 0.52375 0.08854166666666667 0.0725
15 0.43802083333333336 0.4475 0.013541666666666667 0.011666666666666667
13 0.19895833333333332 0.5266666666666666 0.05 0.04666666666666667