3 0.39817708333333335 0.5591666666666667 0.10885416666666667 0.10833333333333334
2 0.30546875 0.57125 0.0953125 0.09083333333333334
3 0.21692708333333333 0.6641666666666667 0.16614583333333333 0.16333333333333333
2 0.09557291666666666 0.6933333333333334 0.12864583333333332 0.13666666666666666
2 0.021614583333333333 0.8433333333333334 0.043229166666666666 0.21833333333333332
1 0.17109375 0.53625 0.07239583333333334 0.06416666666666666
4 0.016927083333333332 0.6325 0.033854166666666664 0.095
15 0.4908854166666667 0.5125 0.019270833333333334 0.021666666666666667
15 0.509375 0.48333333333333334 0.016666666666666666 0.016666666666666666
15 0.4921875 0.46166666666666667 0.009375 0.013333333333333334
0 0.8177083333333334 0.45208333333333334 0.08125 0.059166666666666666
2 0.6416666666666667 0.4454166666666667 0.057291666666666664 0.050833333333333335