4 0.09947916666666666 0.75 0.19895833333333332 0.21666666666666667
2 0.3580729166666667 0.57375 0.10260416666666666 0.1075
2 0.33177083333333335 0.5416666666666666 0.078125 0.08
15 0.4901041666666667 0.5129166666666667 0.021875 0.019166666666666665
15 0.5479166666666667 0.5270833333333333 0.026041666666666668 0.030833333333333334
13 0.52421875 0.4995833333333333 0.03802083333333333 0.029166666666666667
15 0.58125 0.4970833333333333 0.017708333333333333 0.0225
15 0.6104166666666667 0.4979166666666667 0.01875 0.019166666666666665
4 0.14322916666666666 0.5558333333333333 0.04479166666666667 0.02666666666666667
4 0.21458333333333332 0.51 0.07916666666666666 0.065
6 0.14583333333333334 0.5091666666666667 0.09895833333333333 0.07333333333333333
0 0.004166666666666667 0.6133333333333333 0.008333333333333333 0.065