1 0.39140625 0.5608333333333333 0.08385416666666666 0.08666666666666667
4 0.3106770833333333 0.5608333333333333 0.09635416666666667 0.09166666666666666
2 0.2604166666666667 0.6470833333333333 0.14166666666666666 0.1475
4 0.06380208333333333 0.7195833333333334 0.12760416666666666 0.17083333333333334
2 0.0 0.8933333333333333 0.0 0.21333333333333335
13 0.11875 0.7429166666666667 0.1 0.0975
0 0.22369791666666666 0.5116666666666667 0.08385416666666666 0.06333333333333334
2 0.12916666666666668 0.54625 0.015625 0.010833333333333334
3 0.3143229166666667 0.75375 0.20677083333333332 0.2225
15 0.56875 0.53375 0.019791666666666666 0.0275
15 0.6135416666666667 0.49833333333333335 0.027083333333333334 0.04666666666666667
13 0.6744791666666666 0.49875 0.029166666666666667 0.029166666666666667
4 0.5333333333333333 0.42583333333333334 0.052083333333333336 0.035