4 0.35859375 0.5745833333333333 0.1015625 0.1075
2 0.3341145833333333 0.5470833333333334 0.08385416666666666 0.08083333333333333
3 0.09921875 0.7516666666666667 0.1984375 0.215
2 0.2171875 0.51125 0.084375 0.0675
6 0.14583333333333334 0.5095833333333334 0.096875 0.07416666666666667
2 0.14322916666666666 0.5558333333333333 0.04375 0.023333333333333334
11 0.9130208333333333 0.4125 0.17395833333333333 0.10166666666666667
2 0.8473958333333333 0.4508333333333333 0.08541666666666667 0.02666666666666667
15 0.63046875 0.5945833333333334 0.027604166666666666 0.0325
15 0.55859375 0.53375 0.0296875 0.034166666666666665
13 0.5838541666666667 0.5141666666666667 0.0375 0.03666666666666667
15 0.6161458333333333 0.535 0.025 0.021666666666666667
15 0.6299479166666667 0.4975 0.0171875 0.016666666666666666