15 0.47421875 0.47541666666666665 0.011979166666666667 0.0175
15 0.48385416666666664 0.46958333333333335 0.01875 0.0125
2 0.3927083333333333 0.5625 0.09375 0.09833333333333333
2 0.18854166666666666 0.6941666666666667 0.16145833333333334 0.165
4 0.11197916666666667 0.66875 0.15520833333333334 0.14583333333333334
3 0.3028645833333333 0.5525 0.10572916666666667 0.10333333333333333
4 0.2125 0.5179166666666667 0.07916666666666666 0.05583333333333333
2 0.14947916666666666 0.53 0.052083333333333336 0.03
2 1.0 0.8475 0.0 0.305
2 0.66796875 0.4691666666666667 0.04635416666666667 0.051666666666666666
15 0.36041666666666666 0.445 0.010416666666666666 0.01
2 0.72421875 0.45958333333333334 0.07239583333333334 0.05583333333333333
4 0.5856770833333333 0.4275 0.05260416666666667 0.045
4 0.47369791666666666 0.42291666666666666 0.034895833333333334 0.04083333333333333