6 0.8533854166666667 0.40875 0.09635416666666667 0.05416666666666667
4 0.35052083333333334 0.57875 0.096875 0.09916666666666667
4 0.18828125 0.69 0.1671875 0.16833333333333333
2 0.01484375 0.8558333333333333 0.0296875 0.225
2 0.028385416666666666 0.775 0.05677083333333333 0.205
2 0.19036458333333334 0.6329166666666667 0.13072916666666667 0.1125
2 0.3359375 0.54375 0.08125 0.06916666666666667
15 0.5544270833333333 0.5204166666666666 0.04114583333333333 0.0325
15 0.609375 0.5504166666666667 0.03229166666666667 0.0275
15 0.64296875 0.4970833333333333 0.0203125 0.019166666666666665
4 0.4440104166666667 0.43833333333333335 0.0515625 0.02
4 0.5903645833333333 0.4241666666666667 0.05364583333333333 0.03833333333333333
4 0.6046875 0.39208333333333334 0.04375 0.029166666666666667