5 0.37135416666666665 0.565 0.1 0.10666666666666667
4 0.209375 0.6754166666666667 0.13645833333333332 0.13916666666666666
3 0.20364583333333333 0.5125 0.09479166666666666 0.07333333333333333
2 0.6661458333333333 0.6520833333333333 0.16145833333333334 0.1225
6 0.9072916666666667 0.5616666666666666 0.18541666666666667 0.13833333333333334
15 0.5536458333333333 0.54 0.022916666666666665 0.023333333333333334
15 0.5390625 0.5333333333333333 0.030208333333333334 0.02
2 0.9510416666666667 0.48875 0.09791666666666667 0.08916666666666667
0 0.8744791666666667 0.46 0.090625 0.06333333333333334
2 0.65703125 0.45166666666666666 0.033854166666666664 0.04
15 0.6255208333333333 0.4975 0.016666666666666666 0.018333333333333333
2 0.996875 0.44083333333333335 0.00625 0.021666666666666667
2 0.13151041666666666 0.56375 0.0109375 0.009166666666666667
2 0.12734375 0.5466666666666666 0.009895833333333333 0.006666666666666667