15 0.6346354166666667 0.51125 0.024479166666666666 0.024166666666666666
4 0.3138020833333333 0.5558333333333333 0.09114583333333333 0.09166666666666666
4 0.23541666666666666 0.6608333333333334 0.140625 0.14166666666666666
3 0.17161458333333332 0.6366666666666667 0.14010416666666667 0.12666666666666668
4 0.20598958333333334 0.52125 0.0765625 0.06583333333333333
11 0.07291666666666667 0.8104166666666667 0.14583333333333334 0.37916666666666665
1 0.3572916666666667 0.5720833333333334 0.078125 0.08916666666666667
1 1.0 0.52 0.0 0.08666666666666667
2 0.13489583333333333 0.5366666666666666 0.036458333333333336 0.018333333333333333
2 0.9861979166666667 0.45458333333333334 0.027604166666666666 0.06416666666666666
2 0.0078125 0.6058333333333333 0.015625 0.08333333333333333