2 0.85703125 0.43916666666666665 0.12760416666666666 0.09666666666666666
6 0.7895833333333333 0.49583333333333335 0.30625 0.19166666666666668
4 0.3809895833333333 0.44166666666666665 0.14322916666666666 0.11166666666666666
2 0.17239583333333333 0.4404166666666667 0.17708333333333334 0.10916666666666666
2 0.7625 0.35541666666666666 0.121875 0.0775
4 0.596875 0.36041666666666666 0.1125 0.08916666666666667
2 0.40260416666666665 0.36916666666666664 0.12395833333333334 0.08833333333333333
2 0.21614583333333334 0.37875 0.15 0.0975
2 0.052083333333333336 0.38666666666666666 0.10416666666666667 0.08
2 0.7583333333333333 0.31625 0.1 0.059166666666666666
2 0.5713541666666667 0.3283333333333333 0.10208333333333333 0.07166666666666667
2 0.4265625 0.33958333333333335 0.10520833333333333 0.0625
4 0.25885416666666666 0.3329166666666667 0.121875 0.07916666666666666
2 0.11015625 0.345 0.1296875 0.07166666666666667
2 0.9731770833333333 0.44875 0.05364583333333333 0.1075
4 0.8807291666666667 0.33916666666666667 0.09375 0.08
4 0.784375 0.25666666666666665 0.07083333333333333 0.07333333333333333
2 0.017447916666666667 0.44458333333333333 0.034895833333333334 0.11583333333333333
4 0.0 0.34541666666666665 0.0 0.08083333333333333
2 0.10885416666666667 0.31416666666666665 0.13333333333333333 0.07
2 0.13020833333333334 0.24458333333333335 0.07291666666666667 0.024166666666666666
13 0.9338541666666667 0.7708333333333334 0.13229166666666667 0.14666666666666667
2 1.0 0.8579166666666667 0.0 0.21083333333333334