4 0.30885416666666665 0.5566666666666666 0.10416666666666667 0.1
2 0.34036458333333336 0.5904166666666667 0.09947916666666666 0.10083333333333333
4 0.17890625 0.6445833333333333 0.1390625 0.12416666666666666
2 0.10208333333333333 0.7470833333333333 0.2 0.2025
6 0.18854166666666666 0.5116666666666667 0.10416666666666667 0.08
1 0.13203125 0.5316666666666666 0.03697916666666667 0.023333333333333334
4 0.9052083333333333 0.76375 0.18958333333333333 0.20083333333333334
15 0.60625 0.49083333333333334 0.027083333333333334 0.018333333333333333
15 0.6208333333333333 0.5 0.01875 0.018333333333333333
15 0.6151041666666667 0.505 0.025 0.03
15 0.58125 0.5125 0.020833333333333332 0.025
15 0.5744791666666667 0.5266666666666666 0.021875 0.02
15 0.5625 0.5720833333333334 0.0375 0.034166666666666665
4 0.2604166666666667 0.46708333333333335 0.06979166666666667 0.0475
2 0.0 0.685 0.0 0.11833333333333333
4 0.4796875 0.43875 0.04895833333333333 0.0125
2 0.6911458333333333 0.43375 0.06666666666666667 0.049166666666666664
3 0.95390625 0.44625 0.0921875 0.07083333333333333
2 1.0 0.43916666666666665 0.0 0.043333333333333335
2 1.0 0.5891666666666666 0.0 0.14833333333333334