15 0.4635416666666667 0.4691666666666667 0.021875 0.018333333333333333
15 0.47578125 0.4691666666666667 0.019270833333333334 0.011666666666666667
2 0.3927083333333333 0.5625 0.09375 0.09833333333333333
2 0.19036458333333334 0.6954166666666667 0.1609375 0.1575
4 0.11067708333333333 0.6695833333333333 0.1578125 0.1475
3 0.30390625 0.5520833333333334 0.10572916666666667 0.10416666666666667
4 0.20989583333333334 0.5179166666666667 0.07916666666666666 0.060833333333333336
2 0.14947916666666666 0.53 0.051041666666666666 0.028333333333333332
2 1.0 0.8483333333333334 0.0 0.30333333333333334
2 0.8299479166666667 0.50375 0.09635416666666667 0.0875
15 0.36380208333333336 0.445 0.0109375 0.013333333333333334
2 0.9377604166666667 0.495 0.12447916666666667 0.08
4 0.7080729166666667 0.44916666666666666 0.07239583333333334 0.055
4 0.5403645833333334 0.4354166666666667 0.04114583333333333 0.0475
2 0.6765625 0.4266666666666667 0.036458333333333336 0.03166666666666667