2 0.5828125 0.44916666666666666 0.15520833333333334 0.105
2 0.8010416666666667 0.45 0.175 0.10333333333333333
4 0.9638020833333333 0.44333333333333336 0.07239583333333334 0.1
2 0.88828125 0.3541666666666667 0.1171875 0.051666666666666666
2 0.7424479166666667 0.35625 0.11614583333333334 0.07083333333333333
1 0.5408854166666667 0.36291666666666667 0.11614583333333334 0.0925
2 0.7864583333333334 0.31875 0.115625 0.0675
2 0.7776041666666667 0.28708333333333336 0.020833333333333332 0.0325
13 0.8921875 0.3154166666666667 0.05520833333333333 0.020833333333333332
5 1.0 0.49875 0.0 0.1675
11 0.22786458333333334 0.3433333333333333 0.35989583333333336 0.16
2 0.026302083333333334 0.38208333333333333 0.05260416666666667 0.09416666666666666