11 0.22760416666666666 0.34291666666666665 0.36041666666666666 0.16083333333333333
0 0.02890625 0.38208333333333333 0.0578125 0.0925
2 0.33255208333333336 0.45208333333333334 0.1609375 0.10416666666666667
0 0.5408854166666667 0.36291666666666667 0.11614583333333334 0.09083333333333334
2 0.5518229166666667 0.4504166666666667 0.09427083333333333 0.0975
11 0.7921875 0.49166666666666664 0.415625 0.22666666666666666
2 0.7421875 0.35625 0.11666666666666667 0.0725
2 0.7854166666666667 0.31833333333333336 0.11354166666666667 0.07
2 0.8877604166666667 0.35333333333333333 0.11197916666666667 0.05
4 0.22473958333333333 0.245 0.05260416666666667 0.01
11 0.8544270833333333 0.23333333333333334 0.0234375 0.05