5 0.9104166666666667 0.43041666666666667 0.17916666666666667 0.11583333333333333
2 0.62734375 0.44625 0.1640625 0.11083333333333334
2 0.2635416666666667 0.44166666666666665 0.15833333333333333 0.10333333333333333
2 0.96796875 0.35041666666666665 0.030729166666666665 0.050833333333333335
1 0.8526041666666667 0.33458333333333334 0.09583333333333334 0.0675
4 0.7091145833333333 0.3425 0.1203125 0.07833333333333334
6 0.53359375 0.33958333333333335 0.16510416666666666 0.11583333333333333
2 0.32265625 0.37125 0.1265625 0.08916666666666667
2 0.1390625 0.37666666666666665 0.15416666666666667 0.09
2 0.0 0.3883333333333333 0.0 0.08
4 0.92109375 0.31958333333333333 0.019270833333333334 0.04583333333333333
2 0.7828125 0.31833333333333336 0.078125 0.05333333333333334
1 0.65546875 0.31666666666666665 0.07447916666666667 0.058333333333333334
2 0.43515625 0.33208333333333334 0.03802083333333333 0.0225
2 0.23776041666666667 0.3466666666666667 0.06197916666666667 0.06333333333333334
2 0.050520833333333334 0.345 0.10104166666666667 0.08166666666666667
4 0.7997395833333333 0.2833333333333333 0.06302083333333333 0.07166666666666667
2 0.6958333333333333 0.28708333333333336 0.090625 0.0625