2 0.39036458333333335 0.44125 0.03697916666666667 0.015833333333333335
2 0.22083333333333333 0.51 0.06979166666666667 0.06166666666666667
2 0.15703125 0.5154166666666666 0.03697916666666667 0.0475
4 0.0234375 0.6179166666666667 0.046875 0.1075
15 0.58359375 0.5120833333333333 0.018229166666666668 0.0175
13 0.5552083333333333 0.5425 0.03229166666666667 0.03
15 0.7046875 0.46541666666666665 0.022916666666666665 0.0175
15 0.7138020833333333 0.48 0.024479166666666666 0.023333333333333334
15 0.7502604166666667 0.4795833333333333 0.024479166666666666 0.0175
15 0.59921875 0.5358333333333334 0.03177083333333333 0.03
15 0.7065104166666667 0.4970833333333333 0.0265625 0.0225
15 0.6354166666666666 0.6341666666666667 0.046875 0.043333333333333335