15 0.6138020833333333 0.49083333333333334 0.025520833333333333 0.021666666666666667
15 0.5971354166666667 0.505 0.024479166666666666 0.02
15 0.5890625 0.5120833333333333 0.020833333333333332 0.025833333333333333
2 0.23645833333333333 0.6016666666666667 0.06145833333333333 0.08166666666666667
6 0.321875 0.5945833333333334 0.128125 0.12916666666666668
6 0.13072916666666667 0.71 0.23333333333333334 0.23
2 0.02109375 0.7604166666666666 0.0421875 0.1575
6 0.2265625 0.50375 0.08645833333333333 0.07083333333333333
2 0.153125 0.5241666666666667 0.07395833333333333 0.051666666666666666
2 0.15703125 0.5620833333333334 0.0203125 0.015833333333333335
2 0.012760416666666666 0.6058333333333333 0.025520833333333333 0.09166666666666666
4 0.81484375 0.41625 0.06302083333333333 0.020833333333333332
11 1.0 0.4866666666666667 0.0 0.235
4 1.0 0.5158333333333334 0.0 0.085
2 0.6591145833333333 0.4141666666666667 0.03697916666666667 0.02
1 0.9393229166666667 0.44666666666666666 0.08489583333333334 0.058333333333333334
4 0.13854166666666667 0.46875 0.027083333333333334 0.014166666666666666