13 0.45598958333333334 0.51875 0.0453125 0.0375
2 0.3606770833333333 0.52625 0.0703125 0.07583333333333334
2 0.22734375 0.6083333333333333 0.11927083333333334 0.115
4 0.07838541666666667 0.7016666666666667 0.15677083333333333 0.17
2 0.35182291666666665 0.575 0.08489583333333334 0.09833333333333333
2 0.1390625 0.7270833333333333 0.18854166666666666 0.19083333333333333
0 1.0 0.52 0.0 0.09333333333333334
4 1.0 0.5204166666666666 0.0 0.13583333333333333
0 0.853125 0.43375 0.071875 0.05416666666666667
4 0.21223958333333334 0.5075 0.07864583333333333 0.065
2 0.13723958333333333 0.5691666666666667 0.0328125 0.025
2 0.13828125 0.5379166666666667 0.0421875 0.0275
5 0.011458333333333333 0.6058333333333333 0.022916666666666665 0.11833333333333333