15 0.628125 0.57375 0.04583333333333333 0.030833333333333334
15 0.5421875 0.5266666666666666 0.021875 0.021666666666666667
15 0.6106770833333334 0.5120833333333333 0.0234375 0.019166666666666665
15 0.628125 0.49875 0.022916666666666665 0.020833333333333332
4 0.33671875 0.5829166666666666 0.10052083333333334 0.1075
4 0.27630208333333334 0.5741666666666667 0.08385416666666666 0.085
11 0.12864583333333332 0.7816666666666666 0.25729166666666664 0.43166666666666664
2 0.26901041666666664 0.4716666666666667 0.050520833333333334 0.043333333333333335
2 0.19869791666666667 0.5225 0.06302083333333333 0.056666666666666664
2 0.15234375 0.51625 0.0359375 0.0375
2 0.020833333333333332 0.6079166666666667 0.040625 0.0575
4 0.5778645833333333 0.4320833333333333 0.05677083333333333 0.019166666666666665
4 0.5700520833333333 0.38916666666666666 0.0328125 0.03166666666666667
4 0.6802083333333333 0.40458333333333335 0.00625 0.029166666666666667
4 0.8109375 0.43083333333333335 0.08125 0.05333333333333334
2 0.7854166666666667 0.41333333333333333 0.058333333333333334 0.015
13 0.8747395833333333 0.4141666666666667 0.050520833333333334 0.03166666666666667
4 1.0 0.44333333333333336 0.0 0.06333333333333334
4 1.0 0.5020833333333333 0.0 0.08583333333333333
5 1.0 0.5725 0.0 0.15666666666666668
2 1.0 0.5554166666666667 0.0 0.07583333333333334
5 0.008072916666666667 0.6045833333333334 0.016145833333333335 0.0425