15 0.7440104166666667 0.5041666666666667 0.0140625 0.02
15 0.5463541666666667 0.5775 0.03333333333333333 0.035
15 0.7817708333333333 0.6658333333333334 0.035416666666666666 0.045
15 0.5809895833333333 0.5929166666666666 0.0328125 0.0275
15 0.5861979166666667 0.6704166666666667 0.043229166666666666 0.04583333333333333
15 0.6231770833333333 0.4970833333333333 0.019270833333333334 0.019166666666666665
15 0.5291666666666667 0.46875 0.020833333333333332 0.0125
4 0.2794270833333333 0.56875 0.0921875 0.0925
4 0.0984375 0.6783333333333333 0.15520833333333334 0.14333333333333334
4 0.18098958333333334 0.6966666666666667 0.1453125 0.15333333333333332
4 0.9348958333333334 0.5979166666666667 0.13020833333333334 0.10416666666666667
4 0.7197916666666667 0.43625 0.071875 0.049166666666666664
4 0.21614583333333334 0.5104166666666666 0.078125 0.07083333333333333
2 0.353125 0.5883333333333334 0.103125 0.105
2 0.12760416666666666 0.5391666666666667 0.03229166666666667 0.03666666666666667
2 1.0 0.41625 0.0 0.04416666666666667