2 0.08567708333333333 0.34291666666666665 0.1359375 0.07916666666666666
4 0.16015625 0.51 0.19739583333333333 0.135
6 0.2716145833333333 0.3516666666666667 0.1671875 0.10666666666666667
4 0.38177083333333334 0.5229166666666667 0.18333333333333332 0.13583333333333333
2 0.5072916666666667 0.44958333333333333 0.14895833333333333 0.10416666666666667
12 0.525 0.3304166666666667 0.19479166666666667 0.1475
1 0.3921875 0.3329166666666667 0.08020833333333334 0.0725
2 0.61640625 0.52375 0.19427083333333334 0.14083333333333334
1 0.91875 0.5333333333333333 0.1625 0.115
2 0.7484375 0.45125 0.19895833333333332 0.09916666666666667
2 0.7143229166666667 0.355 0.1265625 0.08166666666666667
4 0.6677083333333333 0.3175 0.11770833333333333 0.07
1 0.9825520833333333 0.4525 0.034895833333333334 0.09666666666666666
2 0.91171875 0.34125 0.11197916666666667 0.0725
4 0.80625 0.3120833333333333 0.115625 0.06416666666666666
2 0.5442708333333334 0.3229166666666667 0.06458333333333334 0.07083333333333333