0 0.39869791666666665 0.5566666666666666 0.0703125 0.07833333333333334
2 0.2518229166666667 0.6475 0.13802083333333334 0.13666666666666666
2 0.08671875 0.78875 0.1734375 0.2225
4 0.325 0.5508333333333333 0.096875 0.095
2 0.15729166666666666 0.6554166666666666 0.13020833333333334 0.12583333333333332
4 0.023958333333333335 0.7883333333333333 0.04791666666666667 0.24
5 0.19739583333333333 0.5170833333333333 0.1 0.08083333333333333
2 0.13880208333333333 0.5483333333333333 0.009895833333333333 0.011666666666666667
2 0.019010416666666665 0.5995833333333334 0.03802083333333333 0.0875
2 0.022916666666666665 0.6116666666666667 0.03125 0.04833333333333333
2 0.7341145833333333 0.6354166666666666 0.1234375 0.10083333333333333
15 0.46927083333333336 0.4683333333333333 0.015625 0.015
15 0.49114583333333334 0.49916666666666665 0.022916666666666665 0.018333333333333333
15 0.5161458333333333 0.4825 0.016666666666666666 0.016666666666666666
15 0.44921875 0.4891666666666667 0.030729166666666665 0.028333333333333332
15 0.7411458333333333 0.5041666666666667 0.016666666666666666 0.016666666666666666
4 0.67265625 0.45708333333333334 0.06927083333333334 0.0575
6 0.4752604166666667 0.3975 0.0453125 0.03666666666666667
15 0.3419270833333333 0.44458333333333333 0.0109375 0.0075
15 0.3580729166666667 0.43041666666666667 0.0109375 0.0075
15 0.36432291666666666 0.42291666666666666 0.0005208333333333333 0.005833333333333334
2 0.0 0.665 0.0 0.06333333333333334