4 0.31536458333333334 0.5979166666666667 0.12552083333333333 0.1275
2 0.146875 0.7125 0.17708333333333334 0.17666666666666667
0 0.33645833333333336 0.5366666666666666 0.06666666666666667 0.06833333333333333
2 0.20442708333333334 0.6241666666666666 0.10885416666666667 0.10833333333333334
5 0.14270833333333333 0.5120833333333333 0.08541666666666667 0.06583333333333333
2 0.015364583333333333 0.6125 0.030729166666666665 0.06
2 0.19583333333333333 0.5241666666666667 0.08333333333333333 0.06833333333333333
15 0.6143229166666667 0.54 0.0421875 0.04
15 0.6315104166666666 0.5516666666666666 0.03802083333333333 0.03
2 1.0 0.8458333333333333 0.0 0.30833333333333335
2 0.4153645833333333 0.44625 0.0515625 0.0125
5 0.22890625 0.46416666666666667 0.07552083333333333 0.051666666666666666