15 0.6 0.49125 0.019791666666666666 0.024166666666666666
15 0.5919270833333333 0.5045833333333334 0.0234375 0.019166666666666665
15 0.5864583333333333 0.5120833333333333 0.016666666666666666 0.0225
13 0.5596354166666667 0.52625 0.0328125 0.04416666666666667
15 0.5239583333333333 0.5345833333333333 0.021875 0.0225
15 0.5895833333333333 0.5495833333333333 0.026041666666666668 0.025833333333333333
4 0.9622395833333334 0.4895833333333333 0.07552083333333333 0.0925
2 0.7033854166666667 0.4325 0.059895833333333336 0.04666666666666667
12 0.9921875 0.45375 0.015625 0.049166666666666664
3 0.37994791666666666 0.5633333333333334 0.10572916666666667 0.10833333333333334
2 0.01484375 0.6183333333333333 0.0296875 0.051666666666666666
2 0.0125 0.59 0.025 0.06833333333333333
2 0.3151041666666667 0.44208333333333333 0.05416666666666667 0.029166666666666667
2 0.20572916666666666 0.5316666666666666 0.07291666666666667 0.04
2 0.13958333333333334 0.5275 0.052083333333333336 0.02666666666666667