4 0.34739583333333335 0.5770833333333333 0.09375 0.1025
2 0.33177083333333335 0.5441666666666667 0.08125 0.08166666666666667
4 0.15286458333333333 0.71625 0.1796875 0.18916666666666668
4 0.14791666666666667 0.6441666666666667 0.11979166666666667 0.11833333333333333
11 0.015885416666666666 0.8291666666666667 0.03177083333333333 0.3416666666666667
4 0.17526041666666667 0.53125 0.07864583333333333 0.0675
2 0.5955729166666667 0.4225 0.0546875 0.03833333333333333
15 0.7088541666666667 0.49875 0.040625 0.0325
15 0.753125 0.5045833333333334 0.015625 0.025833333333333333
15 0.66796875 0.4820833333333333 0.021354166666666667 0.020833333333333332
15 0.65859375 0.4658333333333333 0.0078125 0.01
15 0.6604166666666667 0.4970833333333333 0.027083333333333334 0.030833333333333334
15 0.7822916666666667 0.6579166666666667 0.053125 0.05416666666666667
15 0.94375 0.71125 0.0375 0.049166666666666664