2 0.33098958333333334 0.6066666666666667 0.11302083333333333 0.12
2 0.30494791666666665 0.56125 0.0890625 0.0875
2 0.15416666666666667 0.7104166666666667 0.1625 0.16416666666666666
2 0.20677083333333332 0.5204166666666666 0.07604166666666666 0.0625
3 0.13567708333333334 0.5308333333333334 0.05364583333333333 0.04
3 0.01796875 0.6095833333333334 0.0359375 0.08083333333333333
15 0.5338541666666666 0.54 0.021875 0.018333333333333333
15 0.54375 0.5341666666666667 0.028125 0.025
15 0.5536458333333333 0.5266666666666666 0.020833333333333332 0.021666666666666667
15 0.5614583333333333 0.52625 0.013541666666666667 0.024166666666666666
15 0.59375 0.5125 0.021875 0.02
15 0.6182291666666667 0.50625 0.016666666666666666 0.0225
15 0.6169270833333333 0.4820833333333333 0.0046875 0.009166666666666667
15 0.5861979166666667 0.48291666666666666 0.016145833333333335 0.014166666666666666