2 0.42161458333333335 0.5216666666666666 0.1828125 0.125
2 0.7567708333333333 0.5104166666666666 0.19791666666666666 0.12416666666666666
0 0.3255208333333333 0.445 0.13854166666666667 0.105
4 0.4674479166666667 0.3645833333333333 0.11197916666666667 0.09083333333333334
4 0.6549479166666666 0.3258333333333333 0.1078125 0.07166666666666667
2 0.5221354166666666 0.33208333333333334 0.0984375 0.0725
2 0.83515625 0.3458333333333333 0.12135416666666667 0.08333333333333333
2 0.6768229166666667 0.35833333333333334 0.11614583333333334 0.08333333333333333
2 0.840625 0.4475 0.1625 0.09166666666666666
13 0.93046875 0.7758333333333334 0.1390625 0.13333333333333333
2 0.3546875 0.33458333333333334 0.1125 0.0775
4 0.20182291666666666 0.33 0.12447916666666667 0.065
4 0.046875 0.33958333333333335 0.09375 0.08083333333333333
2 0.09010416666666667 0.3908333333333333 0.10833333333333334 0.06666666666666667
4 0.25364583333333335 0.3745833333333333 0.12916666666666668 0.0875
2 0.0640625 0.52875 0.128125 0.14416666666666667
2 0.6104166666666667 0.44875 0.14479166666666668 0.1025
4 0.7791666666666667 0.30416666666666664 0.11875 0.07
0 0.9984375 0.43625 0.003125 0.0925
2 0.0609375 0.4454166666666667 0.121875 0.09916666666666667
4 0.96484375 0.5254166666666666 0.0703125 0.14083333333333334
2 0.0 0.5320833333333334 0.0 0.1275
2 0.0 0.43875 0.0 0.0925