15 0.49635416666666665 0.5129166666666667 0.023958333333333335 0.019166666666666665
15 0.528125 0.51125 0.021875 0.020833333333333332
15 0.5502604166666667 0.4979166666666667 0.022395833333333334 0.020833333333333332
15 0.5677083333333334 0.47625 0.026041666666666668 0.025833333333333333
0 0.36276041666666664 0.57 0.07447916666666667 0.08666666666666667
3 0.20885416666666667 0.66625 0.171875 0.17416666666666666
4 0.3184895833333333 0.5445833333333333 0.0890625 0.08416666666666667
0 0.19270833333333334 0.6025 0.1 0.09833333333333333
2 0.03567708333333333 0.7745833333333333 0.07135416666666666 0.2175
5 0.20546875 0.5025 0.10260416666666666 0.08333333333333333
2 0.0140625 0.61 0.028125 0.095
4 0.1375 0.5270833333333333 0.059375 0.05416666666666667
9 0.98515625 0.42541666666666667 0.0296875 0.10083333333333333
2 0.9942708333333333 0.46958333333333335 0.011458333333333333 0.0525
15 0.5666666666666667 0.49125 0.017708333333333333 0.0175