4 0.9760416666666667 0.5283333333333333 0.04791666666666667 0.14
4 0.9395833333333333 0.3375 0.12083333333333333 0.08
4 0.80703125 0.31666666666666665 0.1015625 0.04833333333333333
2 0.7471354166666667 0.35833333333333334 0.11822916666666666 0.065
2 0.66484375 0.3233333333333333 0.10572916666666667 0.043333333333333335
2 0.4744791666666667 0.37 0.11666666666666667 0.08333333333333333
2 0.48932291666666666 0.32875 0.09739583333333333 0.060833333333333336
4 0.3059895833333333 0.37166666666666665 0.1265625 0.09666666666666666
2 0.13046875 0.38 0.15260416666666668 0.09
2 0.25755208333333335 0.3358333333333333 0.10260416666666666 0.07166666666666667
15 1.0 0.6983333333333334 0.0 0.10166666666666667
4 0.2671875 0.44125 0.14895833333333333 0.09916666666666667