1 0.9302083333333333 0.7395833333333334 0.13958333333333334 0.1175
2 0.9013020833333333 0.665 0.17135416666666667 0.09166666666666666
1 0.8140625 0.55875 0.084375 0.0625
4 0.7807291666666667 0.5245833333333333 0.027083333333333334 0.0375
12 0.7002604166666667 0.5275 0.10885416666666667 0.06666666666666667
4 0.61953125 0.5725 0.1015625 0.07666666666666666
2 0.53671875 0.53625 0.09114583333333333 0.0625
2 0.40651041666666665 0.5458333333333333 0.0859375 0.06666666666666667
2 0.7458333333333333 0.5075 0.057291666666666664 0.051666666666666666
2 0.6828125 0.6529166666666667 0.140625 0.0975
2 0.6471354166666666 0.7179166666666666 0.17760416666666667 0.1225
2 0.27682291666666664 0.5595833333333333 0.1109375 0.0475
2 0.32135416666666666 0.5870833333333333 0.109375 0.08083333333333333
2 0.03307291666666667 0.56 0.06614583333333333 0.06333333333333334
2 0.1921875 0.46166666666666667 0.04895833333333333 0.028333333333333332