3 0.7143229166666667 0.5129166666666667 0.2109375 0.15083333333333335
2 0.9346354166666667 0.5254166666666666 0.13072916666666667 0.1275
3 0.3098958333333333 0.5108333333333334 0.20520833333333333 0.15833333333333333
2 0.56640625 0.4525 0.1578125 0.105
2 0.08203125 0.5225 0.1640625 0.14333333333333334
2 0.14869791666666668 0.44208333333333333 0.15677083333333333 0.1075
4 0.83828125 0.44666666666666666 0.16927083333333334 0.10166666666666667
4 0.37213541666666666 0.4395833333333333 0.14635416666666667 0.1075
2 0.5434895833333333 0.36583333333333334 0.0953125 0.06833333333333333
2 0.19088541666666667 0.37916666666666665 0.14739583333333334 0.08833333333333333
2 0.03958333333333333 0.3804166666666667 0.07916666666666666 0.0875
4 0.37421875 0.365 0.12239583333333333 0.09166666666666666
2 0.7309895833333333 0.36083333333333334 0.10572916666666667 0.045
3 0.9979166666666667 0.44916666666666666 0.004166666666666667 0.10666666666666667
2 0.13854166666666667 0.34041666666666665 0.12291666666666666 0.0775
2 0.53359375 0.3279166666666667 0.10677083333333333 0.07583333333333334
4 0.73125 0.30916666666666665 0.10833333333333334 0.06666666666666667
0 0.9015625 0.3416666666666667 0.10625 0.07
4 0.8950520833333333 0.31375 0.11302083333333333 0.0775
2 0.3888020833333333 0.33166666666666667 0.07239583333333334 0.03833333333333333
13 1.0 0.6254166666666666 0.0 0.07583333333333334
13 0.928125 0.7758333333333334 0.14375 0.145
2 1.0 0.85375 0.0 0.19083333333333333