4 0.35911458333333335 0.5720833333333334 0.1046875 0.1025
4 0.22916666666666666 0.66 0.14270833333333333 0.15
2 0.25234375 0.5916666666666667 0.11197916666666667 0.11
2 0.06744791666666666 0.7170833333333333 0.13489583333333333 0.17916666666666667
2 0.03333333333333333 0.865 0.06666666666666667 0.25
15 0.5692708333333333 0.5125 0.022916666666666665 0.025
15 0.6177083333333333 0.4979166666666667 0.022916666666666665 0.014166666666666666
15 0.6252604166666667 0.4895833333333333 0.0296875 0.0125
2 0.24609375 0.4970833333333333 0.058854166666666666 0.0525
4 0.14453125 0.555 0.0453125 0.023333333333333334
2 0.14375 0.52875 0.0375 0.019166666666666665
4 0.0046875 0.6208333333333333 0.009375 0.11
2 0.5744791666666667 0.43083333333333335 0.059375 0.023333333333333334
11 0.8223958333333333 0.40041666666666664 0.18229166666666666 0.08583333333333333
2 0.825 0.43666666666666665 0.08854166666666667 0.056666666666666664