2 0.43125 0.5341666666666667 0.07708333333333334 0.07833333333333334
4 0.3059895833333333 0.5541666666666667 0.10364583333333334 0.09666666666666666
0 0.12552083333333333 0.6629166666666667 0.125 0.12416666666666666
0 0.20234375 0.5166666666666667 0.06927083333333334 0.058333333333333334
2 0.14505208333333333 0.5245833333333333 0.0671875 0.03916666666666667
2 0.13489583333333333 0.55625 0.021875 0.0375
2 0.012760416666666666 0.61 0.025520833333333333 0.09333333333333334
2 0.9497395833333333 0.8270833333333333 0.10052083333333334 0.1675
2 0.7635416666666667 0.6291666666666667 0.13854166666666667 0.12333333333333334
4 0.9348958333333334 0.43875 0.10104166666666667 0.0575
4 0.7322916666666667 0.44208333333333333 0.057291666666666664 0.04083333333333333
15 0.5794270833333334 0.5116666666666667 0.016145833333333335 0.018333333333333333
16 0.6265625 0.5054166666666666 0.020833333333333332 0.0275