6 0.55859375 0.43375 0.06197916666666667 0.0525
2 0.6671875 0.42916666666666664 0.05416666666666667 0.045
0 0.37864583333333335 0.5183333333333333 0.06666666666666667 0.06666666666666667
0 0.42161458333333335 0.5416666666666666 0.07135416666666666 0.08166666666666667
4 0.15286458333333333 0.6491666666666667 0.14739583333333334 0.135
2 0.9940104166666667 0.44 0.011979166666666667 0.06166666666666667
2 1.0 0.46708333333333335 0.0 0.0625
2 1.0 0.45208333333333334 0.0 0.0775
2 1.0 0.49666666666666665 0.0 0.10333333333333333
2 1.0 0.5 0.0 0.11166666666666666
2 1.0 0.5625 0.0 0.18
2 1.0 0.6 0.0 0.08833333333333333
6 0.023958333333333335 0.6245833333333334 0.04791666666666667 0.1425
3 0.22447916666666667 0.4775 0.07604166666666666 0.056666666666666664
4 0.22109375 0.5179166666666667 0.07239583333333334 0.049166666666666664
3 0.35598958333333336 0.44958333333333333 0.0453125 0.0375
0 0.0 0.8375 0.0 0.19833333333333333
2 0.0 0.99875 0.0 0.0025
2 0.0 1.0 0.0 0.0
3 1.0 0.0 0.0 0.0
9 1.0 0.0 0.0 0.0
6 0.010677083333333334 0.5404166666666667 0.021354166666666667 0.07416666666666667
15 0.8911458333333333 0.4766666666666667 0.03229166666666667 0.02
15 0.78671875 0.4708333333333333 0.015104166666666667 0.018333333333333333
15 0.83359375 0.46166666666666667 0.028645833333333332 0.018333333333333333
15 0.7497395833333333 0.4479166666666667 0.0234375 0.0125
15 0.8348958333333333 0.44333333333333336 0.004166666666666667 0.016666666666666666
15 0.8609375 0.4325 0.016666666666666666 0.013333333333333334