0 0.35520833333333335 0.5279166666666667 0.07604166666666666 0.0775
2 0.24270833333333333 0.5945833333333334 0.11666666666666667 0.11083333333333334
2 0.3776041666666667 0.56375 0.10104166666666667 0.10083333333333333
2 0.24791666666666667 0.6479166666666667 0.14270833333333333 0.14416666666666667
11 0.08697916666666666 0.7075 0.17395833333333333 0.275
13 0.47369791666666666 0.555 0.0484375 0.05
15 0.6026041666666667 0.55125 0.034375 0.049166666666666664
4 0.8484375 0.5029166666666667 0.11770833333333333 0.0875
15 0.5466145833333333 0.5983333333333334 0.0421875 0.04833333333333333
15 0.55234375 0.52625 0.0203125 0.024166666666666666
15 0.49244791666666665 0.6933333333333334 0.05364583333333333 0.06833333333333333
15 0.9778645833333334 0.6791666666666667 0.044270833333333336 0.12666666666666668