2 0.9861979166666667 0.4529166666666667 0.027604166666666666 0.06583333333333333
15 0.8466145833333333 0.41541666666666666 0.016145833333333335 0.014166666666666666
15 0.9263020833333333 0.8220833333333334 0.0067708333333333336 0.005833333333333334
4 0.553125 0.47333333333333333 0.0625 0.06
2 0.69921875 0.42583333333333334 0.06510416666666667 0.04833333333333333
2 0.40208333333333335 0.5116666666666667 0.07291666666666667 0.06
2 0.19947916666666668 0.6875 0.159375 0.16166666666666665
2 0.16510416666666666 0.64375 0.14583333333333334 0.1325
0 0.25677083333333334 0.49083333333333334 0.06458333333333334 0.055
3 0.13984375 0.5458333333333333 0.0671875 0.06
2 0.0109375 0.5804166666666667 0.021875 0.05583333333333333
2 0.0 0.91125 0.0 0.1775
2 0.0 0.8766666666666667 0.0 0.20666666666666667
2 0.5 0.5 1.0 1.0
5 1.0 0.0 0.0 0.0