2 0.3106770833333333 0.60875 0.1140625 0.12083333333333333
6 0.16380208333333332 0.62375 0.20364583333333333 0.1775
2 0.5135416666666667 0.48375 0.065625 0.0675
2 0.5705729166666667 0.43333333333333335 0.0453125 0.04833333333333333
4 0.6859375 0.4116666666666667 0.022916666666666665 0.03833333333333333
4 0.2171875 0.51125 0.08125 0.06583333333333333
4 0.17890625 0.5091666666666667 0.0515625 0.051666666666666666
5 0.13463541666666667 0.5429166666666667 0.0421875 0.025833333333333333
2 0.016666666666666666 0.6325 0.03333333333333333 0.1
15 0.9942708333333333 0.7354166666666667 0.011458333333333333 0.08583333333333333
6 0.17161458333333332 0.4225 0.0578125 0.04
15 0.8541666666666666 0.43333333333333335 0.023958333333333335 0.035
15 0.9067708333333333 0.4220833333333333 0.036458333333333336 0.025833333333333333
15 0.8416666666666667 0.41625 0.015625 0.0125
15 0.8940104166666667 0.41208333333333336 0.0171875 0.010833333333333334
15 0.9432291666666667 0.40791666666666665 0.017708333333333333 0.005833333333333334