13 0.9 0.9641666666666666 0.15520833333333334 0.07166666666666667
2 0.99375 0.9975 0.0125 0.005
4 0.8744791666666667 0.7329166666666667 0.203125 0.14416666666666667
4 0.5526041666666667 0.73375 0.17291666666666666 0.13916666666666666
2 0.0 0.65625 0.0 0.08916666666666667
2 0.09166666666666666 0.6508333333333334 0.16458333333333333 0.09833333333333333
4 0.28203125 0.6458333333333334 0.14010416666666667 0.11
2 0.5330729166666667 0.6504166666666666 0.1484375 0.09416666666666666
2 0.7479166666666667 0.65625 0.16041666666666668 0.0975
2 0.9203125 0.6466666666666666 0.159375 0.09833333333333333
0 0.8776041666666666 0.5608333333333333 0.042708333333333334 0.056666666666666664
4 0.78125 0.5604166666666667 0.103125 0.0675
2 0.6385416666666667 0.5741666666666667 0.10520833333333333 0.06166666666666667
0 0.48151041666666666 0.5758333333333333 0.0796875 0.07666666666666666
4 0.325 0.5775 0.1125 0.085
2 0.14713541666666666 0.595 0.14427083333333332 0.09
0 0.0375 0.5875 0.075 0.07666666666666666
2 0.03958333333333333 0.5579166666666666 0.07916666666666666 0.0675
0 0.16119791666666666 0.55125 0.10989583333333333 0.0675
2 0.3125 0.54 0.10833333333333334 0.065
2 0.4708333333333333 0.5454166666666667 0.09479166666666666 0.06416666666666666
2 0.6270833333333333 0.53875 0.08958333333333333 0.060833333333333336
4 0.8088541666666667 0.5270833333333333 0.096875 0.06416666666666666