15 0.6104166666666667 0.505 0.03333333333333333 0.02
15 0.59375 0.4975 0.021875 0.016666666666666666
15 0.54375 0.52 0.03125 0.023333333333333334
15 0.57890625 0.5270833333333333 0.0234375 0.020833333333333332
15 0.7333333333333333 0.5045833333333334 0.015625 0.020833333333333332
15 0.68671875 0.49083333333333334 0.034895833333333334 0.03
15 0.5247395833333334 0.5408333333333334 0.022395833333333334 0.02
4 0.34401041666666665 0.58375 0.1046875 0.10916666666666666
4 0.184375 0.6895833333333333 0.153125 0.1575
2 0.26848958333333334 0.5866666666666667 0.10989583333333333 0.105
2 0.09088541666666666 0.6904166666666667 0.15989583333333332 0.14916666666666667
1 0.23619791666666667 0.5058333333333334 0.058854166666666666 0.051666666666666666
13 0.24401041666666667 0.48 0.009895833333333333 0.011666666666666667
4 0.016927083333333332 0.62875 0.033854166666666664 0.09583333333333334
2 0.13958333333333334 0.5358333333333334 0.03854166666666667 0.021666666666666667
15 0.6739583333333333 0.49 0.03333333333333333 0.018333333333333333