2 0.054947916666666666 0.8258333333333333 0.10989583333333333 0.25333333333333335
2 0.13723958333333333 0.6658333333333334 0.16197916666666667 0.14833333333333334
2 0.21979166666666666 0.67 0.146875 0.14666666666666667
3 0.30130208333333336 0.5633333333333334 0.0984375 0.09666666666666666
2 0.37994791666666666 0.5666666666666667 0.0984375 0.09666666666666666
1 0.22578125 0.5083333333333333 0.0640625 0.05333333333333334
2 0.14583333333333334 0.5533333333333333 0.06770833333333333 0.058333333333333334
12 0.68515625 0.63875 0.18385416666666668 0.14916666666666667
15 0.7591145833333334 0.49666666666666665 0.025520833333333333 0.023333333333333334
15 0.5463541666666667 0.48291666666666666 0.022916666666666665 0.029166666666666667
15 0.53828125 0.48333333333333334 0.016145833333333335 0.016666666666666666
15 0.5559895833333334 0.49875 0.025520833333333333 0.020833333333333332
13 0.53203125 0.5279166666666667 0.0390625 0.030833333333333334
2 0.0020833333333333333 0.5495833333333333 0.004166666666666667 0.07416666666666667
2 0.14973958333333334 0.52875 0.050520833333333334 0.0275
2 0.00234375 0.66 0.0046875 0.13666666666666666
2 0.015364583333333333 0.6079166666666667 0.024479166666666666 0.020833333333333332