4 0.35104166666666664 0.5775 0.09583333333333334 0.10166666666666667
4 0.18880208333333334 0.6895833333333333 0.1671875 0.1725
2 0.014322916666666666 0.8566666666666667 0.028645833333333332 0.23
2 0.19088541666666667 0.63125 0.13072916666666667 0.1125
2 0.02890625 0.775 0.0578125 0.21333333333333335
2 0.3341145833333333 0.5454166666666667 0.0828125 0.0725
3 0.19375 0.51625 0.09791666666666667 0.0775
4 0.01796875 0.6054166666666667 0.0359375 0.0825
2 0.13697916666666668 0.5370833333333334 0.041666666666666664 0.020833333333333332
15 0.36875 0.4533333333333333 0.021875 0.01
15 0.584375 0.5054166666666666 0.03125 0.019166666666666665
15 0.665625 0.4845833333333333 0.025 0.020833333333333332
5 0.8778645833333333 0.47333333333333333 0.13697916666666668 0.09166666666666666
4 0.66328125 0.43625 0.0484375 0.04083333333333333
4 0.5208333333333334 0.42541666666666667 0.03229166666666667 0.0225
5 0.6828125 0.395 0.052083333333333336 0.03166666666666667
4 0.56796875 0.3879166666666667 0.04635416666666667 0.0275