4 0.7315104166666667 0.4241666666666667 0.0609375 0.021666666666666667
4 0.025 0.8454166666666667 0.05 0.2608333333333333
2 0.20807291666666666 0.6841666666666667 0.14427083333333332 0.15166666666666667
4 0.35911458333333335 0.5729166666666666 0.09427083333333333 0.10083333333333333
2 0.34010416666666665 0.5404166666666667 0.075 0.0725
2 0.228125 0.6045833333333334 0.12708333333333333 0.11916666666666667
2 0.046614583333333334 0.7508333333333334 0.09322916666666667 0.19166666666666668
12 0.25833333333333336 0.48541666666666666 0.08229166666666667 0.0625
5 0.14296875 0.5325 0.08072916666666667 0.065
2 0.016145833333333335 0.6375 0.03229166666666667 0.11
2 0.1859375 0.5175 0.036458333333333336 0.015
15 0.59921875 0.49833333333333335 0.019270833333333334 0.016666666666666666
15 0.7328125 0.4975 0.025 0.028333333333333332
15 0.6434895833333333 0.5504166666666667 0.033854166666666664 0.029166666666666667