2 0.8919270833333334 0.4508333333333333 0.18385416666666668 0.10666666666666667
2 0.6598958333333333 0.4454166666666667 0.16145833333333334 0.1075
0 0.41796875 0.4479166666666667 0.11510416666666666 0.09916666666666667
2 0.18958333333333333 0.44416666666666665 0.165625 0.11
9 0.044270833333333336 0.4216666666666667 0.08854166666666667 0.18
2 0.89453125 0.34791666666666665 0.1234375 0.07083333333333333
0 0.73125 0.35208333333333336 0.09791666666666667 0.07583333333333334
0 0.60625 0.36291666666666667 0.09270833333333334 0.0725
2 0.4669270833333333 0.36375 0.1078125 0.08583333333333333
2 0.26171875 0.37875 0.14114583333333333 0.09416666666666666
1 0.08255208333333333 0.3804166666666667 0.12135416666666667 0.0825
2 0.8736979166666666 0.31166666666666665 0.0828125 0.06666666666666667
4 0.76875 0.30666666666666664 0.10104166666666667 0.06833333333333333
2 0.63828125 0.325 0.10572916666666667 0.06333333333333334
2 0.4783854166666667 0.3325 0.10364583333333334 0.07666666666666666
2 0.3416666666666667 0.3458333333333333 0.109375 0.08666666666666667
3 0.18463541666666666 0.33416666666666667 0.14739583333333334 0.09333333333333334
9 0.8942708333333333 0.60375 0.21145833333333333 0.26916666666666667