11 0.9106770833333333 0.31166666666666665 0.17864583333333334 0.13166666666666665
3 0.9515625 0.42791666666666667 0.096875 0.1125
2 0.9989583333333333 0.5183333333333333 0.0020833333333333333 0.10666666666666667
1 0.78203125 0.4429166666666667 0.1328125 0.0925
4 0.7919270833333333 0.2808333333333333 0.0546875 0.07
2 0.72265625 0.29833333333333334 0.08802083333333334 0.05333333333333334
5 0.50859375 0.3129166666666667 0.1140625 0.0675
2 0.21692708333333333 0.33166666666666667 0.12447916666666667 0.07833333333333334
2 0.2643229166666667 0.2604166666666667 0.0640625 0.009166666666666667
2 0.08828125 0.5375 0.1765625 0.14
4 0.021875 0.33875 0.04375 0.06916666666666667
4 0.0625 0.22375 0.05520833333333333 0.0225