4 0.35703125 0.5770833333333333 0.0890625 0.09583333333333334
6 0.19166666666666668 0.6758333333333333 0.24375 0.23
3 0.3138020833333333 0.555 0.10052083333333334 0.09333333333333334
4 0.084375 0.6954166666666667 0.16875 0.16083333333333333
0 0.18489583333333334 0.525 0.06979166666666667 0.06
15 0.528125 0.5479166666666667 0.027083333333333334 0.024166666666666666
15 0.5510416666666667 0.5479166666666667 0.027083333333333334 0.024166666666666666
15 0.5606770833333333 0.5345833333333333 0.0265625 0.024166666666666666
15 0.5533854166666666 0.5045833333333334 0.009895833333333333 0.010833333333333334
15 0.57109375 0.5033333333333333 0.021354166666666667 0.018333333333333333
15 0.5984375 0.49083333333333334 0.023958333333333335 0.025
15 0.6182291666666667 0.4675 0.014583333333333334 0.013333333333333334
15 0.6552083333333333 0.4970833333333333 0.014583333333333334 0.0175
15 0.66171875 0.4975 0.015104166666666667 0.018333333333333333
15 0.65234375 0.49 0.018229166666666668 0.013333333333333334