15 0.82734375 0.4345833333333333 0.015104166666666667 0.0125
15 0.7677083333333333 0.43083333333333335 0.026041666666666668 0.015
15 0.7825520833333334 0.4379166666666667 0.0140625 0.0125
15 0.5921875 0.7141666666666666 0.05416666666666667 0.06333333333333334
2 0.6578125 0.43666666666666665 0.010416666666666666 0.008333333333333333
2 0.5255208333333333 0.48625 0.06458333333333334 0.0625
0 0.42552083333333335 0.4925 0.058333333333333334 0.06
2 0.25755208333333335 0.6366666666666667 0.13177083333333334 0.13333333333333333
0 0.01640625 0.7804166666666666 0.0328125 0.1725
0 0.31302083333333336 0.44666666666666666 0.04583333333333333 0.041666666666666664
13 0.240625 0.47833333333333333 0.028125 0.015
4 0.29270833333333335 0.475 0.0625 0.051666666666666666