13 0.9 0.96375 0.15 0.0725
5 1.0 0.7154166666666667 0.0 0.15583333333333332
2 0.9317708333333333 0.5625 0.09166666666666666 0.056666666666666664
2 0.7127604166666667 0.5658333333333333 0.10989583333333333 0.07
4 0.46119791666666665 0.57125 0.10677083333333333 0.0625
4 0.21223958333333334 0.585 0.12447916666666667 0.09333333333333334
4 0.24114583333333334 0.54875 0.09791666666666667 0.07583333333333334
2 0.7684895833333333 0.5379166666666667 0.04739583333333333 0.0525
4 0.9294270833333333 0.7433333333333333 0.14114583333333333 0.14166666666666666
2 0.8799479166666667 0.6508333333333334 0.17135416666666667 0.105
2 0.51015625 0.6516666666666666 0.1328125 0.095
4 0.4859375 0.5383333333333333 0.096875 0.04
15 0.0 1.0 0.0 0.0
2 0.04895833333333333 0.5566666666666666 0.09791666666666667 0.07333333333333333
2 0.016666666666666666 0.65125 0.03333333333333333 0.09583333333333334
2 0.0 0.6295833333333334 0.0 0.05583333333333333
2 0.9953125 0.9991666666666666 0.009375 0.0016666666666666668