5 0.50078125 0.4625 0.0671875 0.06
3 0.44192708333333336 0.5233333333333333 0.08385416666666666 0.085
2 0.23151041666666666 0.66375 0.14947916666666666 0.1625
5 0.033854166666666664 0.8233333333333334 0.06770833333333333 0.215
2 0.328125 0.55375 0.09270833333333334 0.08583333333333333
2 0.0 0.89875 0.0 0.2025
5 0.0 0.98375 0.0 0.0325
0 0.39895833333333336 0.705 0.12604166666666666 0.14333333333333334
15 0.7450520833333333 0.4795833333333333 0.024479166666666666 0.019166666666666665
15 0.6388020833333333 0.56625 0.034895833333333334 0.0275
15 0.8794270833333333 0.41375 0.015104166666666667 0.009166666666666667
15 0.9190104166666667 0.42833333333333334 0.0203125 0.013333333333333334
15 0.8932291666666666 0.4125 0.016666666666666666 0.01
15 0.8796875 0.4041666666666667 0.003125 0.01
15 0.8309895833333333 0.4175 0.016145833333333335 0.015
15 0.9966145833333333 0.7191666666666666 0.0067708333333333336 0.06666666666666667
15 0.7403645833333333 0.6575 0.03697916666666667 0.045
5 0.2859375 0.4633333333333333 0.06041666666666667 0.051666666666666666
2 0.20364583333333333 0.5333333333333333 0.07604166666666666 0.05333333333333334
5 0.14765625 0.5204166666666666 0.09322916666666667 0.07416666666666667
2 0.021614583333333333 0.6175 0.024479166666666666 0.05
5 0.0 0.6175 0.0 0.07833333333333334
3 0.0 0.6891666666666667 0.0 0.16333333333333333
2 0.0 0.84375 0.0 0.21416666666666667
4 0.0 0.8941666666666667 0.0 0.21166666666666667