5 0.40703125 0.53 0.09322916666666667 0.09333333333333334
3 0.3260416666666667 0.4483333333333333 0.08020833333333334 0.065
2 0.36380208333333336 0.5208333333333334 0.0734375 0.07666666666666666
2 0.259375 0.47458333333333336 0.058333333333333334 0.049166666666666664
13 0.016927083333333332 0.62625 0.033854166666666664 0.050833333333333335
11 0.21041666666666667 0.4220833333333333 0.10729166666666666 0.0675
15 0.9283854166666666 0.42791666666666667 0.0203125 0.0125
15 0.7783854166666667 0.4379166666666667 0.016145833333333335 0.019166666666666665
15 0.8361979166666667 0.4170833333333333 0.016145833333333335 0.0125
15 0.8640625 0.415 0.016666666666666666 0.013333333333333334
15 0.878125 0.41375 0.016666666666666666 0.0125