2 0.6651041666666667 0.43666666666666665 0.0125 0.008333333333333333
5 0.5841145833333333 0.44083333333333335 0.0703125 0.06166666666666667
4 0.39427083333333335 0.50125 0.06666666666666667 0.06916666666666667
2 0.07526041666666666 0.71125 0.15052083333333333 0.1775
4 0.4505208333333333 0.4041666666666667 0.01875 0.03
4 0.409375 0.40458333333333335 0.03333333333333333 0.034166666666666665
2 0.3177083333333333 0.44375 0.01875 0.030833333333333334
4 0.34401041666666665 0.44958333333333333 0.058854166666666666 0.049166666666666664
1 0.13151041666666666 0.5379166666666667 0.0296875 0.0175
15 0.6427083333333333 0.4816666666666667 0.020833333333333332 0.028333333333333332
15 0.6630208333333333 0.4825 0.027083333333333334 0.03
15 0.9973958333333334 0.5025 0.005208333333333333 0.023333333333333334