2 0.04791666666666667 0.5279166666666667 0.09583333333333334 0.1225
4 0.26484375 0.5279166666666667 0.2078125 0.14583333333333334
3 0.5825520833333333 0.5170833333333333 0.1984375 0.14916666666666667
2 0.8333333333333334 0.5291666666666667 0.1875 0.12166666666666667
2 0.96484375 0.4475 0.0703125 0.09
3 0.7533854166666667 0.44625 0.18697916666666667 0.11583333333333333
2 0.4544270833333333 0.44958333333333333 0.15260416666666668 0.10583333333333333
2 0.20130208333333333 0.45458333333333334 0.16822916666666668 0.09583333333333334
2 0.005989583333333334 0.4508333333333333 0.011979166666666667 0.08833333333333333
2 0.06510416666666667 0.3825 0.13020833333333334 0.08833333333333333
2 0.24661458333333333 0.37375 0.13489583333333333 0.09416666666666666
2 0.45703125 0.3725 0.12239583333333333 0.08666666666666667
2 0.64765625 0.355 0.1234375 0.08333333333333333
4 0.79375 0.35333333333333333 0.10833333333333334 0.07833333333333334
2 0.9377604166666667 0.3416666666666667 0.1203125 0.07166666666666667
6 0.7802083333333333 0.30666666666666664 0.12916666666666668 0.08333333333333333
2 0.6421875 0.31833333333333336 0.09791666666666667 0.075
6 0.47578125 0.31166666666666665 0.11927083333333334 0.09166666666666666
4 0.3182291666666667 0.3304166666666667 0.10833333333333334 0.0775
13 0.9296875 0.77375 0.140625 0.14083333333333334
2 1.0 0.8545833333333334 0.0 0.20916666666666667