13 0.4348958333333333 0.5479166666666667 0.053125 0.0475
4 0.21145833333333333 0.6716666666666666 0.153125 0.15666666666666668
2 0.3575520833333333 0.575 0.09010416666666667 0.08333333333333333
6 0.24244791666666668 0.57 0.1359375 0.12
2 0.045572916666666664 0.7566666666666667 0.09114583333333333 0.19833333333333333
6 0.2078125 0.49625 0.09479166666666666 0.07416666666666667
4 0.14453125 0.5295833333333333 0.05572916666666667 0.025833333333333333
15 0.7580729166666667 0.5041666666666667 0.015104166666666667 0.018333333333333333
15 0.6114583333333333 0.5425 0.022916666666666665 0.025
15 0.5942708333333333 0.5420833333333334 0.022916666666666665 0.0225
15 0.6494791666666667 0.5354166666666667 0.023958333333333335 0.024166666666666666
15 0.628125 0.49583333333333335 0.015625 0.016666666666666666
15 0.6203125 0.5058333333333334 0.01875 0.021666666666666667
15 0.60625 0.4975 0.014583333333333334 0.015
15 0.59375 0.49833333333333335 0.015625 0.021666666666666667
15 0.5591145833333333 0.5354166666666667 0.028645833333333332 0.020833333333333332
15 0.5505208333333333 0.5408333333333334 0.019791666666666666 0.023333333333333334
16 0.48463541666666665 0.7245833333333334 0.0359375 0.04416666666666667
15 0.46380208333333334 0.7175 0.0484375 0.041666666666666664