2 0.7119791666666667 0.47208333333333335 0.0875 0.06416666666666666
6 0.7901041666666667 0.43875 0.10625 0.06583333333333333
11 0.47942708333333334 0.4083333333333333 0.09947916666666666 0.06666666666666667
15 0.33359375 0.45166666666666666 0.0015625 0.008333333333333333
15 0.36380208333333336 0.445 0.0109375 0.01
15 0.4119791666666667 0.44625 0.011458333333333333 0.010833333333333334
15 0.69296875 0.4975 0.025520833333333333 0.021666666666666667
15 0.88515625 0.53125 0.024479166666666666 0.024166666666666666
15 0.51015625 0.5404166666666667 0.021354166666666667 0.0225
15 0.4752604166666667 0.5483333333333333 0.028645833333333332 0.02
15 0.4786458333333333 0.48291666666666666 0.017708333333333333 0.020833333333333332
15 0.44635416666666666 0.48291666666666666 0.01875 0.0175
15 0.42942708333333335 0.43875 0.0026041666666666665 0.0075
2 0.94765625 0.5875 0.1046875 0.1
2 0.7260416666666667 0.6183333333333333 0.15104166666666666 0.10333333333333333
2 0.4127604166666667 0.7283333333333334 0.14635416666666667 0.15333333333333332
2 0.32864583333333336 0.5941666666666666 0.11666666666666667 0.12166666666666667
2 0.171875 0.7029166666666666 0.15833333333333333 0.16583333333333333
2 0.0 0.90625 0.0 0.1325
2 0.29661458333333335 0.5554166666666667 0.1078125 0.0975
6 0.15494791666666666 0.62375 0.17552083333333332 0.15583333333333332
2 0.23463541666666668 0.49541666666666667 0.06822916666666666 0.0575
13 0.16614583333333333 0.53875 0.040625 0.0275
2 0.14661458333333333 0.5258333333333334 0.06927083333333334 0.03833333333333333
2 0.012239583333333333 0.595 0.024479166666666666 0.09333333333333334
2 0.0 0.7025 0.0 0.16166666666666665
2 0.98984375 0.45375 0.0203125 0.06583333333333333