2 0.33125 0.605 0.11354166666666667 0.12
2 0.0828125 0.7016666666666667 0.165625 0.17
2 0.30625 0.5583333333333333 0.090625 0.08666666666666667
2 0.15260416666666668 0.7108333333333333 0.1625 0.165
5 0.9424479166666667 0.5758333333333333 0.11510416666666666 0.10833333333333334
2 1.0 0.7804166666666666 0.0 0.2425
3 1.0 0.5425 0.0 0.14833333333333334
0 0.9596354166666666 0.4979166666666667 0.08072916666666667 0.0825
2 0.7432291666666667 0.46166666666666667 0.08020833333333334 0.06166666666666667
3 0.13723958333333333 0.5275 0.0515625 0.035
2 0.21354166666666666 0.5175 0.07604166666666666 0.065
15 0.596875 0.5354166666666667 0.03958333333333333 0.0325
0 0.5403645833333334 0.43833333333333335 0.04635416666666667 0.041666666666666664
3 0.01875 0.5991666666666666 0.0375 0.075