15 0.5736979166666667 0.5208333333333334 0.028645833333333332 0.03333333333333333
4 0.9958333333333333 0.4529166666666667 0.008333333333333333 0.0575
6 0.01640625 0.6008333333333333 0.0328125 0.11
2 0.19375 0.5320833333333334 0.08229166666666667 0.049166666666666664
13 0.7106770833333333 0.43333333333333335 0.03697916666666667 0.025
4 0.22213541666666667 0.47208333333333335 0.058854166666666666 0.050833333333333335
2 0.13255208333333332 0.5370833333333334 0.050520833333333334 0.050833333333333335
2 0.9942708333333333 0.4295833333333333 0.011458333333333333 0.04416666666666667
4 0.3458333333333333 0.5795833333333333 0.10833333333333334 0.11416666666666667
6 0.27395833333333336 0.5695833333333333 0.11666666666666667 0.11083333333333334
2 0.14427083333333332 0.7208333333333333 0.18958333333333333 0.185
13 0.91640625 0.41083333333333333 0.034895833333333334 0.013333333333333334
2 0.02578125 0.6266666666666667 0.009895833333333333 0.006666666666666667