2 0.35833333333333334 0.57375 0.1 0.10916666666666666
2 0.33151041666666664 0.5425 0.0765625 0.07666666666666666
4 0.09921875 0.7516666666666667 0.1984375 0.22
2 0.6705729166666666 0.4166666666666667 0.030729166666666665 0.021666666666666667
2 0.9484375 0.44666666666666666 0.103125 0.06166666666666667
15 0.6299479166666667 0.4975 0.0171875 0.016666666666666666
13 0.5841145833333333 0.5179166666666667 0.03802083333333333 0.034166666666666665
15 0.5604166666666667 0.5341666666666667 0.028125 0.041666666666666664
15 0.6158854166666666 0.5375 0.027604166666666666 0.023333333333333334
11 0.008854166666666666 0.5316666666666666 0.017708333333333333 0.10333333333333333
15 0.8234375 0.64375 0.03854166666666667 0.04583333333333333
2 0.21692708333333333 0.51 0.08072916666666667 0.06833333333333333
5 0.14583333333333334 0.5083333333333333 0.096875 0.07333333333333333
2 0.15520833333333334 0.5554166666666667 0.046875 0.07083333333333333