5 0.3619791666666667 0.565 0.11041666666666666 0.11166666666666666
2 0.18229166666666666 0.69375 0.16458333333333333 0.16416666666666666
4 0.24192708333333332 0.5925 0.10885416666666667 0.10333333333333333
2 0.0625 0.7216666666666667 0.125 0.175
11 0.6700520833333333 0.44666666666666666 0.18385416666666668 0.11
0 0.9544270833333334 0.4825 0.09114583333333333 0.08
0 0.17786458333333333 0.52625 0.08802083333333334 0.0725
2 0.13177083333333334 0.54 0.023958333333333335 0.016666666666666666
2 0.0171875 0.6279166666666667 0.034375 0.11916666666666667
15 0.584375 0.56125 0.03125 0.0275
15 0.6067708333333334 0.4979166666666667 0.020833333333333332 0.019166666666666665
15 0.525 0.5125 0.021875 0.018333333333333333
15 0.50078125 0.4691666666666667 0.019270833333333334 0.02
15 0.4765625 0.4825 0.017708333333333333 0.016666666666666666
15 0.4703125 0.46125 0.009375 0.014166666666666666
13 0.37005208333333334 0.43041666666666667 0.009895833333333333 0.0075
15 0.33151041666666664 0.45916666666666667 0.011979166666666667 0.016666666666666666
15 0.32864583333333336 0.45916666666666667 0.013541666666666667 0.011666666666666667
15 0.36432291666666666 0.4379166666666667 0.0015625 0.005833333333333334
15 0.35963541666666665 0.445 0.0109375 0.01
15 0.35052083333333334 0.44458333333333333 0.010416666666666666 0.009166666666666667
15 0.3223958333333333 0.42833333333333334 0.010416666666666666 0.006666666666666667
15 0.26536458333333335 0.44083333333333335 0.0109375 0.008333333333333333
15 0.3611979166666667 0.4225 0.0026041666666666665 0.0033333333333333335
15 0.39921875 0.43166666666666664 0.009895833333333333 0.008333333333333333
15 0.38333333333333336 0.445 0.010416666666666666 0.005
2 0.4864583333333333 0.42583333333333334 0.035416666666666666 0.021666666666666667
2 0.5736979166666667 0.41833333333333333 0.0296875 0.015
2 0.98828125 0.45916666666666667 0.0234375 0.06166666666666667