4 0.35963541666666665 0.5716666666666667 0.09322916666666667 0.105
4 0.2359375 0.6533333333333333 0.13020833333333334 0.135
2 0.065625 0.81125 0.13125 0.25416666666666665
2 0.27760416666666665 0.5745833333333333 0.11145833333333334 0.11083333333333334
5 0.1 0.6708333333333333 0.18541666666666667 0.16333333333333333
3 0.1609375 0.5320833333333334 0.109375 0.08583333333333333
2 0.015885416666666666 0.63125 0.03177083333333333 0.1025
15 0.6864583333333333 0.49625 0.016666666666666666 0.0175
15 0.7729166666666667 0.49625 0.026041666666666668 0.024166666666666666
15 0.575 0.5125 0.017708333333333333 0.018333333333333333
15 0.6028645833333334 0.5208333333333334 0.025520833333333333 0.03
15 0.6072916666666667 0.49833333333333335 0.022916666666666665 0.021666666666666667