2 0.36041666666666666 0.52875 0.07083333333333333 0.0725
2 0.2265625 0.61 0.12083333333333333 0.11666666666666667
4 0.07786458333333333 0.7016666666666667 0.15572916666666667 0.16166666666666665
2 0.3497395833333333 0.5791666666666667 0.0890625 0.11166666666666666
4 0.21302083333333333 0.5108333333333334 0.08229166666666667 0.06666666666666667
5 0.013541666666666667 0.6091666666666666 0.027083333333333334 0.12
2 0.13776041666666666 0.5379166666666667 0.0421875 0.024166666666666666
2 0.13619791666666667 0.5691666666666667 0.034895833333333334 0.02666666666666667
2 0.8953125 0.4295833333333333 0.09895833333333333 0.05416666666666667
0 1.0 0.45416666666666666 0.0 0.04
4 1.0 0.4725 0.0 0.07833333333333334
2 1.0 0.505 0.0 0.075
5 1.0 0.5158333333333334 0.0 0.16166666666666665
3 0.19114583333333332 0.7729166666666667 0.196875 0.15916666666666668
4 0.99921875 0.5 0.0015625 0.09666666666666666
3 0.16484375 0.4945833333333333 0.0734375 0.0525
15 0.8255208333333334 0.77875 0.03958333333333333 0.06583333333333333
13 0.45625 0.51875 0.04479166666666667 0.0425