4 0.34322916666666664 0.5833333333333334 0.10416666666666667 0.11166666666666666
4 0.18411458333333333 0.69 0.15364583333333334 0.15833333333333333
2 0.2682291666666667 0.5866666666666667 0.109375 0.105
2 0.09036458333333333 0.6883333333333334 0.16197916666666667 0.15166666666666667
2 0.016666666666666666 0.62875 0.03333333333333333 0.09416666666666666
1 0.23645833333333333 0.5054166666666666 0.059375 0.0525
2 0.5765625 0.42625 0.05416666666666667 0.04416666666666667
11 0.7627604166666667 0.4675 0.2296875 0.125
2 1.0 0.6875 0.0 0.215
15 0.72734375 0.5054166666666666 0.034895833333333334 0.025833333333333333
15 0.684375 0.49083333333333334 0.03333333333333333 0.028333333333333332
15 0.6760416666666667 0.48875 0.03333333333333333 0.025833333333333333
15 0.56484375 0.48333333333333334 0.016145833333333335 0.016666666666666666