2 0.7203125 0.6558333333333334 0.16666666666666666 0.115
2 0.665625 0.43125 0.04791666666666667 0.034166666666666665
2 0.5294270833333333 0.4508333333333333 0.05364583333333333 0.04833333333333333
2 0.4 0.55625 0.090625 0.0925
4 0.35625 0.5291666666666667 0.08645833333333333 0.08333333333333333
2 0.3893229166666667 0.43166666666666664 0.03802083333333333 0.041666666666666664
2 0.28489583333333335 0.47458333333333336 0.04375 0.019166666666666665
6 0.22395833333333334 0.4945833333333333 0.09583333333333334 0.0725
2 0.14505208333333333 0.5358333333333334 0.0546875 0.025
13 0.018229166666666668 0.6125 0.036458333333333336 0.041666666666666664
15 0.8046875 0.4625 0.027083333333333334 0.02
15 0.7802083333333333 0.46291666666666664 0.027083333333333334 0.015833333333333335
13 0.9184895833333333 0.49583333333333335 0.0421875 0.023333333333333334
15 0.8747395833333333 0.44958333333333333 0.018229166666666668 0.014166666666666666
15 0.8768229166666667 0.4225 0.0005208333333333333 0.0033333333333333335
15 0.8770833333333333 0.4041666666666667 0.0010416666666666667 0.0033333333333333335
15 0.7880208333333333 0.4375 0.013541666666666667 0.008333333333333333
15 0.8692708333333333 0.4320833333333333 0.015625 0.009166666666666667
15 0.903125 0.4116666666666667 0.016666666666666666 0.008333333333333333
15 0.9143229166666667 0.42916666666666664 0.019270833333333334 0.018333333333333333