0 0.36276041666666664 0.57 0.07447916666666667 0.085
15 0.6786458333333333 0.6333333333333333 0.05520833333333333 0.051666666666666666
15 0.5942708333333333 0.5875 0.028125 0.035
15 0.6127604166666667 0.5641666666666667 0.03177083333333333 0.025
15 0.5911458333333334 0.5279166666666667 0.025 0.019166666666666665
15 0.56484375 0.5266666666666666 0.021354166666666667 0.025
15 0.6018229166666667 0.52 0.030729166666666665 0.016666666666666666
15 0.5494791666666666 0.5270833333333333 0.025 0.020833333333333332
15 0.584375 0.5125 0.022916666666666665 0.021666666666666667
15 0.51953125 0.5345833333333333 0.03177083333333333 0.025833333333333333
15 0.47994791666666664 0.5195833333333333 0.03177083333333333 0.0225
15 0.4390625 0.44666666666666666 0.0125 0.013333333333333334
15 0.42864583333333334 0.4608333333333333 0.010416666666666666 0.013333333333333334
15 0.58203125 0.48291666666666666 0.0067708333333333336 0.0125
3 0.20885416666666667 0.66875 0.17395833333333333 0.17583333333333334
0 0.19244791666666666 0.6041666666666666 0.10260416666666666 0.10166666666666667
4 0.3182291666666667 0.5475 0.0875 0.08666666666666667
0 0.005989583333333334 0.8591666666666666 0.011979166666666667 0.23
2 0.034895833333333334 0.7729166666666667 0.06979166666666667 0.2225
5 0.20651041666666667 0.5025 0.10052083333333334 0.07833333333333334
4 0.13854166666666667 0.5275 0.057291666666666664 0.04833333333333333
2 0.0140625 0.6079166666666667 0.028125 0.09583333333333334
11 0.8783854166666667 0.4975 0.24322916666666666 0.18666666666666668
4 0.5893229166666667 0.45375 0.0546875 0.0425
4 0.51640625 0.4191666666666667 0.0390625 0.03833333333333333
9 0.9861979166666667 0.4166666666666667 0.027604166666666666 0.09333333333333334
4 0.9145833333333333 0.6083333333333333 0.17083333333333334 0.12333333333333334