13 0.809375 0.42 0.027083333333333334 0.016666666666666666
2 0.9908854166666666 0.4625 0.018229166666666668 0.075
2 1.0 0.63625 0.0 0.17583333333333334
2 0.7885416666666667 0.45958333333333334 0.08958333333333333 0.06416666666666666
2 0.6296875 0.4475 0.027083333333333334 0.03333333333333333
2 0.0 0.6458333333333334 0.0 0.10666666666666667
1 0.18880208333333334 0.4875 0.05677083333333333 0.045
2 0.35390625 0.5775 0.08802083333333334 0.095
4 0.3033854166666667 0.5533333333333333 0.10677083333333333 0.1
2 0.09244791666666667 0.6875 0.17239583333333333 0.15666666666666668
1 0.23802083333333332 0.5041666666666667 0.059375 0.05
4 0.15572916666666667 0.5233333333333333 0.07708333333333334 0.045
2 0.14635416666666667 0.555 0.059375 0.03666666666666667
4 0.013802083333333333 0.5904166666666667 0.027604166666666666 0.0525
2 0.008854166666666666 0.6570833333333334 0.017708333333333333 0.1325