13 0.46380208333333334 0.5325 0.04739583333333333 0.035
4 0.35494791666666664 0.5779166666666666 0.09635416666666667 0.10083333333333333
1 0.16432291666666668 0.7008333333333333 0.1390625 0.14666666666666667
2 0.21354166666666666 0.5125 0.07708333333333334 0.06166666666666667
2 0.14505208333333333 0.5329166666666667 0.0609375 0.035833333333333335
2 0.014583333333333334 0.6033333333333334 0.029166666666666667 0.09166666666666666
4 0.34296875 0.4508333333333333 0.0578125 0.02666666666666667
13 0.8221354166666667 0.43583333333333335 0.03697916666666667 0.021666666666666667
15 0.5408854166666667 0.52625 0.019270833333333334 0.024166666666666666
15 0.58828125 0.49875 0.0171875 0.019166666666666665
15 0.5825520833333333 0.5354166666666667 0.027604166666666666 0.029166666666666667