4 0.34791666666666665 0.575 0.09583333333333334 0.10333333333333333
4 0.153125 0.715 0.18125 0.19
11 0.0171875 0.83375 0.034375 0.3325
2 0.33125 0.54375 0.08229166666666667 0.07583333333333334
4 0.14921875 0.6433333333333333 0.12135416666666667 0.11666666666666667
4 0.175 0.5304166666666666 0.078125 0.06583333333333333
2 0.8583333333333333 0.47333333333333333 0.1 0.07166666666666667
11 0.6390625 0.4216666666666667 0.1625 0.09833333333333333
3 0.5768229166666666 0.4454166666666667 0.06510416666666667 0.0525
15 0.71015625 0.49833333333333335 0.0421875 0.03
15 0.35234375 0.4529166666666667 0.0234375 0.020833333333333332
15 0.7518229166666667 0.5045833333333334 0.016145833333333335 0.0275
15 0.6697916666666667 0.4895833333333333 0.028125 0.0225
15 0.6559895833333333 0.4816666666666667 0.018229166666666668 0.013333333333333334
15 0.5166666666666667 0.49041666666666667 0.03125 0.0225
15 0.4557291666666667 0.49875 0.020833333333333332 0.0175
15 0.47291666666666665 0.4691666666666667 0.022916666666666665 0.015
15 0.47734375 0.45458333333333334 0.018229166666666668 0.0175
15 0.38177083333333334 0.44583333333333336 0.0125 0.013333333333333334
15 0.37447916666666664 0.44666666666666666 0.015625 0.015
15 0.35182291666666665 0.43041666666666667 0.0140625 0.014166666666666666