3 0.5822916666666667 0.5170833333333333 0.19791666666666666 0.14916666666666667
4 0.8411458333333334 0.5291666666666667 0.18854166666666666 0.12333333333333334
3 0.7552083333333334 0.44583333333333336 0.1875 0.11833333333333333
2 0.4544270833333333 0.4483333333333333 0.15260416666666668 0.105
4 0.26666666666666666 0.52625 0.20520833333333333 0.1375
2 0.20130208333333333 0.45458333333333334 0.16822916666666668 0.09416666666666666
2 0.05182291666666667 0.52625 0.10364583333333334 0.1275
2 0.005729166666666666 0.4525 0.011458333333333333 0.08666666666666667
2 0.06510416666666667 0.38166666666666665 0.13020833333333334 0.08833333333333333
2 0.014322916666666666 0.3441666666666667 0.028645833333333332 0.07166666666666667
2 0.146875 0.34541666666666665 0.06354166666666666 0.07083333333333333
4 0.24661458333333333 0.37333333333333335 0.13489583333333333 0.095
4 0.3184895833333333 0.33125 0.10885416666666667 0.0775
2 0.45703125 0.3725 0.12239583333333333 0.08666666666666667
5 0.4744791666666667 0.3120833333333333 0.121875 0.0925
2 0.6479166666666667 0.3545833333333333 0.12395833333333334 0.07916666666666666
2 0.64453125 0.31958333333333333 0.09739583333333333 0.0675
4 0.79453125 0.3545833333333333 0.1078125 0.07416666666666667
5 0.7799479166666666 0.3070833333333333 0.1296875 0.08416666666666667
2 0.9369791666666667 0.34208333333333335 0.11770833333333333 0.07083333333333333
2 0.97265625 0.4475 0.0546875 0.11666666666666667
13 0.92890625 0.7720833333333333 0.1421875 0.12916666666666668
2 1.0 0.8554166666666667 0.0 0.19083333333333333