2 0.35182291666666665 0.5754166666666667 0.08489583333333334 0.1025
2 0.2799479166666667 0.5754166666666667 0.1078125 0.09916666666666667
2 0.09869791666666666 0.6804166666666667 0.16510416666666666 0.14583333333333334
1 0.20416666666666666 0.66875 0.11770833333333333 0.12583333333333332
2 0.048177083333333336 0.82625 0.09635416666666667 0.22583333333333333
2 0.23489583333333333 0.505 0.07291666666666667 0.058333333333333334
1 0.1453125 0.5533333333333333 0.06458333333333334 0.056666666666666664
2 0.016666666666666666 0.63125 0.03333333333333333 0.0975
15 0.7263020833333333 0.49666666666666665 0.022395833333333334 0.016666666666666666
15 0.73671875 0.4970833333333333 0.024479166666666666 0.0175
15 0.4596354166666667 0.5116666666666667 0.019270833333333334 0.018333333333333333
15 0.5065104166666666 0.51875 0.0265625 0.020833333333333332
15 0.4515625 0.4979166666666667 0.019791666666666666 0.015833333333333335
15 0.5390625 0.5116666666666667 0.017708333333333333 0.02
15 0.5216145833333333 0.49833333333333335 0.021354166666666667 0.016666666666666666
15 0.4700520833333333 0.47583333333333333 0.0109375 0.016666666666666666
15 0.8536458333333333 0.71875 0.034375 0.05583333333333333
15 0.81484375 0.6075 0.03802083333333333 0.043333333333333335
15 0.5822916666666667 0.48333333333333334 0.019791666666666666 0.016666666666666666
15 0.5434895833333333 0.48125 0.0140625 0.015833333333333335
15 0.85078125 0.3983333333333333 0.015104166666666667 0.008333333333333333
2 0.51796875 0.39625 0.0234375 0.0075
2 0.44557291666666665 0.38083333333333336 0.0171875 0.02
6 0.39947916666666666 0.3729166666666667 0.026041666666666668 0.024166666666666666
13 0.8669270833333333 0.5266666666666666 0.04635416666666667 0.035