1 0.8270833333333333 0.3129166666666667 0.08541666666666667 0.059166666666666666
2 0.7 0.3229166666666667 0.10208333333333333 0.049166666666666664
1 0.5072916666666667 0.3225 0.07604166666666666 0.06666666666666667
4 0.3533854166666667 0.32916666666666666 0.10052083333333334 0.07666666666666666
2 0.1703125 0.3425 0.128125 0.07333333333333333
2 0.84296875 0.35125 0.1203125 0.07416666666666667
1 0.7028645833333333 0.34125 0.09739583333333333 0.07583333333333334
2 0.48333333333333334 0.36625 0.11770833333333333 0.08416666666666667
2 0.5822916666666667 0.5295833333333333 0.18645833333333334 0.13083333333333333
11 0.9151041666666667 0.48125 0.16979166666666667 0.2125
2 0.8166666666666667 0.24833333333333332 0.05520833333333333 0.008333333333333333