2 0.8453125 0.3125 0.10104166666666667 0.06166666666666667
4 0.7078125 0.31916666666666665 0.11354166666666667 0.08
2 0.5640625 0.33166666666666667 0.09791666666666667 0.06333333333333334
3 0.415625 0.31916666666666665 0.11666666666666667 0.09
2 0.9565104166666667 0.3545833333333333 0.0515625 0.034166666666666665
0 0.825 0.34708333333333335 0.103125 0.0725
2 0.64140625 0.3675 0.12135416666666667 0.08333333333333333
0 0.24947916666666667 0.33708333333333335 0.115625 0.08416666666666667
2 0.41796875 0.3720833333333333 0.12447916666666667 0.08916666666666667
4 0.06432291666666666 0.33916666666666667 0.12864583333333332 0.08166666666666667
4 0.075 0.3775 0.15 0.10333333333333333
2 0.38203125 0.5508333333333333 0.1796875 0.13666666666666666