4 0.6596354166666667 0.4354166666666667 0.049479166666666664 0.0275
2 0.534375 0.45208333333333334 0.05 0.035833333333333335
2 0.5309895833333333 0.49916666666666665 0.0515625 0.041666666666666664
2 0.27421875 0.5895833333333333 0.09635416666666667 0.09583333333333334
2 0.2713541666666667 0.6466666666666666 0.13333333333333333 0.13833333333333334
0 0.0 0.8354166666666667 0.0 0.20416666666666666
15 1.0 0.7454166666666666 0.0 0.0875
15 0.9942708333333333 0.8141666666666667 0.011458333333333333 0.085
15 0.9776041666666667 0.44333333333333336 0.021875 0.018333333333333333
15 1.0 0.42375 0.0 0.0125
2 0.36640625 0.4483333333333333 0.044270833333333336 0.041666666666666664
3 0.24244791666666668 0.48041666666666666 0.06510416666666667 0.05416666666666667
2 0.16770833333333332 0.5441666666666667 0.09166666666666666 0.065
2 0.013802083333333333 0.5916666666666667 0.027604166666666666 0.06166666666666667
4 0.0 0.6808333333333333 0.0 0.13666666666666666
2 0.0 0.7583333333333333 0.0 0.17333333333333334
4 0.0 0.9445833333333333 0.0 0.11083333333333334