4 0.35104166666666664 0.5766666666666667 0.09583333333333334 0.10333333333333333
4 0.18645833333333334 0.6904166666666667 0.17395833333333333 0.1775
13 0.56015625 0.5275 0.044270833333333336 0.04666666666666667
15 0.63828125 0.49875 0.021354166666666667 0.0175
4 0.7268229166666667 0.42625 0.0671875 0.0225
15 0.6091145833333333 0.5508333333333333 0.0171875 0.03
2 0.33515625 0.54625 0.08802083333333334 0.07916666666666666
2 0.18958333333333333 0.63375 0.13333333333333333 0.12083333333333333
2 0.016927083333333332 0.8558333333333333 0.033854166666666664 0.235
2 0.02890625 0.77125 0.0578125 0.21416666666666667
4 0.9328125 0.45208333333333334 0.08958333333333333 0.04416666666666667
4 0.9302083333333333 0.42 0.09270833333333334 0.04666666666666667