11 0.8044270833333333 0.6966666666666667 0.39114583333333336 0.19833333333333333
2 0.3893229166666667 0.7295833333333334 0.18072916666666666 0.1325
4 0.5109375 0.6508333333333334 0.12916666666666668 0.09833333333333333
2 0.2903645833333333 0.6495833333333333 0.15364583333333334 0.10416666666666667
4 0.06197916666666667 0.635 0.12395833333333334 0.09166666666666666
2 0.46171875 0.5770833333333333 0.10260416666666666 0.07916666666666666
2 0.25807291666666665 0.5866666666666667 0.1234375 0.07666666666666666
5 0.77421875 0.5520833333333334 0.1234375 0.07916666666666666
2 0.65625 0.5729166666666666 0.10625 0.06583333333333333
2 0.1484375 0.5508333333333333 0.10625 0.065
13 0.90078125 0.9670833333333333 0.14947916666666666 0.06583333333333333
0 0.4515625 0.53875 0.078125 0.05416666666666667
2 0.5619791666666667 0.5366666666666666 0.09479166666666666 0.06166666666666667
2 0.09921875 0.5875 0.12552083333333333 0.07166666666666667
2 0.6825520833333333 0.53375 0.0734375 0.05583333333333333
3 0.08125 0.7195833333333334 0.1625 0.14583333333333334
2 0.996875 0.9979166666666667 0.00625 0.004166666666666667
4 0.28880208333333335 0.5416666666666666 0.09947916666666666 0.065