5 1.0 0.49833333333333335 0.0 0.17166666666666666
2 0.3263020833333333 0.45166666666666666 0.09114583333333333 0.11166666666666666
2 0.5828125 0.44916666666666666 0.15520833333333334 0.105
2 0.8010416666666667 0.45 0.175 0.10333333333333333
4 0.9638020833333333 0.4429166666666667 0.07239583333333334 0.10083333333333333
2 0.7427083333333333 0.3566666666666667 0.11666666666666667 0.07
1 0.5411458333333333 0.36291666666666667 0.11666666666666667 0.0925
11 0.22552083333333334 0.35791666666666666 0.371875 0.18583333333333332
2 0.026041666666666668 0.3720833333333333 0.052083333333333336 0.08583333333333333
2 0.78671875 0.31916666666666665 0.11614583333333334 0.06833333333333333
13 0.8942708333333333 0.3154166666666667 0.05 0.019166666666666665
11 0.16276041666666666 0.4920833333333333 0.3255208333333333 0.23083333333333333