2 0.390625 0.5633333333333334 0.09270833333333334 0.1
4 0.33229166666666665 0.5441666666666667 0.08020833333333334 0.08333333333333333
2 0.19947916666666668 0.6829166666666666 0.14791666666666667 0.14416666666666667
4 0.159375 0.6341666666666667 0.153125 0.14166666666666666
2 0.03359375 0.8383333333333334 0.0671875 0.21833333333333332
2 0.029947916666666668 0.7775 0.059895833333333336 0.21166666666666667
15 0.55234375 0.51875 0.030729166666666665 0.019166666666666665
15 0.6638020833333333 0.47375 0.0328125 0.025833333333333333
2 0.6424479166666667 0.43666666666666665 0.05572916666666667 0.03333333333333333
9 0.8049479166666667 0.3983333333333333 0.13802083333333334 0.07333333333333333
2 0.9471354166666667 0.45 0.10572916666666667 0.06833333333333333
4 1.0 0.48541666666666666 0.0 0.10083333333333333
2 1.0 0.5704166666666667 0.0 0.16916666666666666
2 0.18880208333333334 0.52625 0.0890625 0.07083333333333333
2 0.14375 0.5270833333333333 0.07291666666666667 0.060833333333333336
2 0.011197916666666667 0.6066666666666667 0.022395833333333334 0.105
2 0.019010416666666665 0.6020833333333333 0.027604166666666666 0.05583333333333333