2 0.3533854166666667 0.5895833333333333 0.09947916666666666 0.10416666666666667
4 0.2796875 0.5729166666666666 0.09479166666666666 0.09416666666666666
4 0.18151041666666667 0.6975 0.14635416666666667 0.15333333333333332
4 0.09921875 0.68 0.15572916666666667 0.145
4 0.21796875 0.5095833333333334 0.08489583333333334 0.07083333333333333
2 0.78046875 0.6304166666666666 0.14947916666666666 0.11416666666666667
4 0.16223958333333333 0.49666666666666665 0.059895833333333336 0.055
4 0.6666666666666666 0.42791666666666667 0.051041666666666666 0.030833333333333334
15 0.7645833333333333 0.49625 0.023958333333333335 0.019166666666666665
15 0.6348958333333333 0.49041666666666667 0.03125 0.019166666666666665
15 0.5841145833333333 0.4979166666666667 0.021354166666666667 0.0175
15 0.5963541666666666 0.505 0.03229166666666667 0.016666666666666666
15 0.5731770833333333 0.5125 0.018229166666666668 0.018333333333333333
15 0.6036458333333333 0.5354166666666667 0.03229166666666667 0.020833333333333332
15 0.5455729166666666 0.5354166666666667 0.03177083333333333 0.0225
15 0.50859375 0.5470833333333334 0.03177083333333333 0.025833333333333333
2 0.0 0.6333333333333333 0.0 0.115