11 0.6252604166666667 0.6266666666666667 0.3067708333333333 0.21833333333333332
2 0.87109375 0.58875 0.15677083333333333 0.09916666666666667
2 0.37916666666666665 0.56625 0.09791666666666667 0.09583333333333334
2 0.21796875 0.67 0.14322916666666666 0.14666666666666667
2 0.055989583333333336 0.8233333333333334 0.11197916666666667 0.25
4 0.3015625 0.5625 0.09791666666666667 0.09666666666666666
15 0.9231770833333334 0.69625 0.0578125 0.07583333333333334
0 0.22552083333333334 0.5083333333333333 0.06145833333333333 0.05333333333333334
15 0.7591145833333334 0.4995833333333333 0.04114583333333333 0.0225
2 0.003125 0.6604166666666667 0.00625 0.1375
13 0.43463541666666666 0.47583333333333333 0.015104166666666667 0.02
2 0.7036458333333333 0.4483333333333333 0.07708333333333334 0.051666666666666666
2 0.9606770833333333 0.4970833333333333 0.07864583333333333 0.08416666666666667
13 0.3606770833333333 0.445 0.009895833333333333 0.01
15 0.4088541666666667 0.44625 0.0125 0.014166666666666666
4 0.64375 0.45875 0.06458333333333334 0.05583333333333333
2 0.13828125 0.6645833333333333 0.1609375 0.14416666666666667
2 0.14609375 0.55375 0.06510416666666667 0.0575
4 0.4791666666666667 0.41833333333333333 0.036458333333333336 0.043333333333333335
2 0.14947916666666666 0.52875 0.04895833333333333 0.025833333333333333
15 0.42604166666666665 0.44625 0.010416666666666666 0.010833333333333334
15 0.43307291666666664 0.44666666666666666 0.011979166666666667 0.011666666666666667
2 0.014583333333333334 0.60875 0.026041666666666668 0.0225
2 1.0 0.4395833333333333 0.0 0.0475