4 0.31354166666666666 0.5533333333333333 0.09375 0.095
13 0.39921875 0.5529166666666666 0.058854166666666666 0.04583333333333333
15 0.5716145833333334 0.6141666666666666 0.03802083333333333 0.03166666666666667
15 0.5986979166666667 0.57875 0.03177083333333333 0.025833333333333333
15 0.58671875 0.5795833333333333 0.034895833333333334 0.030833333333333334
15 0.5895833333333333 0.53375 0.030208333333333334 0.019166666666666665
15 0.5786458333333333 0.5466666666666666 0.029166666666666667 0.016666666666666666
15 0.6177083333333333 0.5216666666666666 0.029166666666666667 0.02
15 0.6083333333333333 0.5275 0.022916666666666665 0.023333333333333334
3 0.40572916666666664 0.4395833333333333 0.041666666666666664 0.0325
11 0.7614583333333333 0.41833333333333333 0.15625 0.08833333333333333
2 0.8932291666666666 0.43083333333333335 0.08645833333333333 0.03833333333333333
4 1.0 0.5141666666666667 0.0 0.11833333333333333
2 0.20260416666666667 0.5325 0.06458333333333334 0.045
15 0.6096354166666667 0.5045833333333334 0.033854166666666664 0.0275
15 0.5963541666666666 0.5041666666666667 0.013541666666666667 0.025
16 0.6125 0.4891666666666667 0.014583333333333334 0.028333333333333332
16 0.6234375 0.5179166666666667 0.030208333333333334 0.020833333333333332