4 0.309375 0.5566666666666666 0.10416666666666667 0.09833333333333333
2 0.33958333333333335 0.5895833333333333 0.1 0.10583333333333333
4 0.17838541666666666 0.645 0.14010416666666667 0.125
2 0.10208333333333333 0.7470833333333333 0.2 0.2025
6 0.18854166666666666 0.5125 0.10416666666666667 0.08
1 0.13203125 0.53125 0.03697916666666667 0.0225
15 0.6072916666666667 0.4820833333333333 0.022916666666666665 0.0175
15 0.6205729166666667 0.4979166666666667 0.016145833333333335 0.014166666666666666
15 0.6153645833333333 0.5041666666666667 0.0265625 0.025
15 0.58203125 0.51125 0.0203125 0.0175
15 0.5744791666666667 0.5266666666666666 0.01875 0.025
15 0.63046875 0.55 0.034895833333333334 0.028333333333333332
15 0.4903645833333333 0.6491666666666667 0.0515625 0.045
4 0.96796875 0.8175 0.0640625 0.24833333333333332
1 1.0 0.6254166666666666 0.0 0.1375
4 0.00703125 0.5479166666666667 0.0140625 0.060833333333333336
2 1.0 0.47875 0.0 0.059166666666666666