4 0.8674479166666667 0.31333333333333335 0.04635416666666667 0.06
3 0.7856770833333333 0.3175 0.11510416666666666 0.07333333333333333
4 0.6591145833333333 0.32 0.0953125 0.075
0 0.5125 0.31833333333333336 0.07916666666666666 0.056666666666666664
2 0.375 0.3333333333333333 0.10208333333333333 0.07
4 0.19427083333333334 0.335 0.125 0.08
2 0.04921875 0.3441666666666667 0.0984375 0.08
2 0.7536458333333333 0.3570833333333333 0.12395833333333334 0.0725
4 0.5283854166666667 0.3595833333333333 0.11302083333333333 0.0725
4 0.3494791666666667 0.36625 0.13333333333333333 0.09416666666666666
2 0.17864583333333334 0.37875 0.14583333333333334 0.0825
2 0.034895833333333334 0.3825 0.06979166666666667 0.09666666666666666
3 0.8682291666666667 0.42916666666666664 0.19479166666666667 0.115
4 0.65625 0.44083333333333335 0.15520833333333334 0.10666666666666667
2 0.43515625 0.44875 0.15052083333333333 0.10916666666666666
2 0.11458333333333333 0.45166666666666666 0.18020833333333333 0.09
2 0.012239583333333333 0.44583333333333336 0.024479166666666666 0.12
2 0.9955729166666667 0.5391666666666667 0.008854166666666666 0.125
4 0.6716145833333333 0.52625 0.1953125 0.13583333333333333
4 0.37083333333333335 0.51625 0.16145833333333334 0.1275
4 0.10390625 0.5225 0.2078125 0.13666666666666666
3 1.0 0.9504166666666667 0.0 0.09916666666666667