2 0.7971354166666667 0.6379166666666667 0.16822916666666668 0.11416666666666667
1 0.65859375 0.43041666666666667 0.0390625 0.0225
4 0.5919270833333333 0.4241666666666667 0.0453125 0.04
4 0.15 0.6525 0.15104166666666666 0.14166666666666666
2 0.121875 0.7391666666666666 0.19479166666666667 0.195
15 0.8536458333333333 0.4325 0.022916666666666665 0.015
15 0.8645833333333334 0.4775 0.035416666666666666 0.023333333333333334
3 0.48776041666666664 0.49541666666666667 0.07239583333333334 0.07416666666666667
15 0.9083333333333333 0.4479166666666667 0.021875 0.0175
13 0.6557291666666667 0.53375 0.04791666666666667 0.04583333333333333
15 0.81953125 0.445 0.03177083333333333 0.018333333333333333
4 0.14973958333333334 0.54375 0.0859375 0.0675
2 0.36223958333333334 0.4479166666666667 0.049479166666666664 0.04583333333333333
2 0.32473958333333336 0.44416666666666665 0.04739583333333333 0.04666666666666667