2 0.33515625 0.5441666666666667 0.0796875 0.07
4 0.35078125 0.5766666666666667 0.0953125 0.1
4 0.18828125 0.6883333333333334 0.16822916666666668 0.16833333333333333
2 0.18958333333333333 0.63375 0.128125 0.1175
2 0.014583333333333334 0.85875 0.029166666666666667 0.23583333333333334
2 0.028645833333333332 0.7729166666666667 0.057291666666666664 0.2075
3 0.19348958333333333 0.5166666666666667 0.0953125 0.07666666666666666
2 0.13541666666666666 0.5379166666666667 0.03854166666666667 0.0225
3 0.017708333333333333 0.605 0.035416666666666666 0.08
13 0.5513020833333333 0.52 0.04010416666666667 0.03
15 0.6026041666666667 0.535 0.03229166666666667 0.021666666666666667
15 0.665625 0.4820833333333333 0.021875 0.019166666666666665
15 0.5364583333333334 0.5491666666666667 0.03229166666666667 0.021666666666666667
15 0.7622395833333333 0.6929166666666666 0.0328125 0.0675
15 0.7692708333333333 0.6795833333333333 0.07083333333333333 0.09583333333333334
11 0.007552083333333333 0.5275 0.015104166666666667 0.1
2 0.48541666666666666 0.43166666666666664 0.05625 0.03666666666666667
2 0.83203125 0.44166666666666665 0.0828125 0.03833333333333333
4 0.17942708333333332 0.7879166666666667 0.13385416666666666 0.11583333333333333
4 0.16145833333333334 0.4633333333333333 0.05520833333333333 0.04666666666666667