3 0.3807291666666667 0.5604166666666667 0.10520833333333333 0.10583333333333333
11 0.15859375 0.7225 0.3171875 0.37166666666666665
2 0.3033854166666667 0.5583333333333333 0.05572916666666667 0.07
6 0.16197916666666667 0.5316666666666666 0.10416666666666667 0.08166666666666667
2 0.13463541666666667 0.51875 0.0421875 0.0275
2 0.015364583333333333 0.6329166666666667 0.030729166666666665 0.10416666666666667
12 0.8947916666666667 0.5795833333333333 0.21041666666666667 0.18583333333333332
13 0.41796875 0.44708333333333333 0.030729166666666665 0.0175
16 0.53125 0.53375 0.027083333333333334 0.0225
15 0.5591145833333333 0.5345833333333333 0.0296875 0.025833333333333333
15 0.71953125 0.5141666666666667 0.028645833333333332 0.02666666666666667
15 0.6067708333333334 0.5120833333333333 0.017708333333333333 0.020833333333333332
15 0.5989583333333334 0.5120833333333333 0.019791666666666666 0.019166666666666665
15 0.6252604166666667 0.4979166666666667 0.0203125 0.015833333333333335
15 0.634375 0.49166666666666664 0.028125 0.023333333333333334
15 0.6263020833333334 0.49166666666666664 0.024479166666666666 0.018333333333333333