2 1.0 0.8620833333333333 0.0 0.21416666666666667
13 0.9296875 0.7783333333333333 0.140625 0.14833333333333334
2 0.8859375 0.4475 0.178125 0.105
4 0.0703125 0.3425 0.13645833333333332 0.07666666666666666
2 1.0 0.5358333333333334 0.0 0.135
2 0.9940104166666667 0.4504166666666667 0.011979166666666667 0.1025
2 1.0 0.4454166666666667 0.0 0.11583333333333333
13 0.5013020833333334 0.28541666666666665 0.03802083333333333 0.025833333333333333
2 1.0 0.52875 0.0 0.12083333333333333
2 1.0 0.5283333333333333 0.0 0.155
2 1.0 0.5675 0.0 0.16833333333333333
2 1.0 0.46166666666666667 0.0 0.10833333333333334
4 0.17630208333333333 0.375 0.13385416666666666 0.105
2 0.3658854166666667 0.3729166666666667 0.1296875 0.0975
2 0.5375 0.3645833333333333 0.11770833333333333 0.0825
0 0.68984375 0.35291666666666666 0.09739583333333333 0.07916666666666666
4 0.8359375 0.34 0.12083333333333333 0.09833333333333333
4 0.875 0.30916666666666665 0.10625 0.07666666666666666
4 0.24427083333333333 0.33791666666666664 0.11041666666666666 0.0825
13 0.5578125 0.28291666666666665 0.025 0.019166666666666665
4 0.5841145833333333 0.32708333333333334 0.09947916666666666 0.06416666666666666
2 0.73984375 0.32625 0.11197916666666667 0.0425
2 1.0 0.33666666666666667 0.0 0.07333333333333333
2 0.6924479166666667 0.29333333333333333 0.09114583333333333 0.051666666666666666
2 0.4203125 0.33625 0.084375 0.049166666666666664
4 0.6041666666666666 0.4320833333333333 0.16145833333333334 0.1125
2 0.0 0.545 0.0 0.14