13 0.9005208333333333 0.9658333333333333 0.15 0.06833333333333333
2 0.9822916666666667 0.9720833333333333 0.035416666666666666 0.05583333333333333
2 0.7859375 0.6541666666666667 0.14791666666666667 0.09166666666666666
2 0.9466145833333334 0.65875 0.10677083333333333 0.11083333333333334
2 0.7192708333333333 0.5695833333333333 0.10833333333333334 0.06583333333333333
4 0.8359375 0.5504166666666667 0.11770833333333333 0.0975
2 0.5666666666666667 0.5733333333333334 0.10104166666666667 0.08
2 0.38645833333333335 0.5816666666666667 0.11458333333333333 0.08166666666666667
2 0.21276041666666667 0.5891666666666666 0.1390625 0.08333333333333333
2 0.031510416666666666 0.5983333333333334 0.06302083333333333 0.08333333333333333
2 0.7315104166666667 0.49875 0.06822916666666666 0.06416666666666666
4 0.5981770833333333 0.5066666666666667 0.08802083333333334 0.055
2 0.7104166666666667 0.5408333333333334 0.09270833333333334 0.056666666666666664
2 0.5442708333333334 0.5425 0.09166666666666666 0.065
2 0.44635416666666666 0.5183333333333333 0.08020833333333334 0.058333333333333334
2 0.3453125 0.55 0.06979166666666667 0.041666666666666664
4 0.10442708333333334 0.5508333333333333 0.1265625 0.075
4 0.30416666666666664 0.6504166666666666 0.14166666666666666 0.10416666666666667
2 0.0 0.64375 0.0 0.10083333333333333
2 0.971875 0.7466666666666667 0.05625 0.12
2 1.0 0.9866666666666667 0.0 0.02666666666666667
2 0.7140625 0.47541666666666665 0.065625 0.024166666666666666
4 0.2630208333333333 0.4691666666666667 0.04583333333333333 0.006666666666666667