2 0.6416666666666667 0.43166666666666664 0.05 0.041666666666666664
3 0.4359375 0.4725 0.06666666666666667 0.06666666666666667
4 0.15416666666666667 0.6529166666666667 0.13958333333333334 0.1325
5 0.04895833333333333 0.8291666666666667 0.09791666666666667 0.31166666666666665
4 0.39348958333333334 0.43166666666666664 0.0421875 0.03833333333333333
4 0.3690104166666667 0.4245833333333333 0.030729166666666665 0.035833333333333335
2 0.2203125 0.5120833333333333 0.07083333333333333 0.06416666666666666
2 0.26015625 0.47875 0.0484375 0.025833333333333333
2 0.004166666666666667 0.6645833333333333 0.008333333333333333 0.11416666666666667
2 0.0 0.6158333333333333 0.0 0.1
2 0.9671875 0.4554166666666667 0.065625 0.0675
5 0.0 0.7333333333333333 0.0 0.17
15 0.64609375 0.5545833333333333 0.03802083333333333 0.0325
15 0.6291666666666667 0.57375 0.04479166666666667 0.030833333333333334
15 1.0 0.5670833333333334 0.0 0.024166666666666666
15 1.0 0.5783333333333334 0.0 0.02666666666666667
15 0.99609375 0.5429166666666667 0.0078125 0.024166666666666666
15 0.9322916666666666 0.40875 0.016666666666666666 0.004166666666666667
15 0.9046875 0.41083333333333333 0.020833333333333332 0.011666666666666667
15 0.9807291666666667 0.6941666666666667 0.03854166666666667 0.065
4 0.20494791666666667 0.77875 0.1078125 0.07416666666666667