4 0.8546875 0.7445833333333334 0.20416666666666666 0.1325
2 0.8729166666666667 0.6516666666666666 0.15833333333333333 0.09
2 0.8057291666666667 0.5620833333333334 0.11041666666666666 0.07416666666666667
2 0.7833333333333333 0.5329166666666667 0.08333333333333333 0.0325
1 0.6611979166666667 0.5345833333333333 0.0640625 0.0475
3 0.6255208333333333 0.5629166666666666 0.11875 0.0825
5 0.65234375 0.6404166666666666 0.1578125 0.10916666666666666
1 0.5671875 0.7383333333333333 0.13229166666666667 0.12333333333333334
4 0.31614583333333335 0.73375 0.20104166666666667 0.1475
2 0.06796875 0.7383333333333333 0.1359375 0.125
4 0.39114583333333336 0.6470833333333333 0.14166666666666666 0.11416666666666667
2 0.15729166666666666 0.64875 0.16875 0.10083333333333333
2 0.008854166666666666 0.6516666666666666 0.017708333333333333 0.105
1 0.44973958333333336 0.5720833333333334 0.08177083333333333 0.07583333333333334
1 0.2877604166666667 0.5845833333333333 0.0953125 0.07416666666666667
4 0.11432291666666666 0.58875 0.13177083333333334 0.0825
13 0.05859375 0.5516666666666666 0.05364583333333333 0.03
2 0.17682291666666666 0.5558333333333333 0.1296875 0.07333333333333333
2 0.36822916666666666 0.54625 0.090625 0.07416666666666667
2 0.5234375 0.5408333333333334 0.10416666666666667 0.07