4 0.203125 0.51375 0.090625 0.0725
5 0.37057291666666664 0.5654166666666667 0.1015625 0.10916666666666666
2 0.30416666666666664 0.5633333333333334 0.09791666666666667 0.095
2 0.20911458333333333 0.6770833333333334 0.13385416666666666 0.1375
2 0.021614583333333333 0.86125 0.043229166666666666 0.2375
2 0.019791666666666666 0.7904166666666667 0.03958333333333333 0.22083333333333333
2 0.0 0.62375 0.0 0.1275
11 0.7091145833333333 0.45666666666666667 0.2140625 0.14
2 1.0 0.5583333333333333 0.0 0.13166666666666665
11 0.48984375 0.40958333333333335 0.10572916666666667 0.0675
2 0.8388020833333333 0.46625 0.0890625 0.06416666666666666
13 1.0 0.70375 0.0 0.060833333333333336
2 1.0 0.44583333333333336 0.0 0.025
2 0.9953125 0.44375 0.009375 0.059166666666666666
15 0.359375 0.4454166666666667 0.011458333333333333 0.009166666666666667
15 0.33645833333333336 0.43625 0.0010416666666666667 0.005833333333333334
15 0.33125 0.44458333333333333 0.011458333333333333 0.0125
15 0.42682291666666666 0.44666666666666666 0.011979166666666667 0.015
15 0.4627604166666667 0.46875 0.018229166666666668 0.014166666666666666
15 0.4778645833333333 0.48291666666666666 0.019270833333333334 0.015833333333333335
15 0.52890625 0.46791666666666665 0.019270833333333334 0.0125
15 0.5213541666666667 0.48333333333333334 0.008333333333333333 0.011666666666666667
15 0.49661458333333336 0.4979166666666667 0.016145833333333335 0.0175