5 0.4630208333333333 0.50875 0.09166666666666666 0.09583333333333334
4 0.31927083333333334 0.5495833333333333 0.096875 0.0975
4 0.1890625 0.625 0.14270833333333333 0.13333333333333333
4 0.27630208333333334 0.6316666666666667 0.1265625 0.13666666666666666
4 0.09713541666666667 0.74625 0.19427083333333334 0.19916666666666666
2 0.019270833333333334 0.7916666666666666 0.03854166666666667 0.23166666666666666
2 0.014322916666666666 0.6095833333333334 0.028645833333333332 0.1075
11 0.5705729166666667 0.4275 0.14427083333333332 0.09833333333333333
2 0.9278645833333333 0.5166666666666667 0.14427083333333332 0.10166666666666667
13 0.7216145833333333 0.44375 0.034895833333333334 0.020833333333333332
2 0.8463541666666666 0.4791666666666667 0.06770833333333333 0.04
2 0.0 0.68875 0.0 0.16083333333333333
15 0.4557291666666667 0.4395833333333333 0.0 0.0025
15 0.734375 0.6408333333333334 0.04375 0.055
15 0.4166666666666667 0.4395833333333333 0.01875 0.0075
15 0.48984375 0.4608333333333333 0.0109375 0.011666666666666667
15 0.38255208333333335 0.45208333333333334 0.022395833333333334 0.0175
15 0.34791666666666665 0.44416666666666665 0.010416666666666666 0.008333333333333333
15 0.4588541666666667 0.46875 0.020833333333333332 0.0225
15 0.41328125 0.43916666666666665 0.0203125 0.016666666666666666
15 0.4510416666666667 0.455 0.023958333333333335 0.02
2 0.20364583333333333 0.5195833333333333 0.07916666666666666 0.06583333333333333