15 0.6888020833333334 0.5204166666666666 0.033854166666666664 0.025833333333333333
15 0.6661458333333333 0.5275 0.025 0.023333333333333334
15 0.6559895833333333 0.52 0.0328125 0.018333333333333333
15 0.6622395833333333 0.4891666666666667 0.0109375 0.008333333333333333
15 0.6473958333333333 0.49 0.03229166666666667 0.016666666666666666
15 0.3768229166666667 0.45375 0.021354166666666667 0.0175
15 0.43984375 0.4320833333333333 0.009895833333333333 0.0125
15 0.46171875 0.46875 0.019270833333333334 0.0175
15 0.4388020833333333 0.46958333333333335 0.019270833333333334 0.014166666666666666
15 0.44635416666666666 0.46166666666666667 0.010416666666666666 0.011666666666666667
15 0.47578125 0.44708333333333333 0.008854166666666666 0.009166666666666667
15 0.35208333333333336 0.4820833333333333 0.017708333333333333 0.014166666666666666
15 0.32317708333333334 0.47333333333333333 0.0109375 0.01
4 0.41510416666666666 0.52875 0.08333333333333333 0.0825
2 0.28619791666666666 0.6241666666666666 0.12135416666666667 0.13
5 0.09635416666666667 0.7470833333333333 0.19270833333333334 0.21916666666666668
2 0.3177083333333333 0.5529166666666666 0.09166666666666666 0.09083333333333334
2 0.16640625 0.6391666666666667 0.1296875 0.12
2 0.036458333333333336 0.7666666666666667 0.07291666666666667 0.20666666666666667
4 0.18098958333333334 0.5241666666666667 0.08385416666666666 0.06833333333333333
4 0.01484375 0.6104166666666667 0.0296875 0.0575
2 0.13151041666666666 0.53375 0.04010416666666667 0.034166666666666665
2 0.8338541666666667 0.5 0.121875 0.08333333333333333
4 0.71328125 0.45166666666666666 0.0828125 0.06166666666666667
2 0.6713541666666667 0.43625 0.00625 0.005833333333333334
2 0.55859375 0.44666666666666666 0.0265625 0.02666666666666667