4 0.36223958333333334 0.565 0.1078125 0.11166666666666666
2 0.28958333333333336 0.5683333333333334 0.10520833333333333 0.095
6 0.19609375 0.6533333333333333 0.17864583333333334 0.17
15 0.5765625 0.5333333333333333 0.029166666666666667 0.021666666666666667
15 0.5682291666666667 0.51375 0.022916666666666665 0.0175
15 0.6557291666666667 0.5133333333333333 0.022916666666666665 0.016666666666666666
15 0.6255208333333333 0.4975 0.027083333333333334 0.021666666666666667
2 0.18411458333333333 0.5291666666666667 0.1015625 0.08
3 0.8692708333333333 0.42583333333333334 0.096875 0.06166666666666667
4 1.0 0.4483333333333333 0.0 0.07333333333333333
15 0.6963541666666667 0.6416666666666667 0.04895833333333333 0.03833333333333333