15 0.5609375 0.5195833333333333 0.026041666666666668 0.0225
15 0.6565104166666667 0.47375 0.0328125 0.0275
4 0.33203125 0.5425 0.07760416666666667 0.07833333333333334
2 0.38229166666666664 0.5666666666666667 0.096875 0.105
4 0.16276041666666666 0.63625 0.15572916666666667 0.13916666666666666
2 0.19895833333333332 0.6854166666666667 0.14583333333333334 0.13916666666666666
2 0.030989583333333334 0.77875 0.06197916666666667 0.22083333333333333
2 0.03411458333333333 0.8404166666666667 0.06822916666666666 0.21916666666666668
2 0.18880208333333334 0.5258333333333334 0.08802083333333334 0.06833333333333333
4 0.14375 0.5258333333333334 0.071875 0.06
4 0.46119791666666665 0.6970833333333334 0.14739583333333334 0.15916666666666668
4 0.13802083333333334 0.49375 0.005208333333333333 0.004166666666666667
4 0.0 0.6925 0.0 0.12666666666666668
4 0.4796875 0.43291666666666667 0.04479166666666667 0.014166666666666666
1 0.6763020833333333 0.4125 0.04114583333333333 0.03166666666666667
9 0.7588541666666667 0.39791666666666664 0.12604166666666666 0.0725
2 1.0 0.44875 0.0 0.0675
2 1.0 0.53875 0.0 0.1225
4 0.9473958333333333 0.44875 0.08854166666666667 0.0275
2 0.0109375 0.6054166666666667 0.021875 0.10416666666666667
2 0.019270833333333334 0.6020833333333333 0.028125 0.05583333333333333