15 0.771875 0.2833333333333333 0.0375 0.028333333333333332
15 0.7010416666666667 0.2679166666666667 0.036458333333333336 0.025833333333333333
15 0.6427083333333333 0.27458333333333335 0.022916666666666665 0.019166666666666665
13 0.678125 0.3541666666666667 0.04375 0.04833333333333333
15 0.6 0.31875 0.035416666666666666 0.0275
4 0.3450520833333333 0.38208333333333333 0.1046875 0.11416666666666667
5 0.19609375 0.3020833333333333 0.1015625 0.0825
2 1.0 0.225 0.0 0.08166666666666667
4 0.9966145833333333 0.3575 0.0067708333333333336 0.135
12 1.0 0.4216666666666667 0.0 0.47833333333333333
2 0.0 0.38625 0.0 0.08416666666666667
4 1.0 0.3020833333333333 0.0 0.1125
5 0.89921875 0.24208333333333334 0.14322916666666666 0.09083333333333334
2 0.12395833333333334 0.28958333333333336 0.03229166666666667 0.0175
2 0.6736979166666667 0.46 0.18072916666666666 0.135
15 0.8856770833333333 0.5183333333333333 0.033854166666666664 0.07
2 0.7783854166666667 0.21375 0.06614583333333333 0.04083333333333333
4 0.7072916666666667 0.21916666666666668 0.071875 0.06
15 0.6505208333333333 0.27708333333333335 0.01875 0.020833333333333332
15 0.64921875 0.26875 0.0265625 0.015833333333333335