3 1.0 0.5058333333333334 0.0 0.13666666666666666
2 0.8833333333333333 0.5175 0.21666666666666667 0.12166666666666667
4 0.6302083333333334 0.5166666666666667 0.20104166666666667 0.145
4 0.9036458333333334 0.44333333333333336 0.19270833333333334 0.11833333333333333
4 0.6630208333333333 0.43583333333333335 0.16145833333333334 0.11333333333333333
2 0.92265625 0.3408333333333333 0.1203125 0.06833333333333333
4 0.7651041666666667 0.3516666666666667 0.11979166666666667 0.06333333333333334
2 0.58203125 0.36291666666666667 0.1140625 0.08583333333333333
6 0.85859375 0.2945833333333333 0.13802083333333334 0.0825
2 0.67265625 0.32083333333333336 0.09114583333333333 0.06166666666666667
2 0.5161458333333333 0.32666666666666666 0.096875 0.06
4 0.3690104166666667 0.36625 0.11822916666666666 0.08916666666666667
4 0.08098958333333334 0.3729166666666667 0.16197916666666667 0.10583333333333333
4 0.35052083333333334 0.3283333333333333 0.11145833333333334 0.08333333333333333
4 0.20651041666666667 0.5254166666666666 0.2171875 0.1425
3 0.09583333333333334 0.625 0.19166666666666668 0.20666666666666667
2 0.7848958333333333 0.25666666666666665 0.071875 0.06666666666666667
4 0.05911458333333333 0.31375 0.11822916666666666 0.08583333333333333