2 1.0 0.7429166666666667 0.0 0.14583333333333334
2 1.0 0.665 0.0 0.09833333333333333
2 0.98984375 0.7333333333333333 0.0203125 0.115
2 0.9776041666666667 0.6570833333333334 0.04479166666666667 0.10083333333333333
4 0.7932291666666667 0.7425 0.196875 0.13833333333333334
2 0.8432291666666667 0.6566666666666666 0.16354166666666667 0.09666666666666666
2 0.8080729166666667 0.5629166666666666 0.11510416666666666 0.0675
2 0.7848958333333333 0.53375 0.08958333333333333 0.04083333333333333
6 0.6080729166666666 0.6395833333333333 0.1578125 0.11083333333333334
3 0.6239583333333333 0.56375 0.11875 0.08083333333333333
0 0.6606770833333333 0.5345833333333333 0.06614583333333333 0.0475
6 0.66015625 0.49625 0.0953125 0.05583333333333333
2 0.5213541666666667 0.5404166666666667 0.103125 0.0725
0 0.47552083333333334 0.7375 0.13333333333333333 0.13333333333333333
4 0.39114583333333336 0.6466666666666666 0.14166666666666666 0.11333333333333333
0 0.43776041666666665 0.5733333333333334 0.0828125 0.08
2 0.34739583333333335 0.5491666666666667 0.09791666666666667 0.07333333333333333
4 0.24661458333333333 0.7325 0.21510416666666668 0.15
2 0.06796875 0.7379166666666667 0.1359375 0.12416666666666666
2 0.15703125 0.64875 0.16927083333333334 0.1025
2 0.17317708333333334 0.5566666666666666 0.12239583333333333 0.07333333333333333
2 0.00859375 0.65125 0.0171875 0.10416666666666667
0 0.23385416666666667 0.58 0.10104166666666667 0.07166666666666667
4 0.025 0.5904166666666667 0.05 0.0875
13 0.06145833333333333 0.5554166666666667 0.065625 0.03916666666666667