4 1.0 0.7683333333333333 0.0 0.13666666666666666
4 1.0 0.7466666666666667 0.0 0.12833333333333333
2 0.6807291666666667 0.7379166666666667 0.18958333333333333 0.12916666666666668
13 0.90078125 0.9654166666666667 0.15989583333333332 0.06916666666666667
4 0.9760416666666667 0.6541666666666667 0.04791666666666667 0.10666666666666667
0 0.6338541666666667 0.64125 0.10833333333333334 0.08583333333333333
2 0.12265625 0.6441666666666667 0.15572916666666667 0.09666666666666666
4 0.0 0.6429166666666667 0.0 0.10583333333333333
2 0.8604166666666667 0.5633333333333334 0.09895833333333333 0.051666666666666666
2 0.6268229166666667 0.57 0.11197916666666667 0.07666666666666666
4 0.6072916666666667 0.5308333333333334 0.103125 0.06333333333333334
4 0.3575520833333333 0.54625 0.0984375 0.08083333333333333
0 0.25416666666666665 0.5754166666666667 0.103125 0.08416666666666667
2 0.14557291666666666 0.5508333333333333 0.1265625 0.06166666666666667
2 0.021614583333333333 0.5991666666666666 0.043229166666666666 0.058333333333333334