2 0.62265625 0.43083333333333335 0.0484375 0.016666666666666666
0 0.8208333333333333 0.42875 0.06354166666666666 0.0475
3 0.00703125 0.5295833333333333 0.0140625 0.050833333333333335
4 0.18932291666666667 0.685 0.1703125 0.16833333333333333
0 0.36171875 0.5675 0.09010416666666667 0.095
2 0.17057291666666666 0.54 0.07552083333333333 0.06
2 0.13541666666666666 0.52375 0.05625 0.060833333333333336
2 0.0171875 0.635 0.034375 0.125
15 0.6856770833333333 0.49041666666666667 0.028645833333333332 0.025833333333333333
15 0.7067708333333333 0.5116666666666667 0.021875 0.02666666666666667
15 0.6268229166666667 0.4979166666666667 0.019270833333333334 0.0175
15 0.5778645833333333 0.5204166666666666 0.0328125 0.0275
15 0.5552083333333333 0.5266666666666666 0.019791666666666666 0.02
15 0.5947916666666667 0.5120833333333333 0.019791666666666666 0.019166666666666665