2 0.05520833333333333 0.80375 0.11041666666666666 0.21583333333333332
2 0.1375 0.6633333333333333 0.159375 0.14833333333333334
2 0.21979166666666666 0.66875 0.14479166666666668 0.14583333333333334
3 0.30130208333333336 0.5629166666666666 0.09947916666666666 0.0975
2 0.37916666666666665 0.5666666666666667 0.09895833333333333 0.09833333333333333
1 0.225 0.5079166666666667 0.06354166666666666 0.05416666666666667
2 0.146875 0.5529166666666666 0.06666666666666667 0.059166666666666666
15 0.76015625 0.49666666666666665 0.0234375 0.02
15 0.48151041666666666 0.46125 0.011979166666666667 0.0125
15 0.4734375 0.46166666666666667 0.011458333333333333 0.013333333333333334
15 0.46197916666666666 0.4691666666666667 0.017708333333333333 0.011666666666666667
13 0.42864583333333334 0.48375 0.023958333333333335 0.0175
2 0.6052083333333333 0.43083333333333335 0.034375 0.028333333333333332
2 0.5268229166666667 0.4320833333333333 0.044270833333333336 0.0475
13 0.375 0.44583333333333336 0.016666666666666666 0.015
2 0.5627604166666667 0.4175 0.011979166666666667 0.005
2 0.3932291666666667 0.74 0.17395833333333333 0.14
2 0.14921875 0.5291666666666667 0.050520833333333334 0.02666666666666667
2 0.00234375 0.6604166666666667 0.0046875 0.13583333333333333
2 0.014583333333333334 0.6083333333333333 0.026041666666666668 0.021666666666666667