2 0.14427083333333332 0.7204166666666667 0.18958333333333333 0.18916666666666668
2 0.08333333333333333 0.6941666666666667 0.16666666666666666 0.15833333333333333
2 0.18984375 0.535 0.08697916666666666 0.07833333333333334
2 0.13802083333333334 0.5325 0.041666666666666664 0.02
2 0.99609375 0.5875 0.0078125 0.105
15 0.5747395833333333 0.52 0.0265625 0.03166666666666667
15 0.5713541666666667 0.49041666666666667 0.010416666666666666 0.0175
15 0.9109375 0.6858333333333333 0.058333333333333334 0.03666666666666667
15 0.8908854166666667 0.70125 0.03697916666666667 0.05583333333333333
6 0.2734375 0.5691666666666667 0.11354166666666667 0.11
6 0.016666666666666666 0.6008333333333333 0.03333333333333333 0.11833333333333333
4 0.346875 0.5791666666666667 0.10833333333333334 0.11166666666666666
2 0.018229166666666668 0.6275 0.027083333333333334 0.015