4 0.054427083333333334 0.3458333333333333 0.10885416666666667 0.06833333333333333
4 0.7786458333333334 0.35041666666666665 0.125 0.08083333333333333
2 0.7786458333333334 0.44708333333333333 0.17291666666666666 0.10083333333333333
2 0.5622395833333333 0.4479166666666667 0.15364583333333334 0.1075
2 0.8997395833333334 0.52125 0.20052083333333334 0.1425
2 0.24557291666666667 0.5220833333333333 0.19635416666666666 0.13083333333333333
2 0.75703125 0.31958333333333333 0.1078125 0.0625
2 0.6236979166666666 0.31708333333333333 0.0984375 0.0625
2 0.48541666666666666 0.3254166666666667 0.09583333333333334 0.06416666666666666
4 0.6111979166666667 0.355 0.11822916666666666 0.08833333333333333
4 0.4734375 0.36625 0.12083333333333333 0.08916666666666667
4 0.3138020833333333 0.44166666666666665 0.1515625 0.105
13 0.054947916666666666 0.5929166666666666 0.10989583333333333 0.09916666666666667
4 0.6471354166666666 0.5195833333333333 0.20260416666666667 0.14583333333333334
0 0.3294270833333333 0.335 0.08697916666666666 0.06833333333333333
4 0.18151041666666667 0.33916666666666667 0.12135416666666667 0.08166666666666667
2 0.9619791666666667 0.45458333333333334 0.07604166666666666 0.10083333333333333
2 0.8424479166666666 0.24625 0.0484375 0.04416666666666667