3 0.97109375 0.7204166666666667 0.0578125 0.1475
2 0.8328125 0.7275 0.196875 0.12166666666666667
4 0.5927083333333333 0.72625 0.190625 0.1475
4 0.85703125 0.6554166666666666 0.1859375 0.10583333333333333
4 0.6268229166666667 0.6508333333333334 0.1484375 0.095
2 0.86484375 0.5579166666666666 0.1109375 0.06416666666666666
4 0.7208333333333333 0.56625 0.10729166666666666 0.0575
2 0.5528645833333333 0.575 0.10260416666666666 0.07833333333333334
6 0.803125 0.5145833333333333 0.11875 0.07416666666666667
2 0.6375 0.5395833333333333 0.084375 0.059166666666666666
2 0.4940104166666667 0.5416666666666666 0.08802083333333334 0.055
4 0.36354166666666665 0.5754166666666667 0.10520833333333333 0.07916666666666666
4 0.08619791666666667 0.5845833333333333 0.14635416666666667 0.08583333333333333
4 0.34296875 0.545 0.1046875 0.075
4 0.29010416666666666 0.7329166666666667 0.19583333333333333 0.14416666666666667
2 0.19270833333333334 0.55125 0.11041666666666666 0.060833333333333336
2 0.0 0.59 0.0 0.08333333333333333
2 0.0125 0.5754166666666667 0.025 0.024166666666666666