13 0.9005208333333333 0.9658333333333333 0.15 0.06833333333333333
2 0.9822916666666667 0.9720833333333333 0.035416666666666666 0.05583333333333333
2 0.7859375 0.6541666666666667 0.14791666666666667 0.09166666666666666
2 0.9466145833333334 0.65875 0.10677083333333333 0.11083333333333334
2 0.7192708333333333 0.5695833333333333 0.10833333333333334 0.06583333333333333
4 0.8361979166666667 0.5508333333333333 0.1171875 0.09666666666666666
2 0.5666666666666667 0.5733333333333334 0.10104166666666667 0.08
2 0.38671875 0.5816666666666667 0.11614583333333334 0.08166666666666667
2 0.21276041666666667 0.5891666666666666 0.1390625 0.08333333333333333
2 0.031510416666666666 0.5979166666666667 0.06302083333333333 0.0825
2 0.7315104166666667 0.49875 0.0640625 0.06416666666666666
4 0.5981770833333333 0.5066666666666667 0.08802083333333334 0.055
2 0.7104166666666667 0.5408333333333334 0.09270833333333334 0.056666666666666664
2 0.54453125 0.5429166666666667 0.0921875 0.06416666666666666
2 0.16197916666666667 0.5304166666666666 0.10208333333333333 0.050833333333333335
4 0.0 0.6525 0.0 0.11166666666666666
2 0.971875 0.7466666666666667 0.05625 0.12
2 0.4671875 0.8375 0.215625 0.165
3 0.7697916666666667 0.46958333333333335 0.07708333333333334 0.029166666666666667