0 0.39895833333333336 0.5566666666666666 0.07083333333333333 0.07833333333333334
2 0.24765625 0.6495833333333333 0.1453125 0.13916666666666666
2 0.08645833333333333 0.7883333333333333 0.17291666666666666 0.22333333333333333
4 0.3255208333333333 0.55125 0.09791666666666667 0.09583333333333334
2 0.15729166666666666 0.6554166666666666 0.13020833333333334 0.1275
4 0.023958333333333335 0.7875 0.04791666666666667 0.23833333333333334
5 0.1890625 0.5204166666666666 0.1 0.07916666666666666
2 0.023177083333333334 0.6120833333333333 0.030729166666666665 0.0475
2 0.13177083333333334 0.5408333333333334 0.036458333333333336 0.04
2 0.019010416666666665 0.5995833333333334 0.03802083333333333 0.0875
4 0.4205729166666667 0.44083333333333335 0.05677083333333333 0.021666666666666667
4 0.7104166666666667 0.42125 0.057291666666666664 0.0375
11 0.925 0.43125 0.15 0.10916666666666666
15 0.58671875 0.52125 0.033854166666666664 0.0225
15 0.6098958333333333 0.4975 0.015625 0.018333333333333333
15 0.73515625 0.5041666666666667 0.0140625 0.018333333333333333
15 0.8734375 0.6995833333333333 0.041666666666666664 0.059166666666666666
15 0.8049479166666667 0.7041666666666667 0.07239583333333334 0.08833333333333333