2 0.42239583333333336 0.50125 0.06770833333333333 0.06416666666666666
13 0.2984375 0.5679166666666666 0.059375 0.0475
2 0.16848958333333333 0.7033333333333334 0.1703125 0.17
3 0.38255208333333335 0.5616666666666666 0.09635416666666667 0.09833333333333333
2 0.35234375 0.7429166666666667 0.1734375 0.17416666666666666
15 0.753125 0.44875 0.026041666666666668 0.0175
15 0.9768229166666667 0.68375 0.04635416666666667 0.05583333333333333
10 0.021354166666666667 0.6166666666666667 0.042708333333333334 0.13833333333333334
4 0.23385416666666667 0.5045833333333334 0.078125 0.059166666666666666
4 0.3963541666666667 0.4325 0.041666666666666664 0.03666666666666667
15 0.7927083333333333 0.44666666666666666 0.030208333333333334 0.02
15 0.7854166666666667 0.4220833333333333 0.013541666666666667 0.009166666666666667
15 0.8815104166666666 0.43125 0.018229166666666668 0.014166666666666666
15 0.8567708333333334 0.47041666666666665 0.019791666666666666 0.014166666666666666
15 0.5760416666666667 0.6145833333333334 0.040625 0.04083333333333333
13 0.5630208333333333 0.5904166666666667 0.05520833333333333 0.050833333333333335