4 0.36223958333333334 0.5675 0.09739583333333333 0.105
2 0.3106770833333333 0.5629166666666666 0.059895833333333336 0.07583333333333334
2 0.17083333333333334 0.54125 0.08125 0.06416666666666666
2 0.13489583333333333 0.5266666666666666 0.05625 0.06
4 0.18776041666666668 0.6833333333333333 0.17135416666666667 0.17333333333333334
4 0.16380208333333332 0.6358333333333334 0.16197916666666667 0.155
4 0.018489583333333334 0.6370833333333333 0.03697916666666667 0.12416666666666666
4 0.0013020833333333333 0.7908333333333334 0.0026041666666666665 0.30833333333333335
2 0.02578125 0.8491666666666666 0.0515625 0.22666666666666666
2 0.7911458333333333 0.5904166666666667 0.14166666666666666 0.10083333333333333
1 0.9677083333333333 0.5875 0.06458333333333334 0.08833333333333333
15 0.7216145833333333 0.5125 0.022395833333333334 0.023333333333333334
15 0.6794270833333333 0.49 0.016145833333333335 0.015
15 0.66875 0.5241666666666667 0.0125 0.018333333333333333
15 0.678125 0.5275 0.016666666666666666 0.023333333333333334
15 0.553125 0.47125 0.022916666666666665 0.015833333333333335
15 0.5153645833333333 0.4841666666666667 0.0265625 0.023333333333333334
15 0.48932291666666666 0.4875 0.0171875 0.018333333333333333
15 0.45703125 0.4683333333333333 0.018229166666666668 0.015
15 0.46197916666666666 0.49875 0.021875 0.020833333333333332
15 0.3963541666666667 0.43 0.0125 0.011666666666666667
15 0.3854166666666667 0.44416666666666665 0.0125 0.013333333333333334
15 0.3546875 0.44416666666666665 0.014583333333333334 0.013333333333333334
15 0.37395833333333334 0.4429166666666667 0.0125 0.015833333333333335
15 0.3606770833333333 0.4429166666666667 0.016145833333333335 0.009166666666666667
3 0.92890625 0.5166666666666667 0.1421875 0.11666666666666667
4 0.89765625 0.46208333333333335 0.10989583333333333 0.0725
5 0.5994791666666667 0.4270833333333333 0.07291666666666667 0.059166666666666666
11 0.5145833333333333 0.41875 0.1125 0.08083333333333333