2 0.45625 0.445 0.05416666666666667 0.03166666666666667
5 0.6369791666666667 0.405 0.052083333333333336 0.04
6 0.8658854166666666 0.4058333333333333 0.09739583333333333 0.055
4 0.3614583333333333 0.5679166666666666 0.090625 0.09583333333333334
4 0.18958333333333333 0.6858333333333333 0.16979166666666667 0.165
2 0.16927083333333334 0.5391666666666667 0.078125 0.065
2 0.015625 0.63875 0.03125 0.11416666666666667
2 0.13515625 0.5266666666666666 0.05260416666666667 0.056666666666666664
15 0.57890625 0.5141666666666667 0.022395833333333334 0.03166666666666667
15 0.5552083333333333 0.5266666666666666 0.019791666666666666 0.02
15 0.6864583333333333 0.4970833333333333 0.026041666666666668 0.0225
15 0.7072916666666667 0.5120833333333333 0.025 0.024166666666666666
15 0.6296875 0.49666666666666665 0.017708333333333333 0.021666666666666667
15 0.59453125 0.5125 0.019270833333333334 0.018333333333333333