5 0.315625 0.5979166666666667 0.12916666666666668 0.1275
3 0.10625 0.735 0.2125 0.22
2 0.29270833333333335 0.5641666666666667 0.103125 0.1
2 0.08098958333333334 0.68875 0.16197916666666667 0.15416666666666667
3 0.20859375 0.5175 0.0859375 0.075
4 0.14322916666666666 0.5308333333333334 0.053125 0.025
2 0.008072916666666667 0.6125 0.016145833333333335 0.10833333333333334
0 0.7091145833333333 0.4683333333333333 0.06614583333333333 0.055
2 0.8908854166666667 0.46416666666666667 0.1171875 0.075
2 0.6263020833333334 0.43583333333333335 0.059895833333333336 0.041666666666666664
4 0.52109375 0.42875 0.0484375 0.04583333333333333
15 0.37083333333333335 0.46708333333333335 0.019791666666666666 0.0175
15 0.4109375 0.44583333333333336 0.009375 0.011666666666666667
15 0.4356770833333333 0.44666666666666666 0.0109375 0.008333333333333333
15 0.43411458333333336 0.4683333333333333 0.018229166666666668 0.02
15 0.40911458333333334 0.47458333333333336 0.0109375 0.0125
15 0.4588541666666667 0.47583333333333333 0.011458333333333333 0.018333333333333333
15 0.40208333333333335 0.48375 0.022916666666666665 0.014166666666666666
13 0.5510416666666667 0.48833333333333334 0.034375 0.023333333333333334
13 0.33541666666666664 0.46708333333333335 0.027083333333333334 0.0175
15 0.35442708333333334 0.445 0.009895833333333333 0.008333333333333333
15 0.39791666666666664 0.43083333333333335 0.0125 0.023333333333333334
15 0.3770833333333333 0.4454166666666667 0.010416666666666666 0.010833333333333334
15 0.3802083333333333 0.44583333333333336 0.009375 0.008333333333333333
13 0.7104166666666667 0.51625 0.04583333333333333 0.0325
15 0.46953125 0.735 0.025520833333333333 0.03833333333333333
15 0.5013020833333334 0.73875 0.018229166666666668 0.049166666666666664