2 0.3653645833333333 0.43083333333333335 0.03802083333333333 0.03666666666666667
4 0.24140625 0.4825 0.06822916666666666 0.05333333333333334
2 0.0026041666666666665 0.6133333333333333 0.005208333333333333 0.08333333333333333
0 0.4140625 0.42875 0.028125 0.0325
15 0.6122395833333333 0.4975 0.009895833333333333 0.016666666666666666
15 0.7098958333333333 0.51375 0.023958333333333335 0.029166666666666667
15 0.6994791666666667 0.48833333333333334 0.013541666666666667 0.016666666666666666
15 0.6838541666666667 0.48125 0.020833333333333332 0.019166666666666665
15 0.69296875 0.48125 0.015104166666666667 0.0175
15 0.56171875 0.7158333333333333 0.05260416666666667 0.058333333333333334
15 0.5434895833333333 0.7116666666666667 0.0546875 0.06666666666666667