15 0.41432291666666665 0.475 0.009895833333333333 0.01
15 0.44895833333333335 0.4979166666666667 0.019791666666666666 0.015833333333333335
15 0.4674479166666667 0.44708333333333333 0.008854166666666666 0.009166666666666667
15 0.5088541666666667 0.5333333333333333 0.028125 0.025
15 0.55390625 0.5420833333333334 0.0265625 0.0225
15 0.8848958333333333 0.5308333333333334 0.027083333333333334 0.021666666666666667
15 0.69296875 0.4975 0.025520833333333333 0.021666666666666667
2 0.94921875 0.5883333333333334 0.1015625 0.10333333333333333
2 0.72890625 0.6175 0.15260416666666668 0.105
2 0.4322916666666667 0.7133333333333334 0.14375 0.145
2 0.3294270833333333 0.59375 0.11614583333333334 0.12416666666666666
2 0.17239583333333333 0.7029166666666666 0.15833333333333333 0.16416666666666666
2 0.29609375 0.5541666666666667 0.10677083333333333 0.09833333333333333
6 0.15416666666666667 0.6204166666666666 0.17291666666666666 0.1525
2 0.23463541666666668 0.4945833333333333 0.0671875 0.0575
13 0.16692708333333334 0.5391666666666667 0.04010416666666667 0.02666666666666667
2 0.14661458333333333 0.52625 0.06927083333333334 0.03916666666666667
2 0.0125 0.5954166666666667 0.025 0.09416666666666666
2 0.0 0.7016666666666667 0.0 0.16166666666666665
11 1.0 0.6116666666666667 0.0 0.35833333333333334
2 0.9984375 0.5058333333333334 0.003125 0.08833333333333333
2 0.76953125 0.455 0.08697916666666666 0.065
2 0.8231770833333333 0.4475 0.06302083333333333 0.05
2 0.990625 0.4533333333333333 0.01875 0.065