4 0.9065104166666667 0.59125 0.16302083333333334 0.10416666666666667
15 0.540625 0.6695833333333333 0.042708333333333334 0.049166666666666664
15 0.5802083333333333 0.5141666666666667 0.021875 0.028333333333333332
15 0.5572916666666666 0.5270833333333333 0.020833333333333332 0.0175
15 0.6216145833333333 0.49041666666666667 0.021354166666666667 0.0275
2 0.17083333333333334 0.5408333333333334 0.075 0.06
2 0.13411458333333334 0.5229166666666667 0.05677083333333333 0.0625
4 0.3098958333333333 0.4370833333333333 0.04791666666666667 0.03916666666666667
13 0.9315104166666667 0.4275 0.044270833333333336 0.025
15 0.5971354166666667 0.5120833333333333 0.019270833333333334 0.0175
2 0.008854166666666666 0.5366666666666666 0.017708333333333333 0.065
2 0.15338541666666666 0.49916666666666665 0.04010416666666667 0.016666666666666666