1 0.36302083333333335 0.57 0.075 0.085
4 0.3203125 0.545 0.090625 0.08333333333333333
15 0.6161458333333333 0.4975 0.016666666666666666 0.011666666666666667
15 0.6104166666666667 0.5054166666666666 0.026041666666666668 0.024166666666666666
15 0.5966145833333333 0.48291666666666666 0.015104166666666667 0.015833333333333335
2 0.909375 0.46875 0.10520833333333333 0.08916666666666667
2 0.65234375 0.42583333333333334 0.016145833333333335 0.018333333333333333
5 0.20755208333333333 0.505 0.1015625 0.08
1 0.13828125 0.5295833333333333 0.058854166666666666 0.05583333333333333
5 0.007291666666666667 0.5270833333333333 0.014583333333333334 0.0225
5 0.28880208333333335 0.42916666666666664 0.0671875 0.043333333333333335