15 0.58125 0.6254166666666666 0.052083333333333336 0.034166666666666665
4 0.025260416666666667 0.8445833333333334 0.050520833333333334 0.26416666666666666
2 0.20807291666666666 0.68375 0.14427083333333332 0.1525
4 0.359375 0.5729166666666666 0.09375 0.10083333333333333
2 0.34036458333333336 0.54 0.07447916666666667 0.07166666666666667
2 0.228125 0.6045833333333334 0.12708333333333333 0.11916666666666667
2 0.046614583333333334 0.7516666666666667 0.09322916666666667 0.19333333333333333
12 0.25833333333333336 0.48583333333333334 0.08333333333333333 0.06166666666666667
5 0.1421875 0.5320833333333334 0.08020833333333334 0.07083333333333333
2 0.1859375 0.5175 0.036458333333333336 0.016666666666666666
2 0.016145833333333335 0.6375 0.03229166666666667 0.11
2 0.5036458333333333 0.44 0.06145833333333333 0.03833333333333333
2 0.7153645833333333 0.4220833333333333 0.0609375 0.04083333333333333
0 0.7984375 0.4191666666666667 0.051041666666666666 0.04
2 0.18515625 0.48833333333333334 0.04114583333333333 0.021666666666666667
15 0.5994791666666667 0.4979166666666667 0.017708333333333333 0.015833333333333335
15 0.728125 0.49625 0.021875 0.020833333333333332