0 0.39895833333333336 0.5566666666666666 0.07083333333333333 0.07833333333333334
2 0.2518229166666667 0.6466666666666666 0.13697916666666668 0.135
2 0.08567708333333333 0.79125 0.17135416666666667 0.2275
4 0.32526041666666666 0.5508333333333333 0.09635416666666667 0.095
2 0.15703125 0.6554166666666666 0.13072916666666667 0.12583333333333332
4 0.023958333333333335 0.78625 0.04791666666666667 0.23583333333333334
5 0.18854166666666666 0.5208333333333334 0.10104166666666667 0.07833333333333334
2 0.02421875 0.5995833333333334 0.030729166666666665 0.04416666666666667
2 0.13333333333333333 0.5404166666666667 0.034375 0.04083333333333333
2 0.019010416666666665 0.5991666666666666 0.03802083333333333 0.08833333333333333
5 0.42942708333333335 0.4375 0.0609375 0.03666666666666667
4 0.63515625 0.43 0.0578125 0.03833333333333333
4 0.9661458333333334 0.45125 0.06770833333333333 0.049166666666666664
4 0.69765625 0.4033333333333333 0.05572916666666667 0.03
5 1.0 0.47625 0.0 0.09916666666666667
2 1.0 0.615 0.0 0.18833333333333332
2 0.7875 0.6279166666666667 0.15729166666666666 0.11916666666666667
15 0.5921875 0.5216666666666666 0.029166666666666667 0.025
15 0.6078125 0.4975 0.016666666666666666 0.018333333333333333
15 0.7325520833333333 0.50375 0.015104166666666667 0.020833333333333332