4 0.95390625 0.4345833333333333 0.0921875 0.10583333333333333
2 0.8588541666666667 0.35583333333333333 0.11041666666666666 0.056666666666666664
4 0.7859375 0.3070833333333333 0.10416666666666667 0.06916666666666667
2 0.8705729166666667 0.5279166666666667 0.21302083333333333 0.12416666666666666
2 0.7700520833333333 0.4504166666666667 0.1609375 0.07416666666666667
2 0.7052083333333333 0.34541666666666665 0.11875 0.08083333333333333
1 0.61328125 0.32 0.0765625 0.06166666666666667
13 0.5622395833333333 0.3541666666666667 0.0609375 0.045
4 0.5856770833333333 0.5183333333333333 0.15885416666666666 0.12166666666666667
4 0.51796875 0.4425 0.15052083333333333 0.10833333333333334
13 0.3385416666666667 0.46291666666666664 0.06979166666666667 0.0575
2 0.41770833333333335 0.36375 0.125 0.08916666666666667
4 0.4671875 0.3233333333333333 0.09270833333333334 0.06333333333333334
2 0.2760416666666667 0.33625 0.12604166666666666 0.0725
4 0.10598958333333333 0.36583333333333334 0.15364583333333334 0.08666666666666667
4 0.12864583333333332 0.4345833333333333 0.19270833333333334 0.12083333333333333
2 0.0 0.43416666666666665 0.0 0.09666666666666666