2 0.6533854166666667 0.53625 0.08489583333333334 0.059166666666666666
4 0.521875 0.65125 0.11770833333333333 0.09583333333333334
4 0.28619791666666666 0.6541666666666667 0.1359375 0.10333333333333333
1 0.14375 0.7320833333333333 0.1625 0.1225
4 0.8041666666666667 0.52625 0.10625 0.06416666666666666
13 0.25885416666666666 0.5845833333333333 0.06145833333333333 0.0375
2 0.878125 0.5625 0.10416666666666667 0.065
2 0.5377604166666666 0.5729166666666666 0.10885416666666667 0.07083333333333333
2 0.47994791666666664 0.5429166666666667 0.0859375 0.060833333333333336
2 0.3848958333333333 0.58 0.11041666666666666 0.07666666666666666
2 0.24583333333333332 0.55 0.11354166666666667 0.07166666666666667
2 0.12265625 0.5945833333333334 0.1328125 0.0825
2 0.06015625 0.5575 0.1203125 0.075
2 0.00390625 0.5870833333333333 0.0078125 0.0975
6 0.7651041666666667 0.62375 0.22395833333333334 0.14416666666666667
2 0.9778645833333334 0.6629166666666667 0.044270833333333336 0.1075