11 0.6166666666666667 0.42875 0.12708333333333333 0.0825
2 0.3888020833333333 0.4241666666666667 0.03177083333333333 0.011666666666666667
2 0.26927083333333335 0.47458333333333336 0.0625 0.04583333333333333
12 0.01328125 0.5841666666666666 0.0265625 0.12
15 0.93125 0.40875 0.025 0.0225
15 0.9763020833333333 0.41375 0.0067708333333333336 0.005833333333333334
15 0.7796875 0.4795833333333333 0.028125 0.020833333333333332
15 0.66328125 0.4825 0.021354166666666667 0.018333333333333333
15 0.671875 0.4979166666666667 0.011458333333333333 0.0175
15 0.74765625 0.5041666666666667 0.0109375 0.015
15 0.9463541666666667 0.57125 0.040625 0.0275
4 0.19322916666666667 0.45166666666666666 0.041666666666666664 0.025
2 0.9994791666666667 0.4345833333333333 0.0010416666666666667 0.0675