2 0.39817708333333335 0.5529166666666666 0.0921875 0.0925
2 0.28958333333333336 0.5670833333333334 0.10416666666666667 0.09916666666666667
2 0.13880208333333333 0.6591666666666667 0.14322916666666666 0.13166666666666665
2 0.1671875 0.5391666666666667 0.1 0.08
3 0.012760416666666666 0.795 0.025520833333333333 0.27
15 0.63203125 0.4975 0.013020833333333334 0.021666666666666667
15 0.540625 0.5341666666666667 0.027083333333333334 0.023333333333333334
13 0.5729166666666666 0.5366666666666666 0.046875 0.03666666666666667
15 0.71953125 0.51125 0.025520833333333333 0.020833333333333332
2 0.68203125 0.4270833333333333 0.06197916666666667 0.029166666666666667
2 0.9713541666666666 0.4425 0.057291666666666664 0.03666666666666667
15 0.6861979166666666 0.6145833333333334 0.03177083333333333 0.030833333333333334
15 0.634375 0.5508333333333333 0.034375 0.03
2 0.0078125 0.6345833333333334 0.015625 0.06583333333333333
2 0.004166666666666667 0.6045833333333334 0.008333333333333333 0.0725