2 0.36276041666666664 0.5820833333333333 0.1015625 0.10083333333333333
2 0.2955729166666667 0.56625 0.10052083333333334 0.0975
4 0.19348958333333333 0.52375 0.08802083333333334 0.0675
2 0.13854166666666667 0.5304166666666666 0.04375 0.0425
2 0.20677083333333332 0.68625 0.14583333333333334 0.15416666666666667
4 0.09557291666666666 0.6783333333333333 0.15989583333333332 0.15333333333333332
15 0.5424479166666667 0.53375 0.0265625 0.024166666666666666
15 0.5776041666666667 0.5141666666666667 0.017708333333333333 0.021666666666666667
15 0.6130208333333333 0.4895833333333333 0.014583333333333334 0.0175
15 0.6088541666666667 0.5108333333333334 0.023958333333333335 0.021666666666666667
15 0.6622395833333333 0.5170833333333333 0.034895833333333334 0.029166666666666667