11 0.75625 0.15416666666666667 0.13541666666666666 0.075
3 1.0 0.3695833333333333 0.0 0.16916666666666666
2 0.8283854166666667 0.4058333333333333 0.16927083333333334 0.12666666666666668
4 0.4075520833333333 0.5325 0.17552083333333332 0.15
2 0.5955729166666667 0.2325 0.06822916666666666 0.06166666666666667
2 0.5442708333333334 0.22583333333333333 0.051041666666666666 0.051666666666666666
4 0.3111979166666667 0.40375 0.1234375 0.12416666666666666
2 0.20572916666666666 0.42125 0.12395833333333334 0.1075
2 0.0 0.69125 0.0 0.11416666666666667
2 0.0 0.76125 0.0 0.2975
4 0.29635416666666664 0.25 0.05625 0.04833333333333333
2 0.19296875 0.28791666666666665 0.0203125 0.04416666666666667
4 0.016145833333333335 0.42916666666666664 0.03229166666666667 0.11666666666666667
15 1.0 0.5604166666666667 0.0 0.10583333333333333
15 0.6080729166666666 0.29541666666666666 0.0234375 0.0375
15 0.94296875 0.22083333333333333 0.022395833333333334 0.015
15 0.88828125 0.23416666666666666 0.03802083333333333 0.023333333333333334
15 0.9236979166666667 0.22166666666666668 0.021354166666666667 0.016666666666666666
15 0.9010416666666666 0.21458333333333332 0.03854166666666667 0.024166666666666666
15 0.8830729166666667 0.20416666666666666 0.019270833333333334 0.015
15 0.8627604166666667 0.20583333333333334 0.019270833333333334 0.02
15 0.9848958333333333 0.19625 0.022916666666666665 0.019166666666666665