2 0.14453125 0.7195833333333334 0.19010416666666666 0.18583333333333332
2 0.190625 0.535 0.08229166666666667 0.07833333333333334
2 0.13802083333333334 0.5333333333333333 0.03958333333333333 0.02
2 0.7484375 0.43416666666666665 0.07916666666666666 0.04833333333333333
15 0.5744791666666667 0.52125 0.025 0.0325
15 0.7950520833333333 0.6454166666666666 0.027604166666666666 0.060833333333333336
6 0.2734375 0.5695833333333333 0.115625 0.10916666666666666
6 0.016666666666666666 0.60125 0.03333333333333333 0.11083333333333334
4 0.346875 0.5795833333333333 0.10729166666666666 0.11583333333333333
4 0.9776041666666667 0.45708333333333334 0.04479166666666667 0.029166666666666667
12 0.48489583333333336 0.41625 0.090625 0.0575
2 0.02578125 0.62625 0.009895833333333333 0.005833333333333334