6 0.9963541666666667 0.5016666666666667 0.007291666666666667 0.15666666666666668
3 0.8833333333333333 0.5183333333333333 0.23333333333333334 0.13833333333333334
2 0.6533854166666667 0.5216666666666666 0.1765625 0.12666666666666668
2 0.8765625 0.34625 0.125 0.07416666666666667
2 0.7309895833333333 0.3541666666666667 0.12239583333333333 0.07666666666666666
2 0.8197916666666667 0.30625 0.1 0.06416666666666666
3 0.5372395833333333 0.3566666666666667 0.12864583333333332 0.1
3 0.959375 0.43166666666666664 0.08125 0.11833333333333333
3 0.10130208333333333 0.37 0.16822916666666668 0.09833333333333333
2 0.6283854166666667 0.32208333333333333 0.10677083333333333 0.06916666666666667
0 0.43854166666666666 0.3229166666666667 0.075 0.06416666666666666