2 0.6661458333333333 0.42083333333333334 0.052083333333333336 0.035
2 0.62265625 0.6729166666666667 0.15989583333333332 0.14083333333333334
2 0.31744791666666666 0.60875 0.10572916666666667 0.11583333333333333
2 0.26666666666666666 0.5833333333333334 0.103125 0.09666666666666666
4 0.20026041666666666 0.5145833333333333 0.0921875 0.06416666666666666
1 0.13489583333333333 0.53875 0.03958333333333333 0.024166666666666666
15 0.88125 0.4320833333333333 0.01875 0.015833333333333335
15 0.87265625 0.42291666666666666 0.033854166666666664 0.0175
15 0.8088541666666667 0.43583333333333335 0.014583333333333334 0.013333333333333334
15 0.825 0.41833333333333333 0.014583333333333334 0.008333333333333333
15 0.8177083333333334 0.41 0.0020833333333333333 0.006666666666666667
12 0.5236979166666667 0.47458333333333336 0.0796875 0.0675
15 0.8924479166666667 0.43041666666666667 0.021354166666666667 0.020833333333333332
15 0.8994791666666667 0.43083333333333335 0.017708333333333333 0.006666666666666667
13 0.11640625 0.74 0.0953125 0.09333333333333334