4 0.43984375 0.5170833333333333 0.0828125 0.08083333333333333
2 0.3385416666666667 0.5870833333333333 0.109375 0.11416666666666667
4 0.21744791666666666 0.50875 0.07760416666666667 0.06416666666666666
5 0.13515625 0.5441666666666667 0.0421875 0.025
4 0.16953125 0.5129166666666667 0.030729166666666665 0.0425
2 0.14817708333333332 0.5020833333333333 0.025520833333333333 0.0125
4 0.2752604166666667 0.45416666666666666 0.06822916666666666 0.045
13 0.5309895833333333 0.5458333333333333 0.0296875 0.03666666666666667
15 0.5552083333333333 0.52125 0.027083333333333334 0.024166666666666666
15 0.56796875 0.51875 0.025520833333333333 0.020833333333333332
15 0.59375 0.5120833333333333 0.020833333333333332 0.019166666666666665
2 0.7864583333333334 0.4270833333333333 0.06875 0.049166666666666664
2 0.690625 0.40375 0.042708333333333334 0.029166666666666667
2 0.01640625 0.6341666666666667 0.0328125 0.10333333333333333