13 0.93125 0.7770833333333333 0.1375 0.1375
4 0.05286458333333333 0.44333333333333336 0.10572916666666667 0.11333333333333333
2 0.2994791666666667 0.44708333333333333 0.16354166666666667 0.10416666666666667
4 0.5856770833333333 0.4525 0.1421875 0.10666666666666667
2 0.8174479166666667 0.515 0.21197916666666666 0.12
2 0.9875 0.5270833333333333 0.025 0.12083333333333333
2 0.96953125 0.45 0.0609375 0.115
2 0.09791666666666667 0.385 0.16145833333333334 0.09166666666666666
2 0.2947916666666667 0.375 0.12916666666666668 0.08166666666666667
2 0.48854166666666665 0.37125 0.10520833333333333 0.0825
4 0.6549479166666666 0.3541666666666667 0.11510416666666666 0.07166666666666667
4 0.8393229166666667 0.3441666666666667 0.12135416666666667 0.07833333333333334
2 0.7255208333333333 0.3104166666666667 0.10833333333333334 0.0675
4 0.5494791666666666 0.32666666666666666 0.10625 0.07
4 0.3736979166666667 0.3308333333333333 0.10260416666666666 0.09
4 0.21458333333333332 0.33458333333333334 0.13541666666666666 0.08416666666666667
4 0.04895833333333333 0.3458333333333333 0.09791666666666667 0.07
2 1.0 0.8525 0.0 0.18333333333333332