2 0.7786458333333334 0.4475 0.171875 0.09833333333333333
2 0.5622395833333333 0.4479166666666667 0.15364583333333334 0.1075
2 0.9020833333333333 0.525 0.19583333333333333 0.12
2 0.7572916666666667 0.32 0.10833333333333334 0.06166666666666667
2 0.6223958333333334 0.31625 0.09583333333333334 0.0625
2 0.4856770833333333 0.32958333333333334 0.09635416666666667 0.0675
4 0.47369791666666666 0.36541666666666667 0.12135416666666667 0.08916666666666667
4 0.7791666666666667 0.35041666666666665 0.125 0.07916666666666666
4 0.6119791666666666 0.35625 0.11875 0.0875
4 0.6473958333333333 0.5183333333333333 0.20104166666666667 0.145
4 0.3143229166666667 0.44166666666666665 0.15260416666666668 0.105
1 0.3294270833333333 0.335 0.08697916666666666 0.06833333333333333
4 0.18151041666666667 0.33958333333333335 0.12239583333333333 0.07583333333333334
4 0.0546875 0.34625 0.109375 0.06916666666666667