4 0.35989583333333336 0.57125 0.09166666666666666 0.10416666666666667
4 0.23619791666666667 0.6516666666666666 0.13385416666666666 0.13666666666666666
2 0.27890625 0.5745833333333333 0.11197916666666667 0.11083333333333334
5 0.09973958333333334 0.6695833333333333 0.18802083333333333 0.1725
3 0.06666666666666667 0.5825 0.13333333333333333 0.11833333333333333
2 0.7822916666666667 0.6275 0.15625 0.11666666666666667
2 0.9658854166666667 0.44125 0.06822916666666666 0.0475
2 0.9932291666666667 0.46958333333333335 0.013541666666666667 0.0925
2 0.68203125 0.415 0.05260416666666667 0.03166666666666667
15 0.76953125 0.4975 0.027604166666666666 0.021666666666666667
15 0.6859375 0.4970833333333333 0.023958333333333335 0.020833333333333332
15 0.5760416666666667 0.51375 0.017708333333333333 0.015833333333333335
15 0.6276041666666666 0.5204166666666666 0.022916666666666665 0.034166666666666665
15 0.6075520833333333 0.49666666666666665 0.022395833333333334 0.018333333333333333
15 0.6153645833333333 0.4970833333333333 0.015104166666666667 0.0175