4 0.9958333333333333 0.5195833333333333 0.008333333333333333 0.14583333333333334
1 0.8528645833333334 0.34208333333333335 0.10677083333333333 0.08083333333333333
0 0.734375 0.35541666666666666 0.09895833333333333 0.0725
2 0.5614583333333333 0.3595833333333333 0.11041666666666666 0.08083333333333333
2 0.40130208333333334 0.365 0.12135416666666667 0.08666666666666667
2 0.16223958333333333 0.3779166666666667 0.14739583333333334 0.0875
2 0.8453125 0.30541666666666667 0.10625 0.06916666666666667
4 0.7247395833333333 0.3095833333333333 0.11302083333333333 0.0725
2 0.5747395833333333 0.32125 0.1015625 0.06916666666666667
2 0.41302083333333334 0.3258333333333333 0.103125 0.07666666666666666
3 0.7796875 0.2816666666666667 0.08229166666666667 0.09333333333333334
2 0.52109375 0.29583333333333334 0.0671875 0.06166666666666667
4 0.1875 0.5866666666666667 0.2604166666666667 0.18
2 0.22552083333333334 0.2520833333333333 0.06875 0.0325