13 0.9294270833333333 0.7745833333333333 0.14114583333333333 0.1475
4 0.55703125 0.5204166666666666 0.16510416666666666 0.1425
2 0.8192708333333333 0.5154166666666666 0.215625 0.12916666666666668
2 0.9875 0.5291666666666667 0.025 0.12
2 0.96953125 0.45 0.0609375 0.11166666666666666
4 0.58515625 0.4525 0.1421875 0.105
2 0.29973958333333334 0.4483333333333333 0.16510416666666666 0.10833333333333334
4 0.06796875 0.43625 0.1359375 0.11916666666666667
2 0.09921875 0.385 0.15885416666666666 0.09333333333333334
2 0.29453125 0.37583333333333335 0.1296875 0.095
2 0.48828125 0.37083333333333335 0.10677083333333333 0.08333333333333333
4 0.6533854166666667 0.35333333333333333 0.11614583333333334 0.08333333333333333
4 0.8395833333333333 0.34208333333333335 0.12291666666666666 0.08916666666666667
2 0.7239583333333334 0.3125 0.10416666666666667 0.07
4 0.55 0.32458333333333333 0.11041666666666666 0.07916666666666666
4 0.3763020833333333 0.3308333333333333 0.1109375 0.08833333333333333
4 0.21354166666666666 0.3308333333333333 0.13854166666666667 0.09
4 0.05130208333333333 0.3466666666666667 0.10260416666666666 0.07333333333333333
4 0.27265625 0.51875 0.1828125 0.13083333333333333
2 0.39505208333333336 0.6408333333333334 0.22864583333333333 0.18166666666666667