4 0.35989583333333336 0.5725 0.10416666666666667 0.10166666666666667
4 0.22916666666666666 0.6608333333333334 0.14270833333333333 0.15
4 0.2518229166666667 0.58875 0.10989583333333333 0.1075
2 0.07317708333333334 0.7075 0.14635416666666667 0.175
2 0.034375 0.8654166666666666 0.06875 0.25416666666666665
1 0.24609375 0.4970833333333333 0.059895833333333336 0.05583333333333333
1 0.5408854166666667 0.6891666666666667 0.1265625 0.12666666666666668
4 0.9544270833333334 0.49625 0.09114583333333333 0.07416666666666667
1 0.6963541666666667 0.4504166666666667 0.06145833333333333 0.050833333333333335
13 0.5880208333333333 0.4716666666666667 0.028125 0.02666666666666667
15 0.7619791666666667 0.49583333333333335 0.029166666666666667 0.016666666666666666
15 0.7736979166666667 0.4970833333333333 0.0265625 0.015833333333333335
15 0.43072916666666666 0.4820833333333333 0.017708333333333333 0.0175
15 0.42473958333333334 0.46958333333333335 0.0203125 0.015833333333333335
15 0.41380208333333335 0.4683333333333333 0.019270833333333334 0.013333333333333334
15 0.38515625 0.46791666666666665 0.021354166666666667 0.014166666666666666
15 0.43671875 0.44666666666666666 0.011979166666666667 0.01
15 0.4440104166666667 0.44625 0.009895833333333333 0.010833333333333334
15 0.40651041666666665 0.43833333333333335 0.0140625 0.01
15 0.3450520833333333 0.45958333333333334 0.015104166666666667 0.014166666666666666