2 1.0 0.8579166666666667 0.0 0.20583333333333334
13 0.9309895833333334 0.7758333333333334 0.13802083333333334 0.145
2 0.8859375 0.4475 0.178125 0.105
2 0.07083333333333333 0.34291666666666665 0.134375 0.0775
2 1.0 0.5345833333333333 0.0 0.12916666666666668
2 0.9940104166666667 0.4504166666666667 0.011979166666666667 0.10416666666666667
2 1.0 0.4454166666666667 0.0 0.11583333333333333
13 0.75078125 0.26625 0.03177083333333333 0.0325
2 1.0 0.5283333333333333 0.0 0.155
2 1.0 0.5675 0.0 0.16833333333333333
2 1.0 0.46166666666666667 0.0 0.10833333333333334
4 0.17760416666666667 0.37 0.12604166666666666 0.10333333333333333
2 0.3671875 0.37166666666666665 0.12604166666666666 0.09
2 0.5395833333333333 0.3641666666666667 0.11354166666666667 0.08333333333333333
0 0.6901041666666666 0.35333333333333333 0.096875 0.07666666666666666
4 0.8375 0.3425 0.115625 0.08333333333333333
4 0.875 0.30916666666666665 0.10625 0.07666666666666666
4 0.24244791666666668 0.3333333333333333 0.11510416666666666 0.07166666666666667
4 0.5830729166666667 0.32666666666666666 0.1015625 0.06666666666666667
2 0.7296875 0.32666666666666666 0.09270833333333334 0.03666666666666667
2 1.0 0.33541666666666664 0.0 0.0625
13 0.8028645833333333 0.28041666666666665 0.0703125 0.06916666666666667
2 0.4203125 0.33708333333333335 0.090625 0.0575
4 0.6005208333333333 0.43416666666666665 0.16145833333333334 0.11333333333333333
2 0.13802083333333334 0.44625 0.175 0.0975