2 0.9861979166666667 0.4533333333333333 0.027604166666666666 0.065
4 0.68046875 0.41875 0.050520833333333334 0.04083333333333333
3 0.34348958333333335 0.5333333333333333 0.09114583333333333 0.09166666666666666
2 0.5041666666666667 0.48875 0.065625 0.06416666666666666
2 0.16354166666666667 0.6458333333333334 0.15208333333333332 0.14833333333333334
2 0.165625 0.7129166666666666 0.16666666666666666 0.1725
2 0.42135416666666664 0.42 0.030208333333333334 0.035
2 0.31875 0.45458333333333334 0.04583333333333333 0.0475
2 0.2947916666666667 0.4845833333333333 0.05625 0.0275
0 0.12916666666666668 0.54 0.025 0.02
3 0.0 0.8283333333333334 0.0 0.225
2 0.018489583333333334 0.6391666666666667 0.03697916666666667 0.12833333333333333
0 0.0 0.6825 0.0 0.13666666666666666
13 0.6388020833333333 0.49833333333333335 0.0296875 0.02666666666666667
2 0.0 0.8991666666666667 0.0 0.20166666666666666
2 0.0 0.8720833333333333 0.0 0.25583333333333336