4 0.309375 0.55625 0.103125 0.09583333333333334
2 0.3390625 0.5891666666666666 0.10104166666666667 0.10666666666666667
4 0.17838541666666666 0.6445833333333333 0.1390625 0.12416666666666666
2 0.10208333333333333 0.7470833333333333 0.2 0.2025
4 0.9354166666666667 0.7354166666666667 0.12916666666666668 0.18416666666666667
6 0.18854166666666666 0.5120833333333333 0.103125 0.07916666666666666
15 0.6078125 0.4895833333333333 0.03229166666666667 0.0175
15 0.6213541666666667 0.49583333333333335 0.022916666666666665 0.01
15 0.5807291666666666 0.51125 0.01875 0.020833333333333332
15 0.6166666666666667 0.5045833333333334 0.027083333333333334 0.024166666666666666
15 0.56328125 0.5345833333333333 0.030729166666666665 0.025833333333333333
4 0.0 0.8070833333333334 0.0 0.15583333333333332
1 0.13203125 0.53125 0.03697916666666667 0.0225
2 0.0033854166666666668 0.5570833333333334 0.0067708333333333336 0.07416666666666667
3 0.17890625 0.47291666666666665 0.05572916666666667 0.024166666666666666
4 0.38229166666666664 0.43916666666666665 0.05 0.035
2 0.6640625 0.4266666666666667 0.04583333333333333 0.04
15 0.778125 0.74625 0.071875 0.0525
4 0.8223958333333333 0.42083333333333334 0.07604166666666666 0.043333333333333335