5 0.4635416666666667 0.5095833333333334 0.0875 0.08583333333333333
4 0.31875 0.5495833333333333 0.09479166666666666 0.0925
4 0.27682291666666664 0.6304166666666666 0.12135416666666667 0.1275
4 0.18697916666666667 0.62125 0.1375 0.1275
4 0.09635416666666667 0.7470833333333333 0.19166666666666668 0.19083333333333333
2 0.016927083333333332 0.79375 0.033854166666666664 0.2225
2 0.20260416666666667 0.51875 0.075 0.06583333333333333
2 0.14401041666666667 0.5345833333333333 0.05260416666666667 0.025833333333333333
2 0.01328125 0.6070833333333333 0.0265625 0.10083333333333333
15 0.6158854166666666 0.5633333333333334 0.030729166666666665 0.025
15 0.52265625 0.54875 0.033854166666666664 0.029166666666666667
15 0.55859375 0.5129166666666667 0.024479166666666666 0.025833333333333333
15 0.5489583333333333 0.4975 0.01875 0.016666666666666666
15 0.4591145833333333 0.46125 0.009895833333333333 0.014166666666666666
15 0.4010416666666667 0.44625 0.009375 0.010833333333333334
2 0.8307291666666666 0.5029166666666667 0.11145833333333334 0.08083333333333333
2 0.5747395833333333 0.4245833333333333 0.050520833333333334 0.0425
11 0.010677083333333334 0.5608333333333333 0.021354166666666667 0.17666666666666667
2 0.9971354166666667 0.46416666666666667 0.005729166666666666 0.03833333333333333