2 0.3299479166666667 0.5504166666666667 0.09114583333333333 0.08583333333333333
4 0.3578125 0.57625 0.08229166666666667 0.09083333333333334
3 0.18046875 0.6320833333333333 0.1515625 0.1425
2 0.18203125 0.5308333333333334 0.08697916666666666 0.07
2 0.14322916666666666 0.5279166666666667 0.075 0.06416666666666666
2 0.015885416666666666 0.6208333333333333 0.03177083333333333 0.025
2 0.004166666666666667 0.5904166666666667 0.008333333333333333 0.0675
15 0.5057291666666667 0.5345833333333333 0.03333333333333333 0.0225
13 0.5513020833333333 0.54375 0.033854166666666664 0.035833333333333335
15 0.5846354166666666 0.5191666666666667 0.033854166666666664 0.021666666666666667
4 0.6828125 0.41833333333333333 0.04895833333333333 0.04
1 0.7760416666666666 0.40625 0.053125 0.034166666666666665
2 0.7958333333333333 0.43583333333333335 0.07916666666666666 0.05333333333333334
2 0.015885416666666666 0.8041666666666667 0.03177083333333333 0.23166666666666666
2 0.019270833333333334 0.8558333333333333 0.03854166666666667 0.245
4 0.98046875 0.4370833333333333 0.0390625 0.060833333333333336