4 0.35260416666666666 0.5820833333333333 0.1 0.09916666666666667
2 0.18229166666666666 0.6941666666666667 0.1625 0.16833333333333333
0 0.309375 0.5575 0.07291666666666667 0.07833333333333334
0 0.17239583333333333 0.6275 0.11458333333333333 0.10833333333333334
2 0.7783854166666667 0.6441666666666667 0.1484375 0.11666666666666667
2 0.29921875 0.7583333333333333 0.10364583333333334 0.09166666666666666
2 0.9528645833333333 0.47583333333333333 0.09427083333333333 0.07666666666666666
4 0.7239583333333334 0.44208333333333333 0.08125 0.05583333333333333
3 0.5856770833333333 0.44416666666666665 0.06197916666666667 0.06333333333333334
15 0.4875 0.46958333333333335 0.020833333333333332 0.014166666666666666
15 0.43125 0.47541666666666665 0.011458333333333333 0.015833333333333335
15 0.45078125 0.4633333333333333 0.0140625 0.013333333333333334
15 0.41458333333333336 0.4683333333333333 0.019791666666666666 0.013333333333333334
15 0.4669270833333333 0.44666666666666666 0.011979166666666667 0.013333333333333334
15 0.43723958333333335 0.44708333333333333 0.011979166666666667 0.010833333333333334
15 0.38984375 0.44708333333333333 0.013020833333333334 0.0125
15 0.5484375 0.5395833333333333 0.034375 0.0325
15 0.5270833333333333 0.7016666666666667 0.057291666666666664 0.051666666666666666