2 0.47604166666666664 0.51125 0.06979166666666667 0.06916666666666667
4 0.30703125 0.5583333333333333 0.10572916666666667 0.09833333333333333
2 0.1265625 0.6683333333333333 0.128125 0.12833333333333333
15 0.5796875 0.5125 0.020833333333333332 0.016666666666666666
15 0.6013020833333333 0.5208333333333334 0.03177083333333333 0.018333333333333333
15 0.6260416666666667 0.4979166666666667 0.025 0.014166666666666666
2 0.5653645833333333 0.41833333333333333 0.0515625 0.028333333333333332
2 0.6578125 0.4 0.034375 0.021666666666666667
2 0.7614583333333333 0.4275 0.07291666666666667 0.05
2 0.7770833333333333 0.4125 0.06875 0.043333333333333335
2 0.9580729166666667 0.45 0.08385416666666666 0.051666666666666666
11 1.0 0.4895833333333333 0.0 0.20416666666666666
2 1.0 0.55625 0.0 0.17083333333333334
0 0.20286458333333332 0.51875 0.0703125 0.060833333333333336
2 0.1453125 0.5283333333333333 0.06770833333333333 0.041666666666666664
2 0.0125 0.6025 0.025 0.08166666666666667
2 0.20598958333333334 0.4791666666666667 0.044270833333333336 0.016666666666666666
2 0.14869791666666668 0.47875 0.044270833333333336 0.04083333333333333
2 0.2643229166666667 0.44875 0.0036458333333333334 0.0025