13 0.9299479166666667 0.7758333333333334 0.14010416666666667 0.14666666666666667
4 0.8330729166666667 0.5291666666666667 0.18697916666666667 0.12666666666666668
3 0.5825520833333333 0.5175 0.19739583333333333 0.15
4 0.26666666666666666 0.5258333333333334 0.20520833333333333 0.13833333333333334
2 0.04791666666666667 0.5279166666666667 0.09583333333333334 0.12083333333333333
2 0.96484375 0.44708333333333333 0.0703125 0.0925
3 0.7541666666666667 0.44666666666666666 0.18854166666666666 0.12
2 0.45416666666666666 0.44875 0.15208333333333332 0.10416666666666667
2 0.2015625 0.45458333333333334 0.16770833333333332 0.09416666666666666
2 0.005729166666666666 0.45208333333333334 0.011458333333333333 0.0875
2 0.06510416666666667 0.3829166666666667 0.13020833333333334 0.08916666666666667
4 0.24817708333333333 0.37333333333333335 0.13177083333333334 0.09333333333333334
2 0.6473958333333333 0.3545833333333333 0.12291666666666666 0.08583333333333333
2 0.14296875 0.34541666666666665 0.0703125 0.0675
4 0.3184895833333333 0.33 0.10885416666666667 0.07833333333333334
6 0.47604166666666664 0.31166666666666665 0.11875 0.09166666666666666
2 0.6424479166666667 0.32125 0.09947916666666666 0.06916666666666667
6 0.7809895833333333 0.30666666666666664 0.13072916666666667 0.085
2 0.7940104166666667 0.3541666666666667 0.1078125 0.07666666666666666
2 0.9372395833333333 0.34208333333333335 0.11822916666666666 0.07083333333333333
2 1.0 0.85625 0.0 0.20416666666666666
2 0.45729166666666665 0.3720833333333333 0.121875 0.08583333333333333