1 0.93046875 0.73875 0.1390625 0.11583333333333333
1 0.8143229166666667 0.5579166666666666 0.08385416666666666 0.0625
2 0.44557291666666665 0.6566666666666666 0.15572916666666667 0.10166666666666667
4 0.8161458333333333 0.52625 0.09270833333333334 0.04416666666666667
12 0.7002604166666667 0.5279166666666667 0.10885416666666667 0.06583333333333333
4 0.6125 0.5729166666666666 0.10104166666666667 0.07583333333333334
2 0.44375 0.5420833333333334 0.09166666666666666 0.06583333333333333
2 0.08567708333333333 0.5541666666666667 0.1171875 0.06333333333333334
4 0.7611979166666667 0.49541666666666667 0.05572916666666667 0.059166666666666666
2 0.6658854166666667 0.4775 0.018229166666666668 0.0033333333333333335
2 0.2421875 0.46541666666666665 0.03958333333333333 0.005833333333333334