2 0.3984375 0.5525 0.09166666666666666 0.09166666666666666
4 0.2903645833333333 0.5675 0.1046875 0.09833333333333333
4 0.13880208333333333 0.65875 0.14322916666666666 0.13083333333333333
3 0.013802083333333333 0.7925 0.027604166666666666 0.265
15 0.73046875 0.5129166666666667 0.025520833333333333 0.0225
15 0.69765625 0.4975 0.008854166666666666 0.018333333333333333
15 0.6885416666666667 0.49833333333333335 0.025 0.018333333333333333
15 0.63203125 0.4979166666666667 0.016145833333333335 0.019166666666666665
15 0.7 0.6 0.021875 0.041666666666666664
13 0.5703125 0.5508333333333333 0.053125 0.04666666666666667
15 0.5348958333333333 0.5345833333333333 0.030208333333333334 0.019166666666666665
13 0.5736979166666667 0.5283333333333333 0.0296875 0.018333333333333333
6 0.2890625 0.4633333333333333 0.08333333333333333 0.05
2 0.47213541666666664 0.44208333333333333 0.04010416666666667 0.0325
2 0.7385416666666667 0.41875 0.06666666666666667 0.04416666666666667
2 0.1671875 0.5395833333333333 0.1 0.07916666666666666
2 0.007291666666666667 0.6329166666666667 0.014583333333333334 0.06416666666666666