2 0.9958333333333333 0.4558333333333333 0.008333333333333333 0.02
15 0.6005208333333333 0.49833333333333335 0.010416666666666666 0.016666666666666666
3 0.25807291666666665 0.485 0.08802083333333334 0.06666666666666667
12 0.14192708333333334 0.5308333333333334 0.0828125 0.07166666666666667
2 0.18515625 0.5158333333333334 0.0390625 0.021666666666666667
2 0.013802083333333333 0.5979166666666667 0.027604166666666666 0.0825
2 0.340625 0.53625 0.07708333333333334 0.07416666666666667
4 0.35546875 0.57375 0.09322916666666667 0.10416666666666667
2 0.10963541666666667 0.7483333333333333 0.20364583333333333 0.20666666666666667
3 0.975 0.49666666666666665 0.05 0.105
2 0.61171875 0.43083333333333335 0.0234375 0.018333333333333333