4 0.37135416666666665 0.565 0.09166666666666666 0.09333333333333334
6 0.23020833333333332 0.6483333333333333 0.15104166666666666 0.15
4 0.18697916666666667 0.6266666666666667 0.10833333333333334 0.10666666666666667
4 0.34869791666666666 0.5370833333333334 0.0953125 0.0875
2 0.0515625 0.8220833333333334 0.103125 0.23416666666666666
11 0.7455729166666667 0.5841666666666666 0.2911458333333333 0.18
2 0.415625 0.7466666666666667 0.17916666666666667 0.17
4 0.21458333333333332 0.51375 0.08020833333333334 0.06416666666666666
2 0.22005208333333334 0.4920833333333333 0.06614583333333333 0.05416666666666667
6 0.078125 0.5845833333333333 0.128125 0.0925
2 0.14947916666666666 0.53625 0.03958333333333333 0.0175
2 0.0036458333333333334 0.6275 0.007291666666666667 0.11
11 0.95546875 0.415 0.0890625 0.11166666666666666
11 0.8833333333333333 0.5058333333333334 0.23333333333333334 0.18333333333333332
11 0.5333333333333333 0.4195833333333333 0.11979166666666667 0.08083333333333333
4 0.5932291666666667 0.42583333333333334 0.034375 0.03833333333333333
15 0.7361979166666667 0.49625 0.0026041666666666665 0.015833333333333335
15 0.42552083333333335 0.4608333333333333 0.010416666666666666 0.011666666666666667
15 0.3885416666666667 0.4529166666666667 0.021875 0.015833333333333335