4 0.30911458333333336 0.55625 0.10364583333333334 0.0975
2 0.33958333333333335 0.59 0.1 0.10666666666666667
4 0.17890625 0.64875 0.1359375 0.1225
2 0.10234375 0.7475 0.19947916666666668 0.20333333333333334
6 0.18880208333333334 0.51125 0.10364583333333334 0.07916666666666666
1 0.13229166666666667 0.53375 0.03854166666666667 0.024166666666666666
15 0.5161458333333333 0.4625 0.0125 0.013333333333333334
15 0.5317708333333333 0.4683333333333333 0.017708333333333333 0.021666666666666667
15 0.5763020833333333 0.49125 0.028645833333333332 0.0225
15 0.5265625 0.4866666666666667 0.029166666666666667 0.025
15 0.49661458333333336 0.49833333333333335 0.025520833333333333 0.021666666666666667
15 0.46041666666666664 0.4979166666666667 0.021875 0.020833333333333332
15 0.50234375 0.5158333333333334 0.0234375 0.023333333333333334
2 0.6263020833333334 0.445 0.05677083333333333 0.03666666666666667
15 0.934375 0.6191666666666666 0.04583333333333333 0.04