15 0.6158854166666666 0.49041666666666667 0.016145833333333335 0.025833333333333333
15 0.6028645833333334 0.4970833333333333 0.022395833333333334 0.015833333333333335
15 0.5903645833333333 0.5125 0.016145833333333335 0.021666666666666667
2 0.97109375 0.4525 0.0578125 0.065
2 0.259375 0.5904166666666667 0.10625 0.10083333333333333
2 0.05546875 0.7433333333333333 0.1109375 0.19333333333333333
6 0.22630208333333332 0.50375 0.0859375 0.07083333333333333
0 0.15338541666666666 0.525 0.07552083333333333 0.051666666666666666
3 0.0 0.63125 0.0 0.10583333333333333
6 0.2747395833333333 0.44083333333333335 0.07239583333333334 0.04833333333333333
4 0.23463541666666668 0.4554166666666667 0.0265625 0.0325
2 0.15520833333333334 0.5625 0.015625 0.011666666666666667