5 0.37109375 0.5675 0.1015625 0.11
2 0.21041666666666667 0.67875 0.13541666666666666 0.1375
2 0.021354166666666667 0.8554166666666667 0.042708333333333334 0.22416666666666665
2 0.022135416666666668 0.7879166666666667 0.044270833333333336 0.22416666666666665
2 0.30390625 0.5654166666666667 0.09322916666666667 0.08583333333333333
13 0.6713541666666667 0.6258333333333334 0.07083333333333333 0.06166666666666667
2 0.0 0.6708333333333333 0.0 0.15333333333333332
2 0.0 0.6429166666666667 0.0 0.1275
4 0.203125 0.51375 0.090625 0.0725
2 1.0 0.7604166666666666 0.0 0.2175
13 1.0 0.5504166666666667 0.0 0.060833333333333336
2 0.9854166666666667 0.5179166666666667 0.029166666666666667 0.11083333333333334
0 0.9575520833333333 0.47208333333333335 0.08489583333333334 0.06916666666666667
2 0.6549479166666666 0.4504166666666667 0.03177083333333333 0.0375
2 0.6651041666666667 0.4320833333333333 0.04479166666666667 0.0475
11 0.44114583333333335 0.40208333333333335 0.08333333333333333 0.0575
13 0.5151041666666667 0.4845833333333333 0.027083333333333334 0.034166666666666665
15 0.4401041666666667 0.48083333333333333 0.019791666666666666 0.016666666666666666
15 0.4080729166666667 0.4741666666666667 0.0140625 0.015
15 0.40260416666666665 0.4766666666666667 0.014583333333333334 0.02
15 0.3927083333333333 0.43125 0.009375 0.009166666666666667
15 0.41354166666666664 0.43166666666666664 0.013541666666666667 0.018333333333333333
15 0.41875 0.44875 0.010416666666666666 0.009166666666666667
15 0.38307291666666665 0.4454166666666667 0.011979166666666667 0.014166666666666666
15 0.39036458333333335 0.46041666666666664 0.0140625 0.0225
15 0.42630208333333336 0.45375 0.015104166666666667 0.009166666666666667