2 0.08541666666666667 0.3425 0.13541666666666666 0.07833333333333334
4 0.16171875 0.5120833333333333 0.19739583333333333 0.1625
6 0.2703125 0.3525 0.17916666666666667 0.15166666666666667
4 0.3809895833333333 0.5229166666666667 0.1828125 0.1375
2 0.5088541666666667 0.45 0.15208333333333332 0.10333333333333333
12 0.5252604166666667 0.33208333333333334 0.19427083333333334 0.14583333333333334
1 0.3921875 0.3325 0.08020833333333334 0.07333333333333333
2 0.61796875 0.52375 0.19114583333333332 0.13916666666666666
1 0.9192708333333334 0.5354166666666667 0.16145833333333334 0.12416666666666666
2 0.7513020833333334 0.4504166666666667 0.1890625 0.10583333333333333
2 0.7140625 0.355 0.128125 0.085
4 0.6677083333333333 0.3179166666666667 0.11875 0.07416666666666667
1 0.98125 0.45125 0.0375 0.10083333333333333
2 0.91171875 0.3416666666666667 0.11197916666666667 0.07166666666666667
4 0.80390625 0.315 0.10989583333333333 0.06166666666666667
2 0.54453125 0.3233333333333333 0.06510416666666667 0.07
4 0.4354166666666667 0.6320833333333333 0.228125 0.17583333333333334