15 0.6270833333333333 0.4975 0.025 0.023333333333333334
15 0.60390625 0.54875 0.03697916666666667 0.0375
4 0.31354166666666666 0.5554166666666667 0.09791666666666667 0.10083333333333333
4 0.23619791666666667 0.6579166666666667 0.14739583333333334 0.15083333333333335
4 0.17083333333333334 0.63625 0.153125 0.1425
4 0.20364583333333333 0.5108333333333334 0.084375 0.07166666666666667
4 0.0 0.5616666666666666 0.0 0.043333333333333335
4 0.425 0.4379166666666667 0.042708333333333334 0.019166666666666665
11 0.0703125 0.8079166666666666 0.140625 0.38416666666666666
1 0.35703125 0.5725 0.0796875 0.09
3 0.6098958333333333 0.6279166666666667 0.15416666666666667 0.13083333333333333
3 0.8609375 0.43291666666666667 0.09583333333333334 0.060833333333333336
2 0.3458333333333333 0.7541666666666667 0.15729166666666666 0.115
2 0.27760416666666665 0.45875 0.042708333333333334 0.0175
2 1.0 0.46 0.0 0.045
6 1.0 0.4975 0.0 0.125