15 0.771875 0.2833333333333333 0.0375 0.028333333333333332
15 0.69140625 0.27625 0.0265625 0.0225
15 0.64296875 0.2775 0.0171875 0.018333333333333333
13 0.6791666666666667 0.35541666666666666 0.04375 0.04416666666666667
15 0.5739583333333333 0.31875 0.016666666666666666 0.0275
4 0.3450520833333333 0.38208333333333333 0.1046875 0.11416666666666667
5 0.19609375 0.3025 0.09947916666666666 0.08166666666666667
4 0.9888020833333333 0.36833333333333335 0.022395833333333334 0.105
12 1.0 0.25875 0.0 0.18583333333333332
5 0.0 0.41791666666666666 0.0 0.12916666666666668
2 0.165625 0.2675 0.08125 0.058333333333333334
4 0.8541666666666666 0.23916666666666667 0.11041666666666666 0.07666666666666666
5 0.6942708333333333 0.20541666666666666 0.06979166666666667 0.06416666666666666
2 0.35911458333333335 0.54625 0.16822916666666668 0.1375
15 0.9911458333333333 0.5133333333333333 0.017708333333333333 0.07333333333333333
4 0.6002604166666666 0.19541666666666666 0.0026041666666666665 0.024166666666666666
15 0.6510416666666666 0.2775 0.016666666666666666 0.02
15 0.6486979166666667 0.2683333333333333 0.0265625 0.015