2 0.4947916666666667 0.455 0.034375 0.03833333333333333
2 0.9861979166666667 0.4533333333333333 0.027604166666666666 0.065
4 0.546875 0.46708333333333335 0.057291666666666664 0.0575
3 0.23307291666666666 0.6025 0.13489583333333333 0.12166666666666667
2 0.34661458333333334 0.5816666666666667 0.1015625 0.10666666666666667
2 0.0515625 0.7516666666666667 0.103125 0.195
2 0.05572916666666667 0.8325 0.11145833333333334 0.25333333333333335
2 0.32734375 0.46291666666666664 0.05677083333333333 0.0425
2 0.21015625 0.5029166666666667 0.06302083333333333 0.035833333333333335
2 0.13645833333333332 0.5575 0.051041666666666666 0.04833333333333333
0 0.012760416666666666 0.5916666666666667 0.025520833333333333 0.07333333333333333
3 0.0 0.9108333333333334 0.0 0.17833333333333334
2 0.0 0.6983333333333334 0.0 0.15666666666666668
0 0.0 0.7141666666666666 0.0 0.12833333333333333
13 0.6385416666666667 0.4975 0.026041666666666668 0.021666666666666667
2 0.0 0.8858333333333334 0.0 0.22833333333333333
2 0.0 0.8770833333333333 0.0 0.24583333333333332