2 0.6763020833333333 0.4275 0.04739583333333333 0.035
5 0.5411458333333333 0.4725 0.057291666666666664 0.055
2 0.39140625 0.5108333333333334 0.07552083333333333 0.07333333333333333
5 0.3802083333333333 0.5541666666666667 0.1125 0.11166666666666666
0 0.19765625 0.6216666666666667 0.10260416666666666 0.10166666666666667
4 0.017708333333333333 0.8554166666666667 0.035416666666666666 0.21916666666666668
2 0.0 0.9229166666666667 0.0 0.15416666666666667
0 1.0 0.5883333333333334 0.0 0.12666666666666668
2 0.8854166666666666 0.6120833333333333 0.16354166666666667 0.10083333333333333
4 0.15989583333333332 0.7879166666666667 0.036458333333333336 0.025833333333333333
15 0.7994791666666666 0.4370833333333333 0.013541666666666667 0.010833333333333334
15 0.7557291666666667 0.4816666666666667 0.029166666666666667 0.021666666666666667
15 0.8169270833333333 0.4525 0.016145833333333335 0.015
15 0.85390625 0.46041666666666664 0.0328125 0.020833333333333332
15 0.8744791666666667 0.44083333333333335 0.028125 0.015
15 0.865625 0.44208333333333333 0.03229166666666667 0.0225
15 0.8234375 0.435 0.013541666666666667 0.013333333333333334
15 1.0 0.7758333333333334 0.0 0.07166666666666667
15 0.95625 0.73125 0.035416666666666666 0.06916666666666667
2 0.38203125 0.4483333333333333 0.0390625 0.015
5 0.36302083333333335 0.42041666666666666 0.04583333333333333 0.04083333333333333
3 0.19270833333333334 0.5179166666666667 0.09583333333333334 0.0775
2 0.2747395833333333 0.4708333333333333 0.05677083333333333 0.04
4 0.013541666666666667 0.60625 0.027083333333333334 0.10083333333333333
4 0.011979166666666667 0.65 0.023958333333333335 0.13666666666666666