4 0.4895833333333333 0.4979166666666667 0.06770833333333333 0.06583333333333333
4 0.3546875 0.58 0.09270833333333334 0.09666666666666666
2 0.36171875 0.5279166666666667 0.08802083333333334 0.0825
13 0.6197916666666666 0.44458333333333333 0.010416666666666666 0.010833333333333334
2 0.109375 0.7445833333333334 0.20416666666666666 0.20583333333333334
2 0.15130208333333334 0.64375 0.16302083333333334 0.14583333333333334
15 0.7471354166666667 0.4970833333333333 0.0265625 0.029166666666666667
15 0.7544270833333333 0.48 0.027604166666666666 0.018333333333333333
2 0.2557291666666667 0.4891666666666667 0.07916666666666666 0.065
15 0.7434895833333334 0.4558333333333333 0.0140625 0.016666666666666666
15 0.8138020833333334 0.4791666666666667 0.03177083333333333 0.025
2 0.16536458333333334 0.5208333333333334 0.0734375 0.035
2 0.016145833333333335 0.6183333333333333 0.03229166666666667 0.07