2 0.2765625 0.7675 0.16875 0.13833333333333334
5 0.3614583333333333 0.5529166666666666 0.11770833333333333 0.1125
4 0.57578125 0.45666666666666667 0.06510416666666667 0.05333333333333334
2 0.4471354166666667 0.4870833333333333 0.0671875 0.0625
4 0.2526041666666667 0.5933333333333334 0.10208333333333333 0.095
4 0.9341145833333333 0.43916666666666665 0.10260416666666666 0.056666666666666664
4 0.378125 0.4404166666666667 0.036458333333333336 0.0325
4 0.14817708333333332 0.5408333333333334 0.07552083333333333 0.06666666666666667
15 0.5700520833333333 0.5170833333333333 0.024479166666666666 0.0275
15 0.71328125 0.47375 0.0234375 0.020833333333333332
15 0.9265625 0.5129166666666667 0.0375 0.020833333333333332
15 0.9072916666666667 0.5125 0.035416666666666666 0.023333333333333334
2 1.0 0.7066666666666667 0.0 0.185