2 0.02421875 0.7908333333333334 0.0484375 0.23166666666666666
4 0.19036458333333334 0.6270833333333333 0.1234375 0.12083333333333333
4 0.32395833333333335 0.5429166666666667 0.07291666666666667 0.07916666666666666
5 0.3502604166666667 0.575 0.11302083333333333 0.115
13 0.5270833333333333 0.54375 0.030208333333333334 0.0325
15 0.840625 0.7329166666666667 0.05 0.07583333333333334
2 0.21770833333333334 0.5141666666666667 0.08854166666666667 0.07
13 0.3177083333333333 0.46 0.020833333333333332 0.011666666666666667
2 0.5651041666666666 0.43166666666666664 0.052083333333333336 0.011666666666666667
2 0.8330729166666667 0.4425 0.08489583333333334 0.04
2 0.9703125 0.44083333333333335 0.059375 0.028333333333333332
0 0.022916666666666665 0.6091666666666666 0.03125 0.045
2 0.12447916666666667 0.5383333333333333 0.015625 0.018333333333333333