15 0.6080729166666666 0.4979166666666667 0.019270833333333334 0.014166666666666666
15 0.5994791666666667 0.4975 0.015625 0.016666666666666666
15 0.56953125 0.5341666666666667 0.028645833333333332 0.023333333333333334
15 0.6544270833333333 0.4970833333333333 0.018229166666666668 0.009166666666666667
15 0.6486979166666667 0.4970833333333333 0.0234375 0.019166666666666665
2 0.20208333333333334 0.5175 0.075 0.065
5 0.425 0.5341666666666667 0.09479166666666666 0.09333333333333334
2 0.8419270833333333 0.425 0.07239583333333334 0.03833333333333333
2 0.2765625 0.63125 0.11979166666666667 0.12416666666666666
15 0.9640625 0.6775 0.06458333333333334 0.1
4 0.9841145833333333 0.4529166666666667 0.03177083333333333 0.059166666666666666
13 0.69765625 0.41125 0.028645833333333332 0.019166666666666665