15 0.46536458333333336 0.48291666666666666 0.018229166666666668 0.024166666666666666
15 0.496875 0.4683333333333333 0.019791666666666666 0.02
15 0.5018229166666667 0.4683333333333333 0.022395833333333334 0.02
15 0.5153645833333333 0.46125 0.009895833333333333 0.0175
15 0.50859375 0.455 0.015104166666666667 0.015
15 0.4356770833333333 0.46125 0.011979166666666667 0.0125
15 0.40703125 0.43166666666666664 0.0109375 0.013333333333333334
15 0.38203125 0.43083333333333335 0.011979166666666667 0.01
4 0.30885416666666665 0.55875 0.09479166666666666 0.0925
4 0.390625 0.5579166666666666 0.08541666666666667 0.08916666666666667
1 0.2171875 0.5116666666666667 0.06979166666666667 0.058333333333333334
14 0.3692708333333333 0.44458333333333333 0.017708333333333333 0.0175
13 0.11354166666666667 0.7433333333333333 0.10416666666666667 0.10333333333333333
13 0.67890625 0.49916666666666665 0.0359375 0.03166666666666667
2 0.26145833333333335 0.6458333333333334 0.1375 0.14333333333333334
2 0.10182291666666667 0.6791666666666667 0.1671875 0.14833333333333334