4 0.40546875 0.5475 0.08072916666666667 0.08833333333333333
4 0.3411458333333333 0.5404166666666667 0.08541666666666667 0.0825
1 0.16302083333333334 0.7066666666666667 0.134375 0.145
15 0.6364583333333333 0.49041666666666667 0.01875 0.024166666666666666
15 0.6161458333333333 0.5125 0.020833333333333332 0.018333333333333333
2 0.13880208333333333 0.5370833333333334 0.0453125 0.020833333333333332
13 0.21458333333333332 0.4875 0.027083333333333334 0.015
2 0.14114583333333333 0.4945833333333333 0.030208333333333334 0.04583333333333333
3 0.43385416666666665 0.4379166666666667 0.059375 0.0275
5 0.553125 0.41625 0.06666666666666667 0.049166666666666664
2 0.73671875 0.425 0.06302083333333333 0.043333333333333335
2 0.3182291666666667 0.7533333333333333 0.184375 0.17
2 0.81796875 0.41833333333333333 0.0546875 0.03666666666666667