15 0.6151041666666667 0.49083333333333334 0.023958333333333335 0.023333333333333334
15 0.5971354166666667 0.505 0.024479166666666666 0.018333333333333333
15 0.58984375 0.5120833333333333 0.018229166666666668 0.0225
2 0.23697916666666666 0.6029166666666667 0.06145833333333333 0.08083333333333333
6 0.321875 0.5941666666666666 0.12708333333333333 0.12666666666666668
6 0.13177083333333334 0.7091666666666666 0.23333333333333334 0.23166666666666666
2 0.02109375 0.76 0.0421875 0.155
2 0.15338541666666666 0.5245833333333333 0.07447916666666667 0.050833333333333335
6 0.22708333333333333 0.5041666666666667 0.08645833333333333 0.07166666666666667
2 0.15703125 0.5620833333333334 0.0203125 0.015833333333333335
2 0.013020833333333334 0.60375 0.026041666666666668 0.0525
4 0.20963541666666666 0.47583333333333333 0.06302083333333333 0.043333333333333335