5 0.36171875 0.5654166666666667 0.10885416666666667 0.10916666666666666
2 0.17838541666666666 0.6929166666666666 0.15989583333333332 0.16583333333333333
4 0.24140625 0.5916666666666667 0.1078125 0.105
0 0.0609375 0.7220833333333333 0.121875 0.17416666666666666
2 0.016927083333333332 0.6283333333333333 0.033854166666666664 0.12166666666666667
4 0.17864583333333334 0.5279166666666667 0.08854166666666667 0.07083333333333333
2 0.13203125 0.5395833333333333 0.024479166666666666 0.014166666666666666
4 0.9763020833333333 0.5029166666666667 0.04739583333333333 0.08583333333333333
2 0.68984375 0.43333333333333335 0.06510416666666667 0.04666666666666667
2 0.9825520833333333 0.45666666666666667 0.034895833333333334 0.056666666666666664
15 0.74375 0.49625 0.026041666666666668 0.024166666666666666
15 0.6908854166666667 0.6475 0.0328125 0.04666666666666667
15 0.6700520833333333 0.5979166666666667 0.03697916666666667 0.034166666666666665
15 0.6234375 0.58 0.030208333333333334 0.03
15 0.5153645833333333 0.5258333333333334 0.0203125 0.023333333333333334
15 0.5661458333333333 0.48291666666666666 0.019791666666666666 0.015833333333333335