4 0.35989583333333336 0.5716666666666667 0.10416666666666667 0.10333333333333333
2 0.2518229166666667 0.5879166666666666 0.10885416666666667 0.11083333333333334
4 0.22916666666666666 0.6608333333333334 0.14270833333333333 0.15
2 0.07291666666666667 0.7066666666666667 0.14583333333333334 0.175
2 0.03307291666666667 0.8629166666666667 0.06614583333333333 0.24916666666666668
12 0.9645833333333333 0.5570833333333334 0.07083333333333333 0.11083333333333334
2 0.5341145833333333 0.6579166666666667 0.15052083333333333 0.11083333333333334
4 0.24557291666666667 0.49625 0.05677083333333333 0.05416666666666667
13 0.5841145833333333 0.47125 0.025520833333333333 0.019166666666666665
15 0.803125 0.6825 0.021875 0.055
15 0.53671875 0.48291666666666666 0.0203125 0.014166666666666666
15 0.59296875 0.48875 0.0265625 0.015833333333333335
15 0.59921875 0.5620833333333334 0.030729166666666665 0.029166666666666667
15 0.6122395833333333 0.5575 0.03177083333333333 0.03166666666666667
15 0.7791666666666667 0.49666666666666665 0.027083333333333334 0.023333333333333334
15 0.76015625 0.49666666666666665 0.0265625 0.025
15 0.62890625 0.7154166666666667 0.0640625 0.05583333333333333
15 0.66171875 0.7270833333333333 0.0734375 0.05416666666666667
15 0.44244791666666666 0.68375 0.0578125 0.04583333333333333