4 0.49713541666666666 0.5258333333333334 0.16302083333333334 0.14
1 0.7651041666666667 0.5358333333333334 0.16354166666666667 0.12
4 0.6890625 0.44916666666666666 0.15625 0.10333333333333333
2 0.8919270833333334 0.45458333333333334 0.1703125 0.09583333333333334
2 0.9778645833333334 0.52875 0.044270833333333336 0.12583333333333332
2 0.96015625 0.3475 0.0796875 0.06833333333333333
1 0.8244791666666667 0.3475 0.103125 0.07333333333333333
2 0.8450520833333334 0.3125 0.1015625 0.06166666666666667
3 0.7083333333333334 0.31666666666666665 0.11458333333333333 0.08
2 0.6424479166666667 0.36333333333333334 0.12239583333333333 0.08666666666666667
2 0.5630208333333333 0.3308333333333333 0.09895833333333333 0.07
2 0.42578125 0.37125 0.1265625 0.0875
3 0.41510416666666666 0.32625 0.11666666666666667 0.08916666666666667
4 0.23802083333333332 0.37375 0.134375 0.09083333333333334
4 0.2484375 0.33666666666666667 0.11770833333333333 0.08333333333333333
2 0.075 0.38958333333333334 0.15 0.09083333333333334
3 0.06380208333333333 0.34 0.12760416666666666 0.08166666666666667
2 0.0 0.38708333333333333 0.0 0.08416666666666667