2 0.47708333333333336 0.44125 0.165625 0.1075
2 0.703125 0.44416666666666665 0.159375 0.10833333333333334
0 0.30703125 0.44208333333333333 0.12552083333333333 0.1025
2 0.05260416666666667 0.43833333333333335 0.10520833333333333 0.10833333333333334
2 0.9455729166666667 0.44208333333333333 0.10885416666666667 0.10416666666666667
2 0.9231770833333334 0.5354166666666667 0.15364583333333334 0.12583333333333332
0 0.6302083333333334 0.35333333333333333 0.09479166666666666 0.08
4 0.3653645833333333 0.3645833333333333 0.1203125 0.0925
2 0.16432291666666668 0.38166666666666665 0.1515625 0.09
2 0.027864583333333335 0.37833333333333335 0.05572916666666667 0.09333333333333334
0 0.5638020833333334 0.3233333333333333 0.07447916666666667 0.065
4 0.7111979166666667 0.3145833333333333 0.1203125 0.07416666666666667
4 0.23723958333333334 0.3375 0.12135416666666667 0.08833333333333333
3 0.9302083333333333 0.33458333333333334 0.13333333333333333 0.10916666666666666
2 0.7677083333333333 0.36291666666666667 0.128125 0.06916666666666667
2 0.84765625 0.3129166666666667 0.08072916666666667 0.06916666666666667
2 0.39140625 0.3308333333333333 0.0859375 0.075