0 0.3546875 0.5266666666666666 0.075 0.07833333333333334
2 0.24270833333333333 0.5941666666666666 0.11875 0.11166666666666666
2 0.3776041666666667 0.56375 0.09895833333333333 0.09916666666666667
2 0.24713541666666666 0.6470833333333333 0.14427083333333332 0.14416666666666667
11 0.08776041666666666 0.7058333333333333 0.17552083333333332 0.27
13 0.4739583333333333 0.5554166666666667 0.04479166666666667 0.049166666666666664
15 0.5940104166666667 0.5345833333333333 0.028645833333333332 0.0375
4 0.6299479166666667 0.4558333333333333 0.0765625 0.065
15 0.5421875 0.5775 0.020833333333333332 0.035
15 0.5989583333333334 0.5045833333333334 0.009375 0.010833333333333334
15 0.54296875 0.5270833333333333 0.0171875 0.0275
15 0.49244791666666665 0.72125 0.05260416666666667 0.060833333333333336