2 0.0453125 0.7545833333333334 0.090625 0.19583333333333333
4 0.21145833333333333 0.6729166666666667 0.15416666666666667 0.15916666666666668
6 0.24244791666666668 0.5695833333333333 0.1359375 0.1225
13 0.4348958333333333 0.5504166666666667 0.05520833333333333 0.0475
2 0.3580729166666667 0.5733333333333334 0.0890625 0.08166666666666667
15 0.60703125 0.4975 0.015104166666666667 0.013333333333333334
15 0.5934895833333333 0.49833333333333335 0.016145833333333335 0.021666666666666667
15 0.6244791666666667 0.5054166666666666 0.021875 0.019166666666666665
15 0.6515625 0.535 0.029166666666666667 0.023333333333333334
15 0.5591145833333333 0.5341666666666667 0.022395833333333334 0.025
15 0.5502604166666667 0.5408333333333334 0.0171875 0.023333333333333334
15 0.7716145833333333 0.50375 0.016145833333333335 0.015833333333333335
6 0.20807291666666666 0.49666666666666665 0.0953125 0.075
15 0.7700520833333333 0.62 0.028645833333333332 0.03333333333333333
15 0.7705729166666667 0.6204166666666666 0.034895833333333334 0.035833333333333335
4 0.14401041666666667 0.53 0.05677083333333333 0.028333333333333332
15 0.62890625 0.4975 0.011979166666666667 0.015