3 0.37447916666666664 0.565 0.10833333333333334 0.11
11 0.15911458333333334 0.7283333333333334 0.3182291666666667 0.39
2 0.3111979166666667 0.5666666666666667 0.034895833333333334 0.025
6 0.16015625 0.5308333333333334 0.1046875 0.085
2 0.13463541666666667 0.51875 0.0421875 0.029166666666666667
2 0.015885416666666666 0.63375 0.03177083333333333 0.1075
2 0.5075520833333333 0.43333333333333335 0.058854166666666666 0.018333333333333333
6 0.684375 0.40291666666666665 0.06770833333333333 0.04583333333333333
16 0.540625 0.5645833333333333 0.028125 0.030833333333333334
15 0.5609375 0.54125 0.021875 0.025833333333333333
15 0.6817708333333333 0.5291666666666667 0.023958333333333335 0.023333333333333334
15 0.6002604166666666 0.5133333333333333 0.021354166666666667 0.021666666666666667
15 0.60859375 0.5116666666666667 0.0203125 0.016666666666666666
15 0.6247395833333333 0.4979166666666667 0.0171875 0.025833333333333333
15 0.63359375 0.49041666666666667 0.019270833333333334 0.0225
15 0.62890625 0.49041666666666667 0.0140625 0.0175