15 0.8796875 0.42291666666666666 0.034375 0.0175
15 0.8690104166666667 0.42333333333333334 0.005729166666666666 0.013333333333333334
15 0.8528645833333334 0.4245833333333333 0.034895833333333334 0.025833333333333333
15 0.8692708333333333 0.4504166666666667 0.020833333333333332 0.019166666666666665
15 0.8109375 0.43625 0.01875 0.020833333333333332
15 0.7963541666666667 0.4375 0.019791666666666666 0.018333333333333333
4 0.5966145833333333 0.45125 0.0546875 0.050833333333333335
4 0.41328125 0.49125 0.06510416666666667 0.06416666666666666
4 0.18489583333333334 0.5133333333333333 0.08020833333333334 0.04666666666666667
4 0.221875 0.7829166666666667 0.13854166666666667 0.11583333333333333
2 0.5065104166666666 0.4345833333333333 0.028645833333333332 0.0375
2 0.34453125 0.44 0.04635416666666667 0.04
2 0.32317708333333334 0.47583333333333333 0.0515625 0.03666666666666667
2 0.77578125 0.62875 0.1546875 0.11083333333333334
2 0.21432291666666667 0.6175 0.1296875 0.12166666666666667
2 0.14661458333333333 0.5533333333333333 0.07447916666666667 0.06666666666666667
6 0.4075520833333333 0.525 0.1046875 0.09833333333333333