4 0.37942708333333336 0.44208333333333333 0.14427083333333332 0.10916666666666666
2 0.17239583333333333 0.44083333333333335 0.17708333333333334 0.10833333333333334
2 0.8348958333333333 0.44333333333333336 0.165625 0.09833333333333333
2 0.9950520833333333 0.53625 0.009895833333333333 0.11916666666666667
2 0.9731770833333333 0.44958333333333333 0.05364583333333333 0.1075
4 0.05182291666666667 0.38375 0.10364583333333334 0.08083333333333333
2 0.21614583333333334 0.37875 0.15416666666666667 0.09583333333333334
2 0.403125 0.37 0.125 0.08833333333333333
2 0.5966145833333333 0.36125 0.11302083333333333 0.08916666666666667
2 0.7643229166666666 0.3566666666666667 0.12447916666666667 0.07
4 0.8752604166666667 0.33916666666666667 0.09427083333333333 0.095
2 0.7567708333333333 0.3258333333333333 0.10625 0.065
2 0.57109375 0.32625 0.10260416666666666 0.07416666666666667
2 0.4265625 0.33958333333333335 0.10520833333333333 0.0625
4 0.2596354166666667 0.3333333333333333 0.12135416666666667 0.07833333333333334
0 0.10729166666666666 0.34625 0.12708333333333333 0.060833333333333336
2 1.0 0.8483333333333334 0.0 0.195
13 0.93046875 0.7754166666666666 0.1390625 0.14583333333333334
2 0.43828125 0.31416666666666665 0.0796875 0.021666666666666667
2 0.590625 0.2941666666666667 0.08854166666666667 0.06333333333333334
4 0.7307291666666667 0.29291666666666666 0.10729166666666666 0.0675
2 0.7895833333333333 0.28458333333333335 0.06041666666666667 0.060833333333333336
3 0.7645833333333333 0.25333333333333335 0.08645833333333333 0.03833333333333333
4 0.8255208333333334 0.23458333333333334 0.04895833333333333 0.020833333333333332