4 0.6625 0.43125 0.051041666666666666 0.0225
0 0.5427083333333333 0.4475 0.036458333333333336 0.03666666666666667
2 0.5145833333333333 0.48875 0.0625 0.060833333333333336
2 0.4278645833333333 0.4866666666666667 0.058854166666666666 0.06333333333333334
4 0.390625 0.435 0.05520833333333333 0.045
4 0.225 0.4895833333333333 0.06458333333333334 0.0575
2 0.15442708333333333 0.54375 0.09427083333333333 0.07583333333333334
2 0.0 0.7333333333333333 0.0 0.11
4 0.0 0.81375 0.0 0.22916666666666666
13 0.0 1.0 0.0 0.0
4 0.23802083333333332 0.5958333333333333 0.11770833333333333 0.12166666666666667
2 0.2747395833333333 0.6366666666666667 0.12864583333333332 0.13