15 0.9947916666666666 0.7091666666666666 0.010416666666666666 0.056666666666666664
15 0.5703125 0.56375 0.036458333333333336 0.0275
15 0.5604166666666667 0.55625 0.022916666666666665 0.024166666666666666
15 0.7591145833333334 0.4970833333333333 0.027604166666666666 0.024166666666666666
2 0.6083333333333333 0.6841666666666667 0.175 0.13666666666666666
4 0.98671875 0.45416666666666666 0.0265625 0.07333333333333333
0 0.3953125 0.5554166666666667 0.08229166666666667 0.0925
5 0.34427083333333336 0.5316666666666666 0.09791666666666667 0.10166666666666667
2 0.21119791666666668 0.67375 0.1453125 0.15416666666666667
2 0.025 0.85625 0.05 0.24916666666666668
4 0.07890625 0.7045833333333333 0.1578125 0.18416666666666667
2 0.29921875 0.47333333333333333 0.0609375 0.06
2 0.14583333333333334 0.5445833333333333 0.07708333333333334 0.07083333333333333
2 0.16197916666666667 0.5108333333333334 0.08229166666666667 0.06833333333333333
2 0.011979166666666667 0.65375 0.023958333333333335 0.13583333333333333