15 0.7361979166666667 0.4558333333333333 0.0140625 0.018333333333333333
15 0.7526041666666666 0.4558333333333333 0.013541666666666667 0.018333333333333333
15 0.7630208333333334 0.4554166666666667 0.013541666666666667 0.0175
15 0.82578125 0.4354166666666667 0.016145833333333335 0.015833333333333335
15 0.8401041666666667 0.43416666666666665 0.017708333333333333 0.018333333333333333
5 0.6752604166666667 0.41583333333333333 0.05260416666666667 0.045
2 0.4393229166666667 0.4841666666666667 0.034895833333333334 0.04666666666666667
2 0.9908854166666666 0.46208333333333335 0.018229166666666668 0.07583333333333334
1 0.47421875 0.5108333333333334 0.06302083333333333 0.07
13 0.35963541666666665 0.4454166666666667 0.028645833333333332 0.014166666666666666
4 0.22161458333333334 0.6066666666666667 0.11510416666666666 0.10666666666666667
4 0.26536458333333335 0.6329166666666667 0.12135416666666667 0.12083333333333333
2 0.2903645833333333 0.45916666666666667 0.05260416666666667 0.045
2 0.3216145833333333 0.76 0.1640625 0.12833333333333333
9 0.0 0.8725 0.0 0.255
2 0.0171875 0.6204166666666666 0.034375 0.07583333333333334
2 0.0036458333333333334 0.6195833333333334 0.007291666666666667 0.10416666666666667
2 0.0 1.0 0.0 0.0