2 0.9927083333333333 0.9954166666666666 0.014583333333333334 0.009166666666666667
13 0.9020833333333333 0.9654166666666667 0.15625 0.06916666666666667
4 1.0 0.695 0.0 0.10666666666666667
2 1.0 0.6708333333333333 0.0 0.105
4 0.8385416666666666 0.6420833333333333 0.178125 0.12583333333333332
3 0.23828125 0.6420833333333333 0.1765625 0.12416666666666666
2 0.0 0.6604166666666667 0.0 0.04583333333333333
0 1.0 0.55 0.0 0.04833333333333333
4 0.73671875 0.5595833333333333 0.09739583333333333 0.0675
4 0.47708333333333336 0.5741666666666667 0.10625 0.07
2 0.13125 0.5933333333333334 0.1125 0.07666666666666666
2 1.0 0.7675 0.0 0.12166666666666667
2 0.7479166666666667 0.4975 0.0625 0.06166666666666667
4 0.6234375 0.5158333333333334 0.08229166666666667 0.056666666666666664
3 0.14583333333333334 0.5304166666666666 0.12708333333333333 0.0675
4 0.0 0.5395833333333333 0.0 0.07583333333333334
0 0.6190104166666667 0.5375 0.07447916666666667 0.056666666666666664
4 0.4669270833333333 0.5145833333333333 0.07864583333333333 0.05583333333333333
2 0.7315104166666667 0.47125 0.06510416666666667 0.020833333333333332
2 0.6138020833333333 0.48375 0.0203125 0.0075
2 0.13333333333333333 0.45875 0.040625 0.0175