15 0.76328125 0.4995833333333333 0.0328125 0.0325
15 0.82421875 0.47875 0.0296875 0.024166666666666666
15 0.8544270833333333 0.47833333333333333 0.030729166666666665 0.021666666666666667
15 0.9348958333333334 0.4845833333333333 0.019791666666666666 0.0225
15 0.8770833333333333 0.47708333333333336 0.03229166666666667 0.020833333333333332
15 0.8083333333333333 0.43125 0.03229166666666667 0.0475
15 0.8 0.4191666666666667 0.014583333333333334 0.016666666666666666
15 0.85234375 0.43291666666666667 0.018229166666666668 0.0175
15 0.7565104166666666 0.4483333333333333 0.0265625 0.015
15 0.7861979166666667 0.45416666666666666 0.0140625 0.015
2 0.59765625 0.46708333333333335 0.04114583333333333 0.0175
13 0.5221354166666666 0.43291666666666667 0.021354166666666667 0.0175
2 0.415625 0.5475 0.090625 0.08833333333333333
0 0.08828125 0.7816666666666666 0.1765625 0.225
4 0.35625 0.4479166666666667 0.05 0.04583333333333333
4 0.253125 0.48291666666666666 0.0625 0.035833333333333335
0 0.1609375 0.5358333333333334 0.08125 0.075