2 0.49453125 0.3325 0.09322916666666667 0.08
2 0.24010416666666667 0.5529166666666666 0.2125 0.14916666666666667
4 0.9755208333333333 0.5283333333333333 0.04895833333333333 0.13333333333333333
3 1.0 0.4504166666666667 0.0 0.1175
4 0.8760416666666667 0.34 0.13854166666666667 0.08666666666666667
2 0.996875 0.4508333333333333 0.00625 0.10333333333333333
2 0.5276041666666667 0.36333333333333334 0.10625 0.07666666666666666
2 0.08307291666666666 0.38666666666666666 0.15260416666666668 0.08333333333333333
2 0.78046875 0.31333333333333335 0.0921875 0.03166666666666667
4 0.8 0.2758333333333333 0.07291666666666667 0.06666666666666667
2 0.73203125 0.25125 0.015104166666666667 0.04083333333333333
2 0.24036458333333333 0.3441666666666667 0.12760416666666666 0.08333333333333333