2 0.36302083333333335 0.5808333333333333 0.10208333333333333 0.10166666666666667
2 0.29739583333333336 0.5645833333333333 0.10208333333333333 0.09083333333333334
4 0.19401041666666666 0.5220833333333333 0.0890625 0.0725
2 0.13723958333333333 0.5295833333333333 0.044270833333333336 0.0525
4 0.08411458333333334 0.6891666666666667 0.16822916666666668 0.15
15 0.5421875 0.5341666666666667 0.028125 0.023333333333333334
15 0.578125 0.5175 0.029166666666666667 0.021666666666666667
15 0.6125 0.4891666666666667 0.013541666666666667 0.016666666666666666
15 0.6106770833333334 0.5195833333333333 0.0296875 0.0175
15 0.6611979166666667 0.5183333333333333 0.034895833333333334 0.03
4 0.7645833333333333 0.6075 0.12916666666666668 0.10833333333333334
0 0.9684895833333333 0.5925 0.06302083333333333 0.08666666666666667
4 0.2453125 0.4658333333333333 0.071875 0.05333333333333334
2 0.06171875 0.8241666666666667 0.1234375 0.23166666666666666