2 0.47604166666666664 0.5116666666666667 0.06979166666666667 0.06833333333333333
4 0.3067708333333333 0.5583333333333333 0.10625 0.09833333333333333
2 0.12786458333333334 0.66875 0.13072916666666667 0.12916666666666668
15 0.6669270833333333 0.5904166666666667 0.0234375 0.0475
15 0.5796875 0.5125 0.020833333333333332 0.016666666666666666
15 0.628125 0.4979166666666667 0.026041666666666668 0.0225
0 0.20260416666666667 0.5183333333333333 0.06979166666666667 0.06
2 0.14557291666666666 0.5279166666666667 0.0671875 0.04083333333333333
2 0.011979166666666667 0.6025 0.023958333333333335 0.08333333333333333
4 0.8958333333333334 0.43833333333333335 0.08645833333333333 0.06166666666666667
2 1.0 0.47291666666666665 0.0 0.07916666666666666
2 1.0 0.46416666666666667 0.0 0.04
2 0.9791666666666666 0.4266666666666667 0.041666666666666664 0.043333333333333335
5 0.0 0.5670833333333334 0.0 0.08916666666666667
4 0.006510416666666667 0.5404166666666667 0.013020833333333334 0.0125
2 0.17395833333333333 0.47791666666666666 0.07291666666666667 0.0425
2 0.0 0.6775 0.0 0.075