2 0.353125 0.5858333333333333 0.10104166666666667 0.105
3 0.30390625 0.5525 0.10260416666666666 0.09833333333333333
6 0.17291666666666666 0.6083333333333333 0.159375 0.145
2 0.08463541666666667 0.76875 0.16927083333333334 0.21416666666666667
13 0.5309895833333333 0.5491666666666667 0.03697916666666667 0.035
13 0.5932291666666667 0.5483333333333333 0.035416666666666666 0.03166666666666667
15 0.5825520833333333 0.5116666666666667 0.021354166666666667 0.021666666666666667
15 0.82421875 0.5033333333333333 0.0140625 0.02666666666666667
2 0.66640625 0.4270833333333333 0.0484375 0.04083333333333333
4 0.8536458333333333 0.4220833333333333 0.08125 0.04583333333333333
2 1.0 0.46875 0.0 0.035833333333333335
4 1.0 0.43375 0.0 0.049166666666666664
4 1.0 0.51875 0.0 0.12583333333333332
15 0.61484375 0.48375 0.022395833333333334 0.015833333333333335
4 1.0 0.4725 0.0 0.07166666666666667
2 0.0 0.7608333333333334 0.0 0.10333333333333333
4 0.005729166666666666 0.5495833333333333 0.011458333333333333 0.0125
2 0.16666666666666666 0.48833333333333334 0.06041666666666667 0.051666666666666666