2 0.85234375 0.3120833333333333 0.1078125 0.0725
2 0.8447916666666667 0.3541666666666667 0.115625 0.06
3 0.9380208333333333 0.45 0.12395833333333334 0.12833333333333333
2 0.6588541666666666 0.32208333333333333 0.11145833333333334 0.0725
2 0.48723958333333334 0.45125 0.17760416666666667 0.1125
2 0.3138020833333333 0.3358333333333333 0.10885416666666667 0.07333333333333333
4 0.20677083333333332 0.37083333333333335 0.146875 0.095
0 0.059375 0.445 0.11875 0.10166666666666667
4 0.05625 0.34041666666666665 0.1125 0.07416666666666667
6 0.0 0.36083333333333334 0.0 0.12166666666666667
6 0.0 0.42541666666666667 0.0 0.1275
11 0.0 0.38958333333333334 0.0 0.2025