15 0.6010416666666667 0.4979166666666667 0.014583333333333334 0.019166666666666665
15 0.5885416666666666 0.4825 0.004166666666666667 0.006666666666666667
15 0.5838541666666667 0.4970833333333333 0.00625 0.009166666666666667
13 0.5526041666666667 0.5283333333333333 0.034375 0.03333333333333333
15 0.5265625 0.5258333333333334 0.015625 0.015
13 0.58984375 0.52 0.03177083333333333 0.041666666666666664
15 0.5794270833333334 0.5345833333333333 0.022395833333333334 0.025833333333333333
13 0.53203125 0.5516666666666666 0.04010416666666667 0.03333333333333333
3 0.3796875 0.5625 0.10416666666666667 0.11
0 0.23802083333333332 0.6675 0.13125 0.14333333333333334
2 0.31328125 0.5525 0.0734375 0.07833333333333334
4 0.12526041666666668 0.665 0.14010416666666667 0.13666666666666666
2 0.014583333333333334 0.61375 0.029166666666666667 0.0675
2 0.20677083333333332 0.5316666666666666 0.07291666666666667 0.04
2 0.1390625 0.5275 0.052083333333333336 0.02666666666666667
2 0.0125 0.5891666666666666 0.025 0.06833333333333333
3 0.40598958333333335 0.43625 0.0578125 0.0225
4 1.0 0.685 0.0 0.19666666666666666
15 0.8138020833333334 0.63375 0.043229166666666666 0.049166666666666664