0 0.33619791666666665 0.5920833333333333 0.0953125 0.09916666666666667
2 0.014583333333333334 0.6070833333333333 0.029166666666666667 0.09083333333333334
2 0.13958333333333334 0.5366666666666666 0.04791666666666667 0.023333333333333334
2 0.134375 0.5629166666666666 0.014583333333333334 0.010833333333333334
2 0.21276041666666667 0.51625 0.08072916666666667 0.0675
3 0.5458333333333333 0.4266666666666667 0.06041666666666667 0.04
2 0.7473958333333334 0.43333333333333335 0.07395833333333333 0.05
4 0.7479166666666667 0.40625 0.058333333333333334 0.04583333333333333
4 0.9572916666666667 0.44875 0.08541666666666667 0.0675
2 1.0 0.47291666666666665 0.0 0.0375
2 1.0 0.5204166666666666 0.0 0.0625