2 0.35260416666666666 0.5808333333333333 0.09270833333333334 0.09833333333333333
2 0.2796875 0.57875 0.11041666666666666 0.09916666666666667
1 0.20364583333333333 0.67125 0.11875 0.13083333333333333
2 0.048177083333333336 0.8270833333333333 0.09635416666666667 0.2275
2 0.09973958333333334 0.6833333333333333 0.16614583333333333 0.14666666666666667
2 0.22708333333333333 0.5083333333333333 0.058333333333333334 0.05333333333333334
1 0.14609375 0.5520833333333334 0.0671875 0.059166666666666666
4 0.01796875 0.6375 0.0359375 0.09833333333333333
2 0.011197916666666667 0.5854166666666667 0.022395833333333334 0.06916666666666667
1 0.17239583333333333 0.5204166666666666 0.03125 0.024166666666666666
2 0.008333333333333333 0.5433333333333333 0.016666666666666666 0.03166666666666667
2 0.39296875 0.445 0.05572916666666667 0.03666666666666667
5 0.8158854166666667 0.43125 0.09635416666666667 0.0625
13 0.8671875 0.5204166666666666 0.06145833333333333 0.0425
15 0.7268229166666667 0.49541666666666667 0.025520833333333333 0.014166666666666666
15 0.7369791666666666 0.49666666666666665 0.025 0.018333333333333333
15 0.5072916666666667 0.5475 0.029166666666666667 0.03
15 0.5348958333333333 0.53625 0.022916666666666665 0.0275
15 0.5567708333333333 0.535 0.027083333333333334 0.02666666666666667
15 0.5661458333333333 0.5120833333333333 0.017708333333333333 0.020833333333333332
15 0.60625 0.5208333333333334 0.023958333333333335 0.028333333333333332
15 0.5854166666666667 0.49916666666666665 0.023958333333333335 0.028333333333333332
15 0.5674479166666667 0.5466666666666666 0.022395833333333334 0.03166666666666667
15 0.628125 0.49833333333333335 0.019791666666666666 0.023333333333333334