6 0.19088541666666667 0.6775 0.2359375 0.22833333333333333
2 0.3567708333333333 0.5775 0.0875 0.09833333333333333
4 0.3138020833333333 0.5554166666666667 0.1015625 0.09583333333333334
2 0.08463541666666667 0.6970833333333334 0.16927083333333334 0.1625
15 0.4934895833333333 0.7195833333333334 0.050520833333333334 0.0525
15 0.5895833333333333 0.5379166666666667 0.035416666666666666 0.0325
15 0.575 0.54125 0.021875 0.020833333333333332
15 0.7440104166666667 0.68 0.016145833333333335 0.04666666666666667
15 0.9921875 0.7066666666666667 0.015625 0.07166666666666667
15 1.0 0.7383333333333333 0.0 0.06166666666666667
2 1.0 0.5208333333333334 0.0 0.09166666666666666
2 0.18541666666666667 0.5283333333333333 0.071875 0.065
2 0.0171875 0.6116666666666667 0.034375 0.07333333333333333
2 0.0 0.7141666666666666 0.0 0.16666666666666666
16 0.5856770833333333 0.5425 0.0234375 0.018333333333333333