15 0.5479166666666667 0.535 0.034375 0.04666666666666667
15 0.6223958333333334 0.49083333333333334 0.023958333333333335 0.03
15 0.7354166666666667 0.4979166666666667 0.028125 0.0225
5 0.29973958333333334 0.5616666666666666 0.1109375 0.11166666666666666
0 0.35911458333333335 0.5766666666666667 0.0859375 0.09666666666666666
2 0.21354166666666666 0.6754166666666667 0.14375 0.15416666666666667
2 0.025260416666666667 0.8545833333333334 0.050520833333333334 0.25083333333333335
4 0.07239583333333334 0.71125 0.14479166666666668 0.18416666666666667
2 0.23229166666666667 0.50625 0.078125 0.0675
2 0.14192708333333334 0.5554166666666667 0.043229166666666666 0.024166666666666666
2 0.011979166666666667 0.65375 0.023958333333333335 0.1325
2 0.13072916666666667 0.52875 0.021875 0.0125