2 0.47630208333333335 0.5104166666666666 0.06927083333333334 0.06916666666666667
4 0.30703125 0.5583333333333333 0.1078125 0.10166666666666667
2 0.12682291666666667 0.6691666666666667 0.12760416666666666 0.12833333333333333
15 0.5723958333333333 0.52625 0.021875 0.025833333333333333
15 0.5786458333333333 0.51125 0.020833333333333332 0.019166666666666665
15 0.59765625 0.48291666666666666 0.016145833333333335 0.015833333333333335
15 0.6263020833333334 0.4979166666666667 0.022395833333333334 0.019166666666666665
0 0.20234375 0.51875 0.0703125 0.0625
2 0.1453125 0.5283333333333333 0.06770833333333333 0.041666666666666664
2 0.012239583333333333 0.60375 0.024479166666666666 0.08583333333333333
15 0.9963541666666667 0.6825 0.007291666666666667 0.065
2 0.5067708333333333 0.40375 0.041666666666666664 0.0325
2 0.640625 0.4220833333333333 0.057291666666666664 0.0275
9 0.7403645833333333 0.39666666666666667 0.1203125 0.06833333333333333
2 0.88515625 0.44125 0.0953125 0.0575
4 1.0 0.46375 0.0 0.07583333333333334
6 1.0 0.4820833333333333 0.0 0.0925
2 0.45807291666666666 0.41791666666666666 0.04739583333333333 0.019166666666666665
2 0.39375 0.4166666666666667 0.042708333333333334 0.013333333333333334
13 0.3268229166666667 0.4295833333333333 0.019270833333333334 0.010833333333333334
5 0.26640625 0.44333333333333336 0.06927083333333334 0.043333333333333335
2 0.16640625 0.48375 0.06510416666666667 0.0475
5 0.3338541666666667 0.42083333333333334 0.04791666666666667 0.03333333333333333