2 0.9158854166666667 0.5391666666666667 0.16822916666666668 0.12166666666666667
2 0.9208333333333333 0.4508333333333333 0.15833333333333333 0.105
2 0.8942708333333333 0.34791666666666665 0.121875 0.0675
2 0.8731770833333333 0.31125 0.0859375 0.0625
4 0.7677083333333333 0.3145833333333333 0.10416666666666667 0.06916666666666667
1 0.73125 0.35208333333333336 0.096875 0.07583333333333334
1 0.60625 0.36291666666666667 0.09270833333333334 0.07583333333333334
2 0.6375 0.3233333333333333 0.1 0.06166666666666667
2 0.4669270833333333 0.36333333333333334 0.1078125 0.085
2 0.4783854166666667 0.32708333333333334 0.10364583333333334 0.06916666666666667
2 0.34140625 0.34541666666666665 0.10885416666666667 0.0825
3 0.18541666666666667 0.33416666666666667 0.14583333333333334 0.09
2 0.26197916666666665 0.37875 0.140625 0.09083333333333334
1 0.0828125 0.38125 0.121875 0.08583333333333333
2 0.039322916666666666 0.3304166666666667 0.07864583333333333 0.0625
9 0.04348958333333333 0.41875 0.08697916666666666 0.1675
2 0.18958333333333333 0.44416666666666665 0.165625 0.11
1 0.41796875 0.44708333333333333 0.11510416666666666 0.09916666666666667
2 0.7104166666666667 0.4479166666666667 0.16354166666666667 0.09916666666666667