11 0.16015625 0.725 0.3203125 0.38666666666666666
3 0.3734375 0.565 0.10625 0.11166666666666666
6 0.16119791666666666 0.5304166666666666 0.10260416666666666 0.0825
2 0.015104166666666667 0.6325 0.030208333333333334 0.105
2 0.008333333333333333 0.55 0.016666666666666666 0.013333333333333334
2 0.53046875 0.4320833333333333 0.0546875 0.035833333333333335
2 0.9533854166666667 0.44666666666666666 0.09322916666666667 0.065
4 1.0 0.6016666666666667 0.0 0.20833333333333334
12 1.0 0.4625 0.0 0.095
15 0.68203125 0.67 0.050520833333333334 0.055
15 0.7471354166666667 0.6445833333333333 0.021354166666666667 0.04583333333333333
15 0.9205729166666666 0.7279166666666667 0.07239583333333334 0.08416666666666667
15 0.5984375 0.52 0.029166666666666667 0.02666666666666667
15 0.6080729166666666 0.5116666666666667 0.0203125 0.015
15 0.6252604166666667 0.4975 0.016145833333333335 0.02
15 0.634375 0.49041666666666667 0.021875 0.0225
15 0.62734375 0.49041666666666667 0.0328125 0.025833333333333333