5 0.36171875 0.565 0.10989583333333333 0.11166666666666666
2 0.18229166666666666 0.6941666666666667 0.16458333333333333 0.165
4 0.2421875 0.5929166666666666 0.11041666666666666 0.10583333333333333
2 0.06302083333333333 0.72125 0.12604166666666666 0.1725
0 0.178125 0.52625 0.0875 0.0725
2 0.13177083333333334 0.54 0.023958333333333335 0.016666666666666666
2 0.017447916666666667 0.6283333333333333 0.034895833333333334 0.11833333333333333
15 0.7268229166666667 0.6329166666666667 0.043229166666666666 0.034166666666666665
15 0.6841145833333333 0.49666666666666665 0.018229166666666668 0.018333333333333333
15 0.5557291666666667 0.5629166666666666 0.034375 0.04416666666666667
15 0.5822916666666667 0.5479166666666667 0.027083333333333334 0.029166666666666667
15 0.5377604166666666 0.4975 0.019270833333333334 0.02
15 0.5138020833333333 0.5120833333333333 0.018229166666666668 0.019166666666666665
15 0.5109375 0.48333333333333334 0.017708333333333333 0.018333333333333333
13 0.33098958333333334 0.42125 0.011979166666666667 0.014166666666666666
15 0.3065104166666667 0.4429166666666667 0.011979166666666667 0.014166666666666666
15 0.3033854166666667 0.4429166666666667 0.0109375 0.005833333333333334
15 0.2950520833333333 0.4429166666666667 0.009895833333333333 0.0075
15 0.34322916666666664 0.4295833333333333 0.010416666666666666 0.009166666666666667
15 0.3377604166666667 0.42916666666666664 0.009895833333333333 0.006666666666666667
15 0.325 0.43625 0.0020833333333333333 0.009166666666666667
15 0.30963541666666666 0.42041666666666666 0.0005208333333333333 0.005833333333333334
15 0.43385416666666665 0.44708333333333333 0.011458333333333333 0.0125
15 0.4080729166666667 0.46166666666666667 0.015104166666666667 0.015
2 0.9794270833333333 0.4866666666666667 0.04114583333333333 0.08833333333333333
2 0.7604166666666666 0.4608333333333333 0.08854166666666667 0.065
0 0.6661458333333333 0.42916666666666664 0.04375 0.041666666666666664
4 0.5114583333333333 0.425 0.04791666666666667 0.041666666666666664
2 0.9833333333333333 0.4554166666666667 0.03333333333333333 0.059166666666666666