5 0.35078125 0.575 0.1109375 0.11333333333333333
4 0.32447916666666665 0.5420833333333334 0.07291666666666667 0.0775
4 0.19036458333333334 0.6270833333333333 0.1234375 0.1225
2 0.022135416666666668 0.7925 0.044270833333333336 0.23
13 0.4825520833333333 0.5204166666666666 0.0484375 0.0375
2 0.21744791666666666 0.51375 0.08802083333333334 0.07083333333333333
2 0.125 0.5379166666666667 0.016666666666666666 0.0175
0 0.023177083333333334 0.6095833333333334 0.03177083333333333 0.04416666666666667
13 0.5265625 0.53875 0.03854166666666667 0.0375
15 0.5541666666666667 0.5191666666666667 0.030208333333333334 0.021666666666666667
15 0.5875 0.5279166666666667 0.025 0.020833333333333332
15 0.5825520833333333 0.5183333333333333 0.0296875 0.015
15 0.93984375 0.7104166666666667 0.043229166666666666 0.08916666666666667
3 0.396875 0.7329166666666667 0.1875 0.1925
0 0.93359375 0.44708333333333333 0.0859375 0.0575
9 0.9716145833333333 0.42291666666666666 0.05677083333333333 0.11916666666666667