15 0.5072916666666667 0.5479166666666667 0.029166666666666667 0.0225
15 0.5458333333333333 0.535 0.030208333333333334 0.028333333333333332
15 0.57265625 0.5129166666666667 0.0171875 0.0175
15 0.6028645833333334 0.5058333333333334 0.030729166666666665 0.023333333333333334
15 0.5841145833333333 0.4979166666666667 0.0203125 0.0175
15 0.6322916666666667 0.49041666666666667 0.030208333333333334 0.020833333333333332
2 0.3533854166666667 0.5891666666666666 0.09947916666666666 0.105
4 0.2796875 0.5733333333333334 0.09479166666666666 0.095
3 0.21614583333333334 0.51 0.08229166666666667 0.06833333333333333
4 0.09869791666666666 0.68 0.15572916666666667 0.14333333333333334
4 0.18098958333333334 0.6970833333333334 0.1484375 0.1575
3 0.29010416666666666 0.7625 0.203125 0.20833333333333334
11 0.6578125 0.38333333333333336 0.11666666666666667 0.055
5 0.5859375 0.41625 0.058333333333333334 0.0375
2 0.7690104166666667 0.43416666666666665 0.07447916666666667 0.03666666666666667