15 0.5619791666666667 0.5116666666666667 0.022916666666666665 0.021666666666666667
15 0.6127604166666667 0.48375 0.019270833333333334 0.0175
15 0.6908854166666667 0.49 0.0328125 0.02666666666666667
15 0.7848958333333333 0.73125 0.04791666666666667 0.060833333333333336
15 0.7341145833333333 0.6179166666666667 0.0265625 0.035833333333333335
15 0.9057291666666667 0.5320833333333334 0.019791666666666666 0.020833333333333332
2 0.32890625 0.59375 0.11614583333333334 0.1225
2 0.12005208333333334 0.7404166666666666 0.1859375 0.18916666666666668
2 0.2955729166666667 0.555 0.10677083333333333 0.09833333333333333
2 0.23567708333333334 0.5008333333333334 0.07135416666666666 0.058333333333333334
13 0.16640625 0.53875 0.04114583333333333 0.029166666666666667
2 0.14635416666666667 0.5270833333333333 0.06875 0.03916666666666667
2 0.0125 0.595 0.025 0.095
2 0.0 0.7033333333333334 0.0 0.16166666666666665