11 0.3020833333333333 0.5879166666666666 0.26979166666666665 0.22083333333333333
4 0.8450520833333334 0.4125 0.06927083333333334 0.03166666666666667
4 0.93515625 0.42875 0.09635416666666667 0.04416666666666667
2 0.9783854166666667 0.4608333333333333 0.043229166666666666 0.06166666666666667
2 1.0 0.475 0.0 0.06333333333333334
2 1.0 0.49041666666666667 0.0 0.0775
5 1.0 0.4845833333333333 0.0 0.10083333333333333
2 1.0 0.54125 0.0 0.13916666666666666
15 0.61015625 0.4975 0.021354166666666667 0.018333333333333333
15 0.6203125 0.49833333333333335 0.011458333333333333 0.016666666666666666
4 0.12916666666666668 0.5633333333333334 0.005208333333333333 0.008333333333333333
2 0.13177083333333334 0.5458333333333333 0.003125 0.0033333333333333335
2 0.30052083333333335 0.51875 0.030208333333333334 0.020833333333333332