2 1.0 0.86 0.0 0.21
13 0.9309895833333334 0.76375 0.13802083333333334 0.1175
2 0.8859375 0.4454166666666667 0.17604166666666668 0.10083333333333333
4 0.0703125 0.3425 0.13645833333333332 0.07666666666666666
2 1.0 0.5345833333333333 0.0 0.12916666666666668
2 0.99375 0.4504166666666667 0.0125 0.10583333333333333
2 1.0 0.4454166666666667 0.0 0.11583333333333333
2 1.0 0.5358333333333334 0.0 0.12666666666666668
2 1.0 0.5283333333333333 0.0 0.155
2 1.0 0.5675 0.0 0.16833333333333333
2 1.0 0.46208333333333335 0.0 0.10916666666666666
2 0.17786458333333333 0.375 0.13489583333333333 0.11
2 0.365625 0.36916666666666664 0.12604166666666666 0.08666666666666667
2 0.5388020833333333 0.3645833333333333 0.11510416666666666 0.0825
0 0.6901041666666666 0.35333333333333333 0.096875 0.07666666666666666
4 0.8359375 0.34 0.12083333333333333 0.09833333333333333
4 0.8747395833333333 0.30916666666666665 0.10677083333333333 0.075
4 0.24791666666666667 0.33625 0.10416666666666667 0.0725
4 0.5830729166666667 0.32666666666666666 0.1015625 0.06666666666666667
2 0.73984375 0.32625 0.11197916666666667 0.0425
2 1.0 0.3358333333333333 0.0 0.08333333333333333
2 0.2947916666666667 0.30833333333333335 0.10520833333333333 0.05333333333333334
2 0.42265625 0.33625 0.0890625 0.050833333333333335
4 0.09296875 0.44208333333333333 0.1859375 0.1175
2 0.54609375 0.30875 0.049479166666666664 0.03916666666666667
2 0.7528645833333333 0.29333333333333333 0.11822916666666666 0.075
2 0.8341145833333333 0.23875 0.0671875 0.0375
2 0.80703125 0.2833333333333333 0.0390625 0.09333333333333334