4 0.44635416666666666 0.5116666666666667 0.06770833333333333 0.075
2 0.37734375 0.51375 0.033854166666666664 0.0575
4 0.2799479166666667 0.6266666666666667 0.12552083333333333 0.13333333333333333
11 0.02265625 0.8266666666666667 0.0453125 0.3466666666666667
4 0.1640625 0.6433333333333333 0.13333333333333333 0.12333333333333334
4 0.30416666666666664 0.47708333333333336 0.04791666666666667 0.03916666666666667
2 0.146875 0.5275 0.08020833333333334 0.058333333333333334
2 0.023177083333333334 0.6179166666666667 0.018229166666666668 0.019166666666666665
2 0.013020833333333334 0.6145833333333334 0.026041666666666668 0.1125
13 0.7408854166666666 0.48875 0.050520833333333334 0.030833333333333334
15 0.7864583333333334 0.4975 0.034375 0.03333333333333333
15 0.69765625 0.49125 0.03802083333333333 0.0325
15 0.6911458333333333 0.4820833333333333 0.03229166666666667 0.024166666666666666
15 0.6830729166666667 0.48083333333333333 0.028645833333333332 0.021666666666666667
15 1.0 0.7420833333333333 0.0 0.07083333333333333
15 1.0 0.7970833333333334 0.0 0.11083333333333334