4 0.209375 0.6770833333333334 0.13541666666666666 0.13583333333333333
5 0.37135416666666665 0.565 0.10208333333333333 0.10666666666666667
15 0.5544270833333333 0.53375 0.025520833333333333 0.0225
15 0.53828125 0.5341666666666667 0.028645833333333332 0.016666666666666666
3 0.20364583333333333 0.5133333333333333 0.09583333333333334 0.075
6 0.7104166666666667 0.6058333333333333 0.225 0.17333333333333334
2 0.9953125 0.44083333333333335 0.009375 0.021666666666666667
12 0.6611979166666667 0.42333333333333334 0.1203125 0.09
5 0.3333333333333333 0.43166666666666664 0.06354166666666666 0.043333333333333335
2 0.14479166666666668 0.5041666666666667 0.021875 0.011666666666666667
2 0.13125 0.56375 0.0125 0.010833333333333334
2 0.12708333333333333 0.5458333333333333 0.009375 0.006666666666666667
15 0.6239583333333333 0.49625 0.01875 0.0175