2 0.6533854166666667 0.53625 0.0859375 0.059166666666666666
4 0.521875 0.65125 0.11770833333333333 0.09416666666666666
4 0.28619791666666666 0.6545833333333333 0.1359375 0.10416666666666667
1 0.9713541666666666 0.7375 0.057291666666666664 0.11333333333333333
1 0.7296875 0.7375 0.146875 0.115
4 0.8044270833333333 0.52625 0.10572916666666667 0.06416666666666666
13 0.2598958333333333 0.58375 0.06041666666666667 0.034166666666666665
2 0.8768229166666667 0.56375 0.0953125 0.059166666666666666
2 0.5377604166666666 0.5729166666666666 0.10885416666666667 0.07083333333333333
2 0.4796875 0.5429166666666667 0.08541666666666667 0.060833333333333336
2 0.3848958333333333 0.58 0.11041666666666666 0.07666666666666666
2 0.24557291666666667 0.55 0.11302083333333333 0.07
2 0.12265625 0.595 0.1328125 0.08166666666666667
2 0.06302083333333333 0.5566666666666666 0.12604166666666666 0.085
2 0.0018229166666666667 0.5891666666666666 0.0036458333333333334 0.095
6 0.7653645833333333 0.6233333333333333 0.22447916666666667 0.14166666666666666
4 0.7325520833333333 0.46708333333333335 0.04739583333333333 0.0075