15 0.59609375 0.535 0.0328125 0.025
15 0.5611979166666666 0.5625 0.0328125 0.03666666666666667
15 0.6059895833333333 0.4979166666666667 0.021354166666666667 0.015833333333333335
15 0.7375 0.6275 0.04895833333333333 0.041666666666666664
6 0.3619791666666667 0.57 0.11145833333333334 0.11333333333333333
1 0.24375 0.5966666666666667 0.1125 0.10333333333333333
2 0.15989583333333332 0.7108333333333333 0.17083333333333334 0.17
2 0.0609375 0.7254166666666667 0.121875 0.16916666666666666
0 0.5846354166666666 0.42541666666666667 0.049479166666666664 0.0375
0 0.17864583333333334 0.5304166666666666 0.08958333333333333 0.0725
15 0.6341145833333334 0.505 0.03177083333333333 0.016666666666666666
15 0.6252604166666667 0.5125 0.0234375 0.013333333333333334
15 0.6208333333333333 0.5045833333333334 0.029166666666666667 0.019166666666666665
2 0.7778645833333333 0.43125 0.06614583333333333 0.0225
11 0.9229166666666667 0.41291666666666665 0.15416666666666667 0.09916666666666667
2 0.0171875 0.63125 0.034375 0.1175
2 0.0 0.78625 0.0 0.20416666666666666