5 0.36223958333333334 0.5533333333333333 0.11510416666666666 0.11333333333333333
5 0.29140625 0.5495833333333333 0.1015625 0.09916666666666667
2 0.21979166666666666 0.675 0.15416666666666667 0.15833333333333333
2 0.10494791666666667 0.6825 0.16197916666666667 0.15
2 0.04453125 0.8470833333333333 0.0890625 0.25416666666666665
15 0.5333333333333333 0.5266666666666666 0.01875 0.018333333333333333
15 0.5911458333333334 0.5058333333333334 0.028125 0.023333333333333334
15 0.6013020833333333 0.49833333333333335 0.0203125 0.018333333333333333
15 0.6533854166666667 0.4825 0.022395833333333334 0.016666666666666666
15 0.70234375 0.5125 0.025520833333333333 0.03833333333333333
0 0.8729166666666667 0.5791666666666667 0.153125 0.09666666666666666
2 0.2046875 0.5254166666666666 0.08541666666666667 0.059166666666666666
2 0.146875 0.52625 0.06458333333333334 0.0425
2 0.006510416666666667 0.5795833333333333 0.013020833333333334 0.060833333333333336
4 0.6247395833333333 0.40041666666666664 0.04010416666666667 0.0275
2 0.7497395833333333 0.4083333333333333 0.0484375 0.03
4 0.7515625 0.43 0.071875 0.04833333333333333
13 0.6239583333333333 0.4975 0.027083333333333334 0.02666666666666667
15 0.59609375 0.4970833333333333 0.016145833333333335 0.0125