4 0.3419270833333333 0.5425 0.0859375 0.08166666666666667
4 0.40598958333333335 0.5483333333333333 0.08385416666666666 0.08833333333333333
0 0.29739583333333336 0.6179166666666667 0.09479166666666666 0.1075
3 0.1890625 0.6229166666666667 0.14895833333333333 0.13916666666666666
4 0.09140625 0.7695833333333333 0.1828125 0.21083333333333334
4 0.2109375 0.5083333333333333 0.07604166666666666 0.065
2 0.013802083333333333 0.6133333333333333 0.027604166666666666 0.11
15 0.6153645833333333 0.5120833333333333 0.019270833333333334 0.019166666666666665
15 0.6356770833333333 0.49041666666666667 0.0265625 0.0175
15 0.7333333333333333 0.5041666666666667 0.034375 0.028333333333333332
4 0.13932291666666666 0.53875 0.04635416666666667 0.025833333333333333
2 0.0 0.68375 0.0 0.1325
2 0.0 0.7383333333333333 0.0 0.14833333333333334