15 0.5963541666666666 0.6658333333333334 0.052083333333333336 0.05
1 0.8161458333333333 0.605 0.12604166666666666 0.10833333333333334
2 0.9838541666666667 0.5833333333333334 0.03229166666666667 0.08833333333333333
2 0.9908854166666666 0.46208333333333335 0.018229166666666668 0.07583333333333334
4 0.18385416666666668 0.6241666666666666 0.14895833333333333 0.13666666666666666
1 0.23802083333333332 0.5029166666666667 0.057291666666666664 0.050833333333333335
4 0.15390625 0.52375 0.08072916666666667 0.0475
2 0.13984375 0.5629166666666666 0.028645833333333332 0.015833333333333335
4 0.012760416666666666 0.5908333333333333 0.025520833333333333 0.05333333333333334
15 0.62421875 0.49875 0.015104166666666667 0.019166666666666665
15 0.63046875 0.4975 0.011979166666666667 0.021666666666666667