4 0.31484375 0.5529166666666666 0.09635416666666667 0.0975
0 0.0 0.62625 0.0 0.1075
13 0.3893229166666667 0.5608333333333333 0.03802083333333333 0.03166666666666667
2 0.2520833333333333 0.4775 0.06458333333333334 0.023333333333333334
2 0.4734375 0.44666666666666666 0.058333333333333334 0.02666666666666667
6 0.85078125 0.43625 0.1015625 0.0575
2 1.0 0.485 0.0 0.10166666666666667
15 0.5364583333333334 0.5629166666666666 0.029166666666666667 0.0275
15 0.58984375 0.5408333333333334 0.021354166666666667 0.018333333333333333
15 0.57890625 0.54125 0.022395833333333334 0.0175
15 0.6161458333333333 0.5195833333333333 0.029166666666666667 0.019166666666666665
15 0.6927083333333334 0.49666666666666665 0.023958333333333335 0.016666666666666666
15 0.60625 0.5195833333333333 0.03125 0.019166666666666665
15 0.6828125 0.4975 0.023958333333333335 0.016666666666666666
6 0.6815104166666667 0.40541666666666665 0.06197916666666667 0.0425
16 0.6122395833333333 0.48833333333333334 0.013020833333333334 0.023333333333333334
15 0.6096354166666667 0.50375 0.0359375 0.024166666666666666