13 0.4348958333333333 0.5491666666666667 0.05416666666666667 0.04666666666666667
4 0.21145833333333333 0.6716666666666666 0.153125 0.15666666666666668
2 0.3572916666666667 0.575 0.090625 0.08333333333333333
6 0.24244791666666668 0.5704166666666667 0.13489583333333333 0.11916666666666667
2 0.045572916666666664 0.7570833333333333 0.09114583333333333 0.1975
6 0.20807291666666666 0.49625 0.09427083333333333 0.07416666666666667
4 0.14453125 0.53 0.0546875 0.02666666666666667
15 0.75546875 0.5041666666666667 0.015104166666666667 0.02
15 0.6114583333333333 0.54875 0.030208333333333334 0.030833333333333334
15 0.5989583333333334 0.5516666666666666 0.03229166666666667 0.02666666666666667
15 0.6502604166666667 0.53625 0.0265625 0.024166666666666666
15 0.6276041666666666 0.5033333333333333 0.025 0.02
15 0.6197916666666666 0.5058333333333334 0.028125 0.02
15 0.60625 0.4979166666666667 0.014583333333333334 0.015833333333333335
15 0.5934895833333333 0.4979166666666667 0.016145833333333335 0.020833333333333332
15 0.5591145833333333 0.5345833333333333 0.024479166666666666 0.0225
15 0.5505208333333333 0.54125 0.01875 0.020833333333333332
16 0.48125 0.7404166666666666 0.014583333333333334 0.03916666666666667
15 0.459375 0.7341666666666666 0.027083333333333334 0.045