2 0.14348958333333334 0.7204166666666667 0.18697916666666667 0.1825
2 0.0828125 0.6945833333333333 0.165625 0.15583333333333332
2 0.19375 0.5383333333333333 0.08854166666666667 0.056666666666666664
2 0.13802083333333334 0.5329166666666667 0.041666666666666664 0.0175
0 0.19973958333333333 0.7841666666666667 0.0984375 0.08666666666666667
15 0.5091145833333334 0.49833333333333335 0.021354166666666667 0.021666666666666667
15 0.49921875 0.48291666666666666 0.0203125 0.019166666666666665
15 0.6924479166666667 0.5970833333333333 0.0359375 0.034166666666666665
15 0.6760416666666667 0.60375 0.0375 0.0375
15 0.8450520833333334 0.6825 0.0390625 0.056666666666666664
6 0.27395833333333336 0.5695833333333333 0.11458333333333333 0.1075
6 0.01640625 0.60125 0.0328125 0.10916666666666666
4 0.34713541666666664 0.58125 0.10677083333333333 0.1125
2 0.018489583333333334 0.6275 0.025520833333333333 0.013333333333333334