4 0.29401041666666666 0.56125 0.0984375 0.09583333333333334
2 0.34088541666666666 0.5858333333333333 0.10572916666666667 0.11166666666666666
4 0.13463541666666667 0.6604166666666667 0.14114583333333333 0.1275
15 0.5479166666666667 0.5266666666666666 0.021875 0.021666666666666667
15 1.0 0.6833333333333333 0.0 0.09
2 0.0046875 0.8145833333333333 0.009375 0.1825
4 0.24166666666666667 0.50375 0.06979166666666667 0.060833333333333336
2 0.16588541666666667 0.5195833333333333 0.0828125 0.06583333333333333
2 0.010677083333333334 0.5879166666666666 0.021354166666666667 0.04416666666666667
13 0.2635416666666667 0.4483333333333333 0.014583333333333334 0.008333333333333333
2 0.40625 0.41625 0.041666666666666664 0.034166666666666665