2 0.29453125 0.56625 0.1015625 0.0975
2 0.35 0.5875 0.09270833333333334 0.10166666666666667
13 0.2421875 0.6475 0.071875 0.07333333333333333
3 0.121875 0.6604166666666667 0.16979166666666667 0.15916666666666668
4 0.0859375 0.7608333333333334 0.171875 0.21166666666666667
6 0.20442708333333334 0.505 0.09947916666666666 0.085
2 0.020833333333333332 0.6045833333333334 0.041666666666666664 0.1025
12 0.7041666666666667 0.41333333333333333 0.07083333333333333 0.04833333333333333
15 0.7122395833333334 0.505 0.033854166666666664 0.03
15 0.64453125 0.4816666666666667 0.0234375 0.03166666666666667
15 0.615625 0.4975 0.017708333333333333 0.028333333333333332
15 0.6372395833333333 0.4970833333333333 0.018229166666666668 0.020833333333333332
15 0.6078125 0.5058333333333334 0.021875 0.028333333333333332
15 0.5885416666666666 0.52 0.03125 0.028333333333333332
15 0.5557291666666667 0.5291666666666667 0.025 0.03
15 0.5338541666666666 0.5270833333333333 0.01875 0.020833333333333332
15 0.49921875 0.5458333333333333 0.0265625 0.023333333333333334