2 0.88046875 0.31333333333333335 0.1046875 0.065
4 0.7682291666666666 0.30583333333333335 0.10208333333333333 0.06833333333333333
2 0.6375 0.32125 0.10416666666666667 0.0625
2 0.4783854166666667 0.32708333333333334 0.10677083333333333 0.07416666666666667
2 0.34140625 0.345 0.11197916666666667 0.09
3 0.18645833333333334 0.33416666666666667 0.14895833333333333 0.095
4 0.04010416666666667 0.33708333333333335 0.08020833333333334 0.0725
2 0.8859375 0.3466666666666667 0.12395833333333334 0.07833333333333334
1 0.7307291666666667 0.35 0.09791666666666667 0.08166666666666667
1 0.60625 0.3625 0.09479166666666666 0.08
2 0.4671875 0.36333333333333334 0.11145833333333334 0.08833333333333333
2 0.26197916666666665 0.3779166666666667 0.14479166666666668 0.0975
1 0.07994791666666666 0.3804166666666667 0.12864583333333332 0.08916666666666667
6 0.0 0.3570833333333333 0.0 0.06916666666666667
2 0.86875 0.4504166666666667 0.18854166666666666 0.1075
2 0.64453125 0.44583333333333336 0.16197916666666667 0.11
1 0.41744791666666664 0.44708333333333333 0.11822916666666666 0.1025
2 0.18958333333333333 0.44083333333333335 0.16770833333333332 0.11166666666666666
9 0.03177083333333333 0.42333333333333334 0.06354166666666666 0.18