2 0.3098958333333333 0.5591666666666667 0.09270833333333334 0.09
15 0.6005208333333333 0.4970833333333333 0.016666666666666666 0.019166666666666665
15 0.54375 0.53625 0.025 0.024166666666666666
15 0.7255208333333333 0.6241666666666666 0.026041666666666668 0.043333333333333335
4 1.0 0.6204166666666666 0.0 0.17916666666666667
2 0.6328125 0.4429166666666667 0.05520833333333333 0.04583333333333333
2 0.00390625 0.5625 0.0078125 0.08
4 0.0 0.6404166666666666 0.0 0.10416666666666667
2 0.00625 0.525 0.0125 0.043333333333333335
4 0.26796875 0.4554166666666667 0.0578125 0.0425
4 0.25416666666666665 0.4395833333333333 0.030208333333333334 0.0325