13 0.46328125 0.5266666666666666 0.0390625 0.03666666666666667
4 0.36822916666666666 0.5745833333333333 0.096875 0.09916666666666667
2 0.32447916666666665 0.5470833333333334 0.09583333333333334 0.09083333333333334
2 0.17161458333333332 0.6341666666666667 0.1390625 0.13166666666666665
2 0.031510416666666666 0.7820833333333334 0.06302083333333333 0.2125
4 0.20338541666666668 0.5208333333333334 0.07864583333333333 0.07
2 0.14322916666666666 0.5358333333333334 0.03958333333333333 0.021666666666666667
5 0.07109375 0.5625 0.1421875 0.11
2 0.0067708333333333336 0.6175 0.013541666666666667 0.11166666666666666
2 0.9755208333333333 0.4529166666666667 0.04895833333333333 0.06583333333333333
2 0.7263020833333333 0.44625 0.07239583333333334 0.05416666666666667
2 0.9736979166666667 0.57875 0.05260416666666667 0.10416666666666667
15 0.5489583333333333 0.5129166666666667 0.023958333333333335 0.025833333333333333
15 0.5291666666666667 0.49833333333333335 0.020833333333333332 0.02
15 0.6229166666666667 0.49041666666666667 0.025 0.0275
15 0.5026041666666666 0.4766666666666667 0.013541666666666667 0.015
15 0.4700520833333333 0.46208333333333335 0.011979166666666667 0.015833333333333335
2 1.0 0.8945833333333333 0.0 0.16416666666666666
15 0.365625 0.445 0.011458333333333333 0.018333333333333333
15 0.34817708333333336 0.44416666666666665 0.013020833333333334 0.011666666666666667
4 0.13411458333333334 0.4708333333333333 0.03802083333333333 0.03166666666666667