2 0.9908854166666666 0.46208333333333335 0.018229166666666668 0.07583333333333334
15 0.62265625 0.475 0.0078125 0.01
15 0.6317708333333333 0.4975 0.0125 0.021666666666666667
15 0.6239583333333333 0.4979166666666667 0.015625 0.019166666666666665
15 0.6848958333333334 0.5233333333333333 0.03854166666666667 0.03833333333333333
15 1.0 0.5558333333333333 0.0 0.03333333333333333
15 0.9575520833333333 0.49416666666666664 0.044270833333333336 0.018333333333333333
2 0.9078125 0.6145833333333334 0.15416666666666667 0.11916666666666667
2 0.5895833333333333 0.46791666666666665 0.029166666666666667 0.049166666666666664
2 0.26875 0.48125 0.00625 0.030833333333333334
4 0.4322916666666667 0.54 0.084375 0.09166666666666666
2 0.32786458333333335 0.5516666666666666 0.06822916666666666 0.07166666666666667
2 0.009114583333333334 0.6454166666666666 0.018229166666666668 0.12083333333333333
4 0.0 0.8041666666666667 0.0 0.21333333333333335
2 0.5 0.5 1.0 1.0
1 0.0 1.0 0.0 0.0