4 0.35651041666666666 0.5770833333333333 0.0890625 0.09583333333333334
0 0.3104166666666667 0.5529166666666666 0.10208333333333333 0.09583333333333334
4 0.084375 0.69625 0.16875 0.1625
2 0.18958333333333333 0.5266666666666666 0.06875 0.043333333333333335
4 0.019010416666666665 0.6108333333333333 0.03802083333333333 0.075
2 1.0 0.6175 0.0 0.19333333333333333
2 0.9364583333333333 0.4945833333333333 0.12708333333333333 0.09083333333333334
5 0.6059895833333333 0.4175 0.0328125 0.043333333333333335
3 0.1421875 0.49416666666666664 0.0375 0.018333333333333333
15 0.55078125 0.5879166666666666 0.0453125 0.03916666666666667
15 0.5239583333333333 0.59625 0.03958333333333333 0.0375
15 0.5364583333333334 0.6070833333333333 0.03854166666666667 0.034166666666666665
15 0.54765625 0.5120833333333333 0.016145833333333335 0.015833333333333335
15 0.6018229166666667 0.49125 0.024479166666666666 0.020833333333333332
15 0.6494791666666667 0.4970833333333333 0.01875 0.019166666666666665
15 0.6567708333333333 0.4975 0.016666666666666666 0.02
15 0.6494791666666667 0.4741666666666667 0.010416666666666666 0.01