2 0.6830729166666667 0.5125 0.18802083333333333 0.125
4 0.9296875 0.525 0.140625 0.13666666666666666
2 0.5997395833333333 0.4525 0.1234375 0.09666666666666666
2 0.83359375 0.44625 0.14947916666666666 0.08916666666666667
2 0.8317708333333333 0.34708333333333335 0.11875 0.07583333333333334
2 0.6765625 0.3591666666666667 0.11458333333333333 0.085
4 0.4674479166666667 0.3641666666666667 0.11197916666666667 0.085
4 0.25338541666666664 0.37416666666666665 0.13072916666666667 0.08833333333333333
2 0.06822916666666666 0.3954166666666667 0.13645833333333332 0.06916666666666667
4 0.7776041666666667 0.31 0.12604166666666666 0.07166666666666667
4 0.6528645833333333 0.3254166666666667 0.10677083333333333 0.08083333333333333
2 0.52109375 0.33125 0.09635416666666667 0.0725
2 0.3546875 0.3333333333333333 0.11354166666666667 0.07666666666666666
4 0.20286458333333332 0.3279166666666667 0.12760416666666666 0.08416666666666667
4 0.04635416666666667 0.3375 0.09270833333333334 0.08
0 0.29713541666666665 0.44583333333333336 0.1453125 0.10833333333333334
2 0.07265625 0.5245833333333333 0.1453125 0.13083333333333333
2 0.8911458333333333 0.32 0.03229166666666667 0.051666666666666666
13 0.9309895833333334 0.7766666666666666 0.13802083333333334 0.13833333333333334
0 0.9953125 0.44333333333333336 0.009375 0.1
4 0.9333333333333333 0.34208333333333335 0.058333333333333334 0.07583333333333334