0 0.39895833333333336 0.5566666666666666 0.07083333333333333 0.07833333333333334
2 0.2515625 0.6466666666666666 0.1375 0.135
2 0.08645833333333333 0.7891666666666667 0.17291666666666666 0.225
4 0.33203125 0.5470833333333334 0.0859375 0.08583333333333333
2 0.15729166666666666 0.6558333333333334 0.13020833333333334 0.12833333333333333
4 0.023958333333333335 0.78625 0.04791666666666667 0.23583333333333334
5 0.18880208333333334 0.5220833333333333 0.10052083333333334 0.0825
2 0.02421875 0.6120833333333333 0.034895833333333334 0.0525
2 0.13359375 0.5391666666666667 0.034895833333333334 0.04
2 0.019010416666666665 0.5979166666666667 0.03802083333333333 0.0875
4 0.87734375 0.4370833333333333 0.0984375 0.049166666666666664
2 0.8294270833333334 0.41833333333333333 0.019270833333333334 0.01
15 0.590625 0.5204166666666666 0.03333333333333333 0.025833333333333333
15 0.6080729166666666 0.4975 0.016145833333333335 0.016666666666666666
15 0.73515625 0.5041666666666667 0.0140625 0.018333333333333333