2 0.29453125 0.56625 0.1015625 0.0975
2 0.3497395833333333 0.5866666666666667 0.09114583333333333 0.10166666666666667
13 0.24166666666666667 0.6491666666666667 0.06770833333333333 0.07
3 0.121875 0.6604166666666667 0.16979166666666667 0.15916666666666668
4 0.08567708333333333 0.7608333333333334 0.17135416666666667 0.21
6 0.20442708333333334 0.5041666666666667 0.09947916666666666 0.08833333333333333
2 0.020833333333333332 0.6045833333333334 0.041666666666666664 0.1025
15 0.7119791666666667 0.5058333333333334 0.034375 0.03
15 0.6440104166666667 0.49 0.022395833333333334 0.03
15 0.6158854166666666 0.4975 0.0171875 0.023333333333333334
15 0.63828125 0.49625 0.0171875 0.0275
15 0.6067708333333334 0.5058333333333334 0.019791666666666666 0.023333333333333334
15 0.5885416666666666 0.52 0.03125 0.028333333333333332
15 0.5557291666666667 0.52875 0.023958333333333335 0.0275
15 0.53359375 0.5266666666666666 0.0171875 0.02
15 0.50078125 0.5475 0.028645833333333332 0.03