11 0.8736979166666666 0.41 0.19947916666666668 0.08666666666666667
3 0.009895833333333333 0.535 0.019791666666666666 0.04833333333333333
4 0.25390625 0.5941666666666666 0.1234375 0.12166666666666667
4 0.13072916666666667 0.7275 0.16979166666666667 0.17333333333333334
2 0.28515625 0.6283333333333333 0.11197916666666667 0.11333333333333333
13 0.40390625 0.5575 0.0453125 0.04833333333333333
2 0.2515625 0.49875 0.07083333333333333 0.0625
4 0.15 0.5445833333333333 0.07916666666666666 0.06416666666666666
2 0.01484375 0.6083333333333333 0.0296875 0.10166666666666667
15 0.5299479166666666 0.5483333333333333 0.030729166666666665 0.016666666666666666
15 0.5549479166666667 0.5408333333333334 0.0296875 0.03166666666666667
15 0.5942708333333333 0.52625 0.017708333333333333 0.020833333333333332
15 0.6401041666666667 0.5279166666666667 0.025 0.024166666666666666
15 0.5661458333333333 0.5129166666666667 0.021875 0.019166666666666665
15 0.596875 0.505 0.015625 0.028333333333333332