9 0.3450520833333333 0.5733333333333334 0.15885416666666666 0.14333333333333334
5 0.10182291666666667 0.7391666666666666 0.20364583333333333 0.22333333333333333
2 0.20442708333333334 0.61625 0.12239583333333333 0.11416666666666667
2 0.054427083333333334 0.7375 0.10885416666666667 0.18333333333333332
15 0.5419270833333333 0.5341666666666667 0.0296875 0.03
15 0.5815104166666667 0.5429166666666667 0.022395833333333334 0.0225
2 0.6205729166666667 0.4008333333333333 0.03177083333333333 0.02
15 0.6255208333333333 0.5058333333333334 0.015625 0.028333333333333332
15 0.57734375 0.5120833333333333 0.019270833333333334 0.0175
15 0.6015625 0.5491666666666667 0.03229166666666667 0.028333333333333332
5 0.19661458333333334 0.5183333333333333 0.09739583333333333 0.07666666666666666
15 0.62109375 0.49041666666666667 0.030729166666666665 0.010833333333333334
0 0.6096354166666667 0.6670833333333334 0.12552083333333333 0.12083333333333333
2 0.39791666666666664 0.4475 0.05520833333333333 0.02666666666666667
2 0.8510416666666667 0.425 0.04583333333333333 0.01
2 0.9 0.44875 0.07604166666666666 0.0225