4 0.3802083333333333 0.44208333333333333 0.14270833333333333 0.10916666666666666
2 0.17239583333333333 0.4404166666666667 0.17708333333333334 0.10916666666666666
2 0.8346354166666666 0.44416666666666665 0.16510416666666666 0.09833333333333333
2 0.9734375 0.44875 0.053125 0.1075
2 0.40234375 0.37 0.1234375 0.08833333333333333
2 0.21380208333333334 0.3775 0.1546875 0.1
4 0.05260416666666667 0.38708333333333333 0.10520833333333333 0.0825
4 0.5966145833333333 0.36041666666666666 0.11197916666666667 0.08916666666666667
2 0.7627604166666667 0.35583333333333333 0.1234375 0.07666666666666666
0 0.10729166666666666 0.34625 0.12604166666666666 0.060833333333333336
4 0.2591145833333333 0.3329166666666667 0.12135416666666667 0.07916666666666666
2 0.4265625 0.33958333333333335 0.10520833333333333 0.060833333333333336
2 0.57109375 0.3283333333333333 0.1015625 0.07166666666666667
2 0.75703125 0.3258333333333333 0.1046875 0.06166666666666667
4 0.68203125 0.29 0.09114583333333333 0.065
13 0.9291666666666667 0.7754166666666666 0.14166666666666666 0.13583333333333333
0 0.7247395833333333 0.25625 0.0515625 0.0175
2 0.7817708333333333 0.285 0.042708333333333334 0.06333333333333334
4 0.8778645833333333 0.33916666666666667 0.0953125 0.09
2 0.9955729166666667 0.5358333333333334 0.008854166666666666 0.12166666666666667
2 1.0 0.8545833333333334 0.0 0.20916666666666667