4 0.3729166666666667 0.5683333333333334 0.09479166666666666 0.09333333333333334
4 0.24036458333333333 0.6529166666666667 0.12760416666666666 0.13583333333333333
2 0.2791666666666667 0.5754166666666667 0.11666666666666667 0.1175
13 0.46067708333333335 0.5329166666666667 0.04114583333333333 0.04416666666666667
2 0.06666666666666667 0.8129166666666666 0.13333333333333333 0.25416666666666665
2 0.10104166666666667 0.6741666666666667 0.18645833333333334 0.165
15 0.7044270833333334 0.5125 0.021354166666666667 0.028333333333333332
15 0.70078125 0.4970833333333333 0.0171875 0.014166666666666666
2 0.15989583333333332 0.5354166666666667 0.10520833333333333 0.08083333333333333
15 0.70390625 0.47333333333333333 0.0140625 0.016666666666666666
15 0.7755208333333333 0.50375 0.01875 0.0225
2 0.0171875 0.6283333333333333 0.034375 0.09666666666666666