4 0.6598958333333333 0.42375 0.051041666666666666 0.029166666666666667
2 0.5442708333333334 0.44416666666666665 0.051041666666666666 0.04666666666666667
2 0.51171875 0.4979166666666667 0.06822916666666666 0.06583333333333333
2 0.5171875 0.7316666666666667 0.16770833333333332 0.16166666666666665
2 0.36640625 0.44583333333333336 0.0484375 0.043333333333333335
3 0.25442708333333336 0.4725 0.07239583333333334 0.058333333333333334
3 0.15286458333333333 0.53875 0.09947916666666666 0.07583333333333334
15 0.91171875 0.6820833333333334 0.03802083333333333 0.0675
15 0.8541666666666666 0.46 0.029166666666666667 0.016666666666666666
15 0.834375 0.45958333333333334 0.029166666666666667 0.0225
15 0.7643229166666666 0.46458333333333335 0.028645833333333332 0.020833333333333332
2 0.30234375 0.6216666666666667 0.12135416666666667 0.125
2 0.3359375 0.5504166666666667 0.090625 0.08416666666666667
2 0.01484375 0.8 0.0296875 0.22333333333333333