2 0.05416666666666667 0.8308333333333333 0.10833333333333334 0.25
2 0.1375 0.66375 0.1625 0.15083333333333335
2 0.21822916666666667 0.6683333333333333 0.14479166666666668 0.14666666666666667
3 0.30130208333333336 0.56 0.09635416666666667 0.095
2 0.3796875 0.5654166666666667 0.096875 0.0975
1 0.22552083333333334 0.5079166666666667 0.06354166666666666 0.05416666666666667
2 0.14609375 0.5533333333333333 0.06614583333333333 0.058333333333333334
3 0.34401041666666665 0.4454166666666667 0.0609375 0.0375
13 0.56796875 0.4320833333333333 0.025520833333333333 0.010833333333333334
11 0.7119791666666667 0.3879166666666667 0.13645833333333332 0.07083333333333333
2 0.80546875 0.43291666666666667 0.06927083333333334 0.029166666666666667
15 0.7604166666666666 0.49666666666666665 0.025 0.02
15 0.6052083333333333 0.4975 0.016666666666666666 0.016666666666666666
15 0.6005208333333333 0.4970833333333333 0.016666666666666666 0.019166666666666665
15 0.5934895833333333 0.5129166666666667 0.0171875 0.0225
13 0.56875 0.54125 0.030208333333333334 0.0325
2 0.14921875 0.52875 0.049479166666666664 0.025833333333333333
2 0.003125 0.66 0.00625 0.13833333333333334
2 0.015625 0.6079166666666667 0.025 0.020833333333333332