11 0.5981770833333333 0.4345833333333333 0.15260416666666668 0.0975
4 0.8052083333333333 0.465 0.08958333333333333 0.06833333333333333
4 0.3494791666666667 0.5791666666666667 0.09270833333333334 0.10166666666666667
4 0.18723958333333332 0.69125 0.16614583333333333 0.16916666666666666
2 0.014322916666666666 0.8558333333333333 0.028645833333333332 0.25
2 0.026822916666666665 0.77375 0.05364583333333333 0.2025
2 0.1875 0.6291666666666667 0.134375 0.11833333333333333
2 0.33515625 0.5458333333333333 0.08697916666666666 0.075
3 0.19479166666666667 0.5179166666666667 0.09895833333333333 0.0825
2 0.13489583333333333 0.5391666666666667 0.040625 0.03166666666666667
3 0.021875 0.6095833333333334 0.04375 0.08416666666666667
15 0.4471354166666667 0.47708333333333336 0.028645833333333332 0.0175
15 0.4901041666666667 0.48583333333333334 0.017708333333333333 0.016666666666666666
13 0.50625 0.4866666666666667 0.03229166666666667 0.03833333333333333
13 0.40182291666666664 0.46791666666666665 0.0234375 0.0225
15 0.45260416666666664 0.455 0.01875 0.011666666666666667