2 0.33541666666666664 0.5429166666666667 0.08020833333333334 0.06916666666666667
4 0.35078125 0.5754166666666667 0.0953125 0.09916666666666667
4 0.18854166666666666 0.6904166666666667 0.16770833333333332 0.1675
2 0.18958333333333333 0.63375 0.128125 0.1175
2 0.014583333333333334 0.8583333333333333 0.029166666666666667 0.235
2 0.028645833333333332 0.7733333333333333 0.057291666666666664 0.20666666666666667
3 0.19375 0.5154166666666666 0.09583333333333334 0.0775
2 0.13515625 0.5370833333333334 0.03802083333333333 0.024166666666666666
3 0.018229166666666668 0.605 0.036458333333333336 0.07833333333333334
13 0.5526041666666667 0.52 0.040625 0.03666666666666667
15 0.6026041666666667 0.535 0.03229166666666667 0.021666666666666667
15 0.6463541666666667 0.49666666666666665 0.021875 0.023333333333333334
15 0.5705729166666667 0.5766666666666667 0.033854166666666664 0.03166666666666667
15 0.9197916666666667 0.7245833333333334 0.06354166666666666 0.0825
15 0.909375 0.70375 0.07708333333333334 0.09083333333333334
2 0.8145833333333333 0.6 0.153125 0.10833333333333334
2 0.20208333333333334 0.4820833333333333 0.06979166666666667 0.0225
11 0.49322916666666666 0.41583333333333333 0.10833333333333334 0.056666666666666664
2 0.6747395833333333 0.41208333333333336 0.04010416666666667 0.034166666666666665
2 0.8674479166666667 0.41333333333333333 0.08177083333333333 0.05