11 0.6950520833333333 0.6083333333333333 0.30364583333333334 0.21166666666666667
2 0.8924479166666667 0.5841666666666666 0.15260416666666668 0.09166666666666666
2 0.3796875 0.56625 0.09791666666666667 0.09583333333333334
2 0.21796875 0.67 0.14322916666666666 0.14666666666666667
2 0.05677083333333333 0.8220833333333334 0.11354166666666667 0.24916666666666668
4 0.3020833333333333 0.5625 0.09791666666666667 0.09666666666666666
15 0.8510416666666667 0.7216666666666667 0.052083333333333336 0.06
2 0.0 0.80875 0.0 0.19416666666666665
0 0.22526041666666666 0.5083333333333333 0.06197916666666667 0.05333333333333334
15 0.7583333333333333 0.48833333333333334 0.013541666666666667 0.015
2 0.003125 0.6608333333333334 0.00625 0.13833333333333334
13 0.46640625 0.49041666666666667 0.015104166666666667 0.0175
13 0.34401041666666665 0.445 0.015104166666666667 0.013333333333333334
15 0.3932291666666667 0.43083333333333335 0.010416666666666666 0.008333333333333333
4 0.95546875 0.5295833333333333 0.0890625 0.10916666666666666
2 0.13828125 0.665 0.16197916666666667 0.145
2 0.14609375 0.55375 0.06510416666666667 0.0575
4 0.6174479166666667 0.45125 0.06614583333333333 0.049166666666666664
0 0.48984375 0.4295833333333333 0.0296875 0.0275
4 0.5171875 0.42625 0.026041666666666668 0.0225
2 0.14947916666666666 0.52875 0.05 0.025833333333333333
15 0.409375 0.44625 0.011458333333333333 0.010833333333333334
15 0.415625 0.4395833333333333 0.019791666666666666 0.014166666666666666
2 0.014583333333333334 0.60875 0.026041666666666668 0.0225
2 1.0 0.44083333333333335 0.0 0.04833333333333333