2 0.8572916666666667 0.5320833333333334 0.21041666666666667 0.1325
2 0.5859375 0.5225 0.159375 0.125
2 0.9513020833333333 0.44375 0.09739583333333333 0.1125
2 0.7700520833333333 0.45166666666666666 0.15885416666666666 0.07833333333333334
4 0.5028645833333333 0.44583333333333336 0.14947916666666666 0.11
13 0.32421875 0.455 0.07239583333333334 0.06666666666666667
3 0.10911458333333333 0.43916666666666665 0.19322916666666667 0.12333333333333334
2 0.85625 0.36 0.11666666666666667 0.06833333333333333
2 0.69375 0.35375 0.121875 0.0825
13 0.5588541666666667 0.35333333333333333 0.052083333333333336 0.04666666666666667
2 0.4171875 0.36666666666666664 0.12395833333333334 0.09
2 0.7856770833333333 0.31333333333333335 0.10885416666666667 0.06833333333333333
0 0.61328125 0.3229166666666667 0.07760416666666667 0.0625
2 0.4666666666666667 0.3233333333333333 0.09166666666666666 0.06333333333333334
2 0.2765625 0.3383333333333333 0.12604166666666666 0.07
2 0.7692708333333333 0.28541666666666665 0.078125 0.035833333333333335