13 0.86796875 0.53125 0.049479166666666664 0.050833333333333335
15 0.7270833333333333 0.49666666666666665 0.025 0.02
15 0.6690104166666667 0.48083333333333333 0.018229166666666668 0.016666666666666666
15 0.6893229166666667 0.5208333333333334 0.022395833333333334 0.023333333333333334
15 0.5822916666666667 0.5058333333333334 0.03125 0.016666666666666666
15 0.5888020833333333 0.49083333333333334 0.021354166666666667 0.021666666666666667
15 0.5604166666666667 0.48333333333333334 0.019791666666666666 0.028333333333333332
15 0.5380208333333333 0.5408333333333334 0.021875 0.021666666666666667
15 0.7317708333333334 0.6254166666666666 0.04479166666666667 0.030833333333333334
15 0.5375 0.6733333333333333 0.046875 0.035
15 0.45729166666666665 0.6579166666666667 0.04479166666666667 0.03916666666666667
15 0.33307291666666666 0.44416666666666665 0.0109375 0.01
4 0.9760416666666667 0.5408333333333334 0.04791666666666667 0.11833333333333333
13 0.9440104166666666 0.47583333333333333 0.0640625 0.035
2 0.7731770833333333 0.46875 0.10052083333333334 0.07083333333333333
2 0.5046875 0.42625 0.04791666666666667 0.0425
2 0.35390625 0.5804166666666667 0.0953125 0.0975
0 0.20416666666666666 0.67125 0.11875 0.1275
2 0.04895833333333333 0.8333333333333334 0.09791666666666667 0.24666666666666667
2 0.2799479166666667 0.5758333333333333 0.11510416666666666 0.10833333333333334
2 0.09895833333333333 0.6829166666666666 0.16666666666666666 0.14916666666666667
2 0.23489583333333333 0.5045833333333334 0.07395833333333333 0.060833333333333336
0 0.14557291666666666 0.5545833333333333 0.06614583333333333 0.059166666666666666
2 0.017708333333333333 0.635 0.035416666666666666 0.09833333333333333
2 0.67265625 0.43833333333333335 0.06510416666666667 0.05
15 0.73671875 0.4970833333333333 0.025520833333333333 0.019166666666666665
15 0.5252604166666667 0.5479166666666667 0.033854166666666664 0.024166666666666666
15 0.5979166666666667 0.48333333333333334 0.01875 0.015