13 0.6736979166666667 0.49833333333333335 0.030729166666666665 0.028333333333333332
15 0.6114583333333333 0.4979166666666667 0.01875 0.0425
15 0.5635416666666667 0.5220833333333333 0.021875 0.030833333333333334
4 0.30885416666666665 0.55625 0.08958333333333333 0.08916666666666667
4 0.38958333333333334 0.5595833333333333 0.08020833333333334 0.10083333333333333
2 0.2604166666666667 0.6420833333333333 0.134375 0.1475
2 0.06458333333333334 0.7179166666666666 0.12916666666666668 0.18916666666666668
1 0.2171875 0.5141666666666667 0.06875 0.06
13 0.4903645833333333 0.44083333333333335 0.024479166666666666 0.021666666666666667
11 0.8020833333333334 0.41875 0.16875 0.09416666666666666
13 0.8989583333333333 0.43041666666666667 0.03333333333333333 0.019166666666666665