5 0.34479166666666666 0.56875 0.15520833333333334 0.13916666666666666
2 0.2046875 0.61625 0.12291666666666666 0.11416666666666667
4 0.05390625 0.7370833333333333 0.1078125 0.18583333333333332
5 0.10104166666666667 0.7408333333333333 0.20208333333333334 0.22333333333333333
15 0.7192708333333333 0.6245833333333334 0.04375 0.0475
15 0.5822916666666667 0.5416666666666666 0.017708333333333333 0.02
15 0.6252604166666667 0.5054166666666666 0.0296875 0.020833333333333332
15 0.5421875 0.5341666666666667 0.028125 0.03
15 0.5786458333333333 0.5191666666666667 0.029166666666666667 0.013333333333333334
15 0.6208333333333333 0.4825 0.016666666666666666 0.01
2 0.4236979166666667 0.4375 0.05364583333333333 0.03333333333333333
2 0.7544270833333333 0.4395833333333333 0.06822916666666666 0.0275