2 0.3723958333333333 0.5704166666666667 0.096875 0.0925
3 0.30026041666666664 0.56375 0.09427083333333333 0.09583333333333334
2 0.13828125 0.6641666666666667 0.15989583333333332 0.14833333333333334
2 0.21848958333333332 0.6691666666666667 0.14427083333333332 0.145
2 0.052083333333333336 0.82875 0.10416666666666667 0.25083333333333335
1 0.22473958333333333 0.5075 0.06197916666666667 0.051666666666666666
2 0.14583333333333334 0.5533333333333333 0.065625 0.058333333333333334
13 0.56953125 0.5433333333333333 0.04114583333333333 0.025
15 0.5940104166666667 0.5129166666666667 0.021354166666666667 0.020833333333333332
15 0.6018229166666667 0.49666666666666665 0.015104166666666667 0.02
15 0.6059895833333333 0.4975 0.0140625 0.015
15 0.7575520833333333 0.49666666666666665 0.0265625 0.021666666666666667
2 0.634375 0.40708333333333335 0.040625 0.035833333333333335
4 0.91953125 0.44416666666666665 0.1078125 0.06166666666666667
2 0.15026041666666667 0.5291666666666667 0.049479166666666664 0.025
2 0.00234375 0.6604166666666667 0.0046875 0.13916666666666666
2 0.015625 0.6083333333333333 0.025 0.021666666666666667