2 0.9755208333333333 0.455 0.04895833333333333 0.06666666666666667
15 0.90546875 0.41125 0.018229166666666668 0.0125
15 0.8299479166666667 0.4170833333333333 0.0171875 0.014166666666666666
2 1.0 0.8954166666666666 0.0 0.17083333333333334
15 0.8895833333333333 0.45916666666666667 0.036458333333333336 0.025
2 0.5770833333333333 0.4320833333333333 0.051041666666666666 0.04416666666666667
2 0.6322916666666667 0.4425 0.051041666666666666 0.04666666666666667
2 0.24661458333333333 0.5904166666666667 0.1109375 0.10583333333333333
2 0.3971354166666667 0.41541666666666666 0.027604166666666666 0.030833333333333334
1 0.37864583333333335 0.44083333333333335 0.035416666666666666 0.035
2 0.3380208333333333 0.44083333333333335 0.042708333333333334 0.03833333333333333
0 0.2203125 0.48791666666666667 0.0625 0.05416666666666667
2 0.17994791666666668 0.5295833333333333 0.0890625 0.07416666666666667
4 0.20729166666666668 0.44166666666666665 0.03125 0.018333333333333333