1 0.8528645833333334 0.34208333333333335 0.10677083333333333 0.08083333333333333
0 0.734375 0.35541666666666666 0.09895833333333333 0.0725
2 0.5614583333333333 0.3595833333333333 0.11041666666666666 0.08083333333333333
2 0.40130208333333334 0.365 0.12135416666666667 0.08666666666666667
2 0.16171875 0.37666666666666665 0.14635416666666667 0.08833333333333333
4 0.025260416666666667 0.37958333333333333 0.050520833333333334 0.09583333333333334
2 0.84453125 0.30541666666666667 0.1046875 0.06916666666666667
4 0.7247395833333333 0.3095833333333333 0.11302083333333333 0.0725
2 0.5747395833333333 0.32125 0.1015625 0.06916666666666667
2 0.41302083333333334 0.3258333333333333 0.103125 0.07666666666666666
2 0.21432291666666667 0.3358333333333333 0.13177083333333334 0.07333333333333333
2 0.053385416666666664 0.34208333333333335 0.10677083333333333 0.0825
4 0.9979166666666667 0.52125 0.004166666666666667 0.13583333333333333
2 0.9450520833333333 0.44125 0.10989583333333333 0.0925
2 0.74140625 0.61 0.23802083333333332 0.165
3 0.8130208333333333 0.2575 0.0375 0.07666666666666666
2 0.7453125 0.29625 0.075 0.0575
2 0.7963541666666667 0.24041666666666667 0.05520833333333333 0.024166666666666666