13 0.93046875 0.7758333333333334 0.1390625 0.14833333333333334
4 0.28177083333333336 0.5191666666666667 0.184375 0.14166666666666666
4 0.55703125 0.5229166666666667 0.16614583333333333 0.13916666666666666
2 0.8169270833333333 0.515 0.2109375 0.12166666666666667
2 0.9690104166666667 0.4504166666666667 0.06197916666666667 0.10083333333333333
2 0.9875 0.5283333333333333 0.025 0.12333333333333334
4 0.5859375 0.4525 0.14166666666666666 0.105
2 0.30182291666666666 0.44708333333333333 0.15989583333333332 0.10916666666666666
4 0.06875 0.4425 0.1375 0.13
2 0.09973958333333334 0.38458333333333333 0.16822916666666668 0.10416666666666667
2 0.2955729166666667 0.3754166666666667 0.13177083333333334 0.09083333333333334
2 0.48880208333333336 0.37083333333333335 0.1078125 0.08166666666666667
4 0.6536458333333334 0.35375 0.11354166666666667 0.07916666666666666
4 0.8403645833333333 0.34375 0.12447916666666667 0.08416666666666667
2 0.72421875 0.3120833333333333 0.10989583333333333 0.0675
4 0.5533854166666666 0.325 0.1140625 0.08
3 0.3770833333333333 0.3304166666666667 0.1125 0.08916666666666667
3 0.21666666666666667 0.33416666666666667 0.140625 0.08833333333333333
4 0.05026041666666667 0.3475 0.10052083333333334 0.06166666666666667
2 0.9455729166666667 0.6416666666666667 0.10885416666666667 0.15333333333333332
2 1.0 0.8570833333333333 0.0 0.1925