13 0.403125 0.5575 0.046875 0.041666666666666664
4 0.25416666666666665 0.5945833333333334 0.12395833333333334 0.1225
2 0.284375 0.62875 0.1125 0.11416666666666667
15 0.5302083333333333 0.54125 0.020833333333333332 0.0225
13 0.5541666666666667 0.5429166666666667 0.036458333333333336 0.035833333333333335
15 0.6411458333333333 0.5275 0.022916666666666665 0.021666666666666667
15 0.5953125 0.52625 0.01875 0.019166666666666665
15 0.59609375 0.5116666666666667 0.0171875 0.02666666666666667
15 0.5684895833333333 0.5120833333333333 0.0203125 0.015833333333333335
15 0.60859375 0.475 0.008854166666666666 0.006666666666666667
15 0.6361979166666667 0.47541666666666665 0.015104166666666667 0.020833333333333332
2 0.25625 0.495 0.08125 0.06833333333333333
2 0.14921875 0.54375 0.0859375 0.06416666666666666
2 0.015104166666666667 0.6120833333333333 0.030208333333333334 0.10583333333333333
4 0.13151041666666666 0.73 0.1703125 0.175
3 0.4125 0.43916666666666665 0.057291666666666664 0.011666666666666667
11 0.8716145833333333 0.40875 0.19635416666666666 0.08583333333333333
13 0.6158854166666666 0.4979166666666667 0.0296875 0.0225