5 0.9611979166666667 0.42916666666666664 0.07760416666666667 0.11666666666666667
2 0.67578125 0.44375 0.16822916666666668 0.1075
2 0.36171875 0.44583333333333336 0.15052083333333333 0.10666666666666667
4 0.06588541666666667 0.44208333333333333 0.13177083333333334 0.11583333333333333
1 0.896875 0.33208333333333334 0.09270833333333334 0.06416666666666666
4 0.7125 0.3416666666666667 0.11875 0.07833333333333334
6 0.5341145833333333 0.33916666666666667 0.1671875 0.11
2 0.3255208333333333 0.37125 0.128125 0.08916666666666667
2 0.13932291666666666 0.3754166666666667 0.1546875 0.09083333333333334
2 0.0 0.38458333333333333 0.0 0.07583333333333334
1 0.7994791666666666 0.30916666666666665 0.08645833333333333 0.06
2 0.26510416666666664 0.33875 0.121875 0.0775
2 0.09088541666666666 0.33958333333333335 0.12447916666666667 0.0675
2 0.7606770833333333 0.5233333333333333 0.2078125 0.13166666666666665
2 0.5036458333333333 0.5191666666666667 0.184375 0.13333333333333333
2 0.0 0.3525 0.0 0.065