2 0.6533854166666667 0.53625 0.0859375 0.059166666666666666
4 0.521875 0.65125 0.11770833333333333 0.09416666666666666
4 0.28619791666666666 0.6545833333333333 0.1359375 0.10416666666666667
1 0.6125 0.7320833333333333 0.13020833333333334 0.11916666666666667
4 0.8041666666666667 0.52625 0.10625 0.06416666666666666
13 0.2598958333333333 0.58375 0.0625 0.04416666666666667
2 0.8776041666666666 0.5616666666666666 0.10416666666666667 0.06666666666666667
2 0.5377604166666666 0.5729166666666666 0.10885416666666667 0.07083333333333333
2 0.4796875 0.5429166666666667 0.08541666666666667 0.060833333333333336
2 0.3848958333333333 0.58 0.11041666666666666 0.07666666666666666
2 0.2453125 0.55 0.11354166666666667 0.07
2 0.12265625 0.5945833333333334 0.1328125 0.08083333333333333
2 0.06015625 0.5575 0.1203125 0.075
2 0.00546875 0.58625 0.0109375 0.10083333333333333
6 0.7645833333333333 0.62375 0.22395833333333334 0.14916666666666667
2 0.978125 0.6629166666666667 0.04375 0.10416666666666667