2 0.30885416666666665 0.5554166666666667 0.090625 0.08916666666666667
4 0.33177083333333335 0.5941666666666666 0.1 0.10833333333333334
4 0.10963541666666667 0.6670833333333334 0.1484375 0.14416666666666667
2 0.16770833333333332 0.7025 0.17395833333333333 0.17
1 0.19348958333333333 0.5208333333333334 0.07760416666666667 0.06666666666666667
4 0.12916666666666668 0.5333333333333333 0.0375 0.043333333333333335
15 0.7138020833333333 0.5133333333333333 0.025520833333333333 0.03
15 0.6294270833333333 0.5795833333333333 0.033854166666666664 0.035833333333333335
15 0.5848958333333333 0.5416666666666666 0.026041666666666668 0.023333333333333334
15 0.5739583333333333 0.54125 0.022916666666666665 0.020833333333333332
15 0.57890625 0.49 0.011979166666666667 0.016666666666666666
15 0.48802083333333335 0.4975 0.020833333333333332 0.018333333333333333
15 0.4734375 0.4979166666666667 0.023958333333333335 0.0225
15 0.48072916666666665 0.4979166666666667 0.023958333333333335 0.019166666666666665
15 0.46432291666666664 0.48291666666666666 0.019270833333333334 0.015833333333333335
15 0.47890625 0.4683333333333333 0.0005208333333333333 0.006666666666666667
15 0.4822916666666667 0.46125 0.011458333333333333 0.010833333333333334