6 0.3221354166666667 0.59375 0.12552083333333333 0.1275
6 0.128125 0.7083333333333334 0.23229166666666667 0.23166666666666666
2 0.23984375 0.6004166666666667 0.06614583333333333 0.0825
2 0.0203125 0.7608333333333334 0.040625 0.15333333333333332
15 0.5880208333333333 0.5129166666666667 0.0125 0.019166666666666665
15 0.5966145833333333 0.5054166666666666 0.015104166666666667 0.0225
15 0.60859375 0.49125 0.0140625 0.0275
6 0.22682291666666668 0.50375 0.0859375 0.07083333333333333
2 0.15338541666666666 0.5241666666666667 0.07447916666666667 0.05
2 0.01328125 0.605 0.0265625 0.056666666666666664
2 0.15677083333333333 0.5625 0.020833333333333332 0.016666666666666666