13 0.9385416666666667 0.7733333333333333 0.12291666666666666 0.095
2 1.0 0.8841666666666667 0.0 0.23166666666666666
2 1.0 0.5358333333333334 0.0 0.13666666666666666
2 1.0 0.4558333333333333 0.0 0.105
2 1.0 0.5254166666666666 0.0 0.12083333333333333
2 0.9932291666666667 0.4525 0.013541666666666667 0.09666666666666666
2 0.89765625 0.5245833333333333 0.2046875 0.12416666666666666
0 0.8098958333333334 0.44625 0.13854166666666667 0.09083333333333334
3 0.65703125 0.5275 0.2046875 0.14666666666666667
2 0.5614583333333333 0.44375 0.14791666666666667 0.1025
2 0.32708333333333334 0.4454166666666667 0.15625 0.10916666666666666
2 0.3796875 0.5275 0.18645833333333334 0.135
2 0.0 0.4475 0.0 0.095
4 0.12682291666666667 0.3770833333333333 0.16302083333333334 0.09583333333333334
2 0.2950520833333333 0.3804166666666667 0.1390625 0.09083333333333334
4 0.4661458333333333 0.3641666666666667 0.10729166666666666 0.08333333333333333
2 0.6640625 0.3591666666666667 0.125 0.08666666666666667
4 0.8393229166666667 0.34875 0.1203125 0.0675
4 0.95390625 0.3466666666666667 0.0828125 0.07166666666666667
2 0.8544270833333333 0.3125 0.10052083333333334 0.06666666666666667
0 0.7143229166666667 0.32083333333333336 0.0953125 0.07
0 0.5322916666666667 0.3283333333333333 0.09583333333333334 0.075
3 0.35859375 0.32666666666666666 0.12135416666666667 0.08833333333333333
0 0.21015625 0.33375 0.10885416666666667 0.0725
4 0.0234375 0.38375 0.046875 0.0975
13 0.6614583333333334 0.30083333333333334 0.03229166666666667 0.028333333333333332
2 1.0 0.8541666666666666 0.0 0.22333333333333333