2 0.14270833333333333 0.7220833333333333 0.19375 0.18916666666666668
2 0.18776041666666668 0.5358333333333334 0.0921875 0.07833333333333334
2 0.13776041666666666 0.5333333333333333 0.04010416666666667 0.018333333333333333
2 0.440625 0.4454166666666667 0.05 0.0125
15 0.57265625 0.52125 0.0296875 0.034166666666666665
15 0.58125 0.5054166666666666 0.025 0.0225
6 0.27369791666666665 0.5691666666666667 0.1140625 0.11
6 0.0171875 0.6004166666666667 0.034375 0.11416666666666667
4 0.34661458333333334 0.5795833333333333 0.10677083333333333 0.11416666666666667
11 0.7330729166666666 0.3925 0.13385416666666666 0.06666666666666667
2 0.018229166666666668 0.6270833333333333 0.026041666666666668 0.015833333333333335