15 0.9942708333333333 0.71375 0.011458333333333333 0.06916666666666667
15 0.8161458333333333 0.43666666666666665 0.015625 0.015
15 0.8252604166666667 0.445 0.028645833333333332 0.015
15 0.7375 0.46416666666666667 0.022916666666666665 0.018333333333333333
15 0.7466145833333333 0.46416666666666667 0.0234375 0.015
13 0.7317708333333334 0.4825 0.041666666666666664 0.025
15 0.8770833333333333 0.4141666666666667 0.016666666666666666 0.015
15 0.8346354166666666 0.4170833333333333 0.0171875 0.010833333333333334
15 0.8260416666666667 0.40958333333333335 0.003125 0.009166666666666667
15 0.5447916666666667 0.6358333333333334 0.05 0.03333333333333333
15 0.5213541666666667 0.6475 0.05 0.043333333333333335
2 0.9752604166666666 0.5816666666666667 0.049479166666666664 0.11333333333333333
4 0.38385416666666666 0.55125 0.096875 0.0975
4 0.09947916666666666 0.7425 0.19895833333333332 0.20166666666666666
2 0.27630208333333334 0.5725 0.09427083333333333 0.08833333333333333
4 0.42630208333333336 0.4795833333333333 0.049479166666666664 0.06416666666666666
2 0.0 0.9208333333333333 0.0 0.15833333333333333
2 0.97421875 0.4533333333333333 0.0515625 0.056666666666666664
2 0.30026041666666664 0.4529166666666667 0.050520833333333334 0.0425
2 0.2984375 0.48125 0.05416666666666667 0.034166666666666665
1 0.01796875 0.59875 0.0171875 0.035833333333333335
1 0.14010416666666667 0.5333333333333333 0.04791666666666667 0.028333333333333332
4 0.0 0.7133333333333334 0.0 0.145
2 0.0 0.7945833333333333 0.0 0.19583333333333333