15 0.5385416666666667 0.5495833333333333 0.030208333333333334 0.025833333333333333
4 0.25442708333333336 0.595 0.1234375 0.12333333333333334
13 0.5559895833333334 0.5408333333333334 0.0265625 0.025
15 0.6002604166666666 0.52625 0.0203125 0.020833333333333332
15 0.57265625 0.5120833333333333 0.015104166666666667 0.019166666666666665
15 0.5981770833333333 0.50375 0.013020833333333334 0.015833333333333335
15 0.64453125 0.4979166666666667 0.018229166666666668 0.019166666666666665
15 0.6096354166666667 0.48333333333333334 0.022395833333333334 0.011666666666666667
2 0.018489583333333334 0.6108333333333333 0.03697916666666667 0.065
2 0.9609375 0.42833333333333334 0.078125 0.03833333333333333
2 0.9619791666666667 0.46041666666666664 0.07604166666666666 0.05416666666666667
13 0.6177083333333333 0.4970833333333333 0.029166666666666667 0.025833333333333333