15 0.396875 0.4683333333333333 0.025 0.015
15 0.45338541666666665 0.46125 0.009895833333333333 0.010833333333333334
15 0.5005208333333333 0.44666666666666666 0.009375 0.006666666666666667
15 0.4734375 0.4691666666666667 0.01875 0.016666666666666666
15 0.4583333333333333 0.4691666666666667 0.01875 0.013333333333333334
15 0.4466145833333333 0.47541666666666665 0.0109375 0.014166666666666666
15 0.50390625 0.46166666666666667 0.0109375 0.013333333333333334
15 0.49765625 0.4691666666666667 0.021354166666666667 0.02
15 0.51640625 0.46958333333333335 0.022395833333333334 0.019166666666666665
15 0.4895833333333333 0.49041666666666667 0.014583333333333334 0.015833333333333335
15 0.51796875 0.5116666666666667 0.021354166666666667 0.02
11 0.8138020833333334 0.47708333333333336 0.26510416666666664 0.1475
2 0.9640625 0.47583333333333333 0.071875 0.056666666666666664
6 0.6231770833333333 0.41583333333333333 0.11302083333333333 0.08
0 0.4822916666666667 0.41833333333333333 0.03125 0.035
3 0.20911458333333333 0.6666666666666666 0.16927083333333334 0.17333333333333334
0 0.36328125 0.5691666666666667 0.0765625 0.08666666666666667
4 0.31953125 0.54625 0.0890625 0.0875
0 0.19140625 0.605 0.0984375 0.09833333333333333
2 0.03697916666666667 0.7741666666666667 0.07395833333333333 0.215
5 0.20755208333333333 0.50375 0.10260416666666666 0.07916666666666666
4 0.1390625 0.5275 0.058333333333333334 0.04666666666666667
2 0.013802083333333333 0.6104166666666667 0.027604166666666666 0.09916666666666667