15 0.7721354166666666 0.2833333333333333 0.03802083333333333 0.02666666666666667
15 0.70859375 0.25958333333333333 0.027604166666666666 0.019166666666666665
15 0.64296875 0.27791666666666665 0.018229166666666668 0.0175
13 0.6776041666666667 0.3541666666666667 0.04479166666666667 0.05
15 0.60390625 0.30291666666666667 0.034895833333333334 0.0275
4 0.3450520833333333 0.38208333333333333 0.1046875 0.11416666666666667
5 0.19583333333333333 0.3025 0.09895833333333333 0.08166666666666667
2 1.0 0.22458333333333333 0.0 0.0825
4 1.0 0.36291666666666667 0.0 0.1075
2 0.0 0.51375 0.0 0.1325
4 1.0 0.36041666666666666 0.0 0.1775
5 0.9921875 0.27125 0.015625 0.11916666666666667
2 0.0 0.3516666666666667 0.0 0.08
2 0.7682291666666666 0.4379166666666667 0.178125 0.12416666666666666
15 0.8278645833333333 0.5116666666666667 0.030729166666666665 0.06166666666666667
2 0.9145833333333333 0.23208333333333334 0.06666666666666667 0.06416666666666666
4 0.8174479166666667 0.23791666666666667 0.1015625 0.06916666666666667
15 0.6505208333333333 0.27708333333333335 0.01875 0.020833333333333332
15 0.6494791666666667 0.26875 0.027083333333333334 0.0175