15 0.5940104166666667 0.4975 0.018229166666666668 0.02
15 0.54140625 0.5266666666666666 0.0203125 0.021666666666666667
2 0.21276041666666667 0.5125 0.0765625 0.06166666666666667
2 0.14453125 0.5325 0.058854166666666666 0.03333333333333333
2 0.014322916666666666 0.60375 0.028645833333333332 0.0925
5 0.8028645833333333 0.6258333333333334 0.2015625 0.135
4 0.16901041666666666 0.48791666666666667 0.07135416666666666 0.0575
4 0.9752604166666666 0.5154166666666666 0.049479166666666664 0.1025
4 0.9111979166666667 0.46041666666666664 0.11927083333333334 0.07416666666666667
2 0.7127604166666667 0.42791666666666667 0.059895833333333336 0.04583333333333333
2 0.6359375 0.4325 0.04583333333333333 0.03666666666666667