2 0.8924479166666667 0.45125 0.1859375 0.10916666666666666
2 0.6611979166666667 0.44666666666666666 0.1640625 0.11
0 0.4171875 0.44708333333333333 0.11458333333333333 0.0975
2 0.19010416666666666 0.44375 0.165625 0.11083333333333334
9 0.04739583333333333 0.42125 0.09479166666666666 0.20416666666666666
0 0.7309895833333333 0.3516666666666667 0.09739583333333333 0.07666666666666666
0 0.60625 0.3625 0.09375 0.08166666666666667
2 0.46640625 0.3641666666666667 0.10885416666666667 0.08833333333333333
2 0.26171875 0.37875 0.14114583333333333 0.09416666666666666
1 0.08359375 0.38125 0.12447916666666667 0.0825
2 0.8955729166666667 0.34541666666666665 0.1265625 0.07083333333333333
3 0.1875 0.33375 0.14166666666666666 0.09083333333333334
2 0.34036458333333336 0.3441666666666667 0.10989583333333333 0.08166666666666667
2 0.4786458333333333 0.3283333333333333 0.10625 0.075
2 0.6372395833333333 0.3229166666666667 0.10052083333333334 0.059166666666666666
4 0.7674479166666667 0.31416666666666665 0.10364583333333334 0.07166666666666667
2 0.8734375 0.31083333333333335 0.084375 0.065