2 0.35260416666666666 0.58 0.09270833333333334 0.1
1 0.20416666666666666 0.67125 0.11770833333333333 0.1275
2 0.04869791666666667 0.8295833333333333 0.09739583333333333 0.22916666666666666
2 0.10026041666666667 0.6820833333333334 0.16927083333333334 0.1525
1 0.23489583333333333 0.5045833333333334 0.07395833333333333 0.059166666666666666
2 0.2796875 0.5783333333333334 0.10729166666666666 0.1
1 0.14557291666666666 0.5533333333333333 0.0640625 0.055
2 0.6770833333333334 0.46 0.075 0.06333333333333334
2 0.55703125 0.41291666666666665 0.03697916666666667 0.0325
11 0.4596354166666667 0.40208333333333335 0.08697916666666666 0.059166666666666666
13 0.8684895833333334 0.5254166666666666 0.0546875 0.0425
15 0.73671875 0.49666666666666665 0.024479166666666666 0.018333333333333333
15 0.7270833333333333 0.49625 0.023958333333333335 0.019166666666666665
15 0.628125 0.6166666666666667 0.03958333333333333 0.03833333333333333
13 0.32734375 0.45916666666666667 0.0140625 0.013333333333333334
15 0.5200520833333333 0.5183333333333333 0.028645833333333332 0.02666666666666667
15 0.45625 0.48291666666666666 0.019791666666666666 0.015833333333333335
15 0.49114583333333334 0.48291666666666666 0.014583333333333334 0.015833333333333335
15 0.3984375 0.48333333333333334 0.020833333333333332 0.016666666666666666
15 0.4049479166666667 0.46875 0.019270833333333334 0.0125
15 0.38359375 0.46791666666666665 0.018229166666666668 0.015833333333333335
15 0.48515625 0.4625 0.0109375 0.013333333333333334
15 0.33359375 0.45166666666666666 0.0203125 0.011666666666666667
15 0.35130208333333335 0.44416666666666665 0.011979166666666667 0.011666666666666667
15 0.4109375 0.4325 0.0125 0.01
15 0.35546875 0.445 0.009895833333333333 0.0033333333333333335
15 0.34375 0.42916666666666664 0.010416666666666666 0.005
15 0.38567708333333334 0.4325 0.011979166666666667 0.008333333333333333
15 0.36770833333333336 0.43041666666666667 0.010416666666666666 0.005833333333333334
15 0.3614583333333333 0.43 0.010416666666666666 0.008333333333333333
2 0.010416666666666666 0.58625 0.020833333333333332 0.0625
2 0.017447916666666667 0.6345833333333334 0.034895833333333334 0.0975