4 0.19088541666666667 0.6266666666666667 0.12135416666666667 0.11833333333333333
5 0.35104166666666664 0.5725 0.1125 0.11166666666666666
4 0.32447916666666665 0.5425 0.07395833333333333 0.07833333333333334
13 0.5260416666666666 0.5416666666666666 0.030208333333333334 0.03166666666666667
2 0.21276041666666667 0.5129166666666667 0.07864583333333333 0.0675
9 0.9854166666666667 0.4241666666666667 0.029166666666666667 0.09666666666666666
13 0.925 0.4379166666666667 0.026041666666666668 0.009166666666666667
2 0.9247395833333333 0.48833333333333334 0.13802083333333334 0.08666666666666667
2 0.6731770833333334 0.44958333333333333 0.05364583333333333 0.050833333333333335
2 0.9940104166666667 0.47 0.011979166666666667 0.058333333333333334
2 0.12473958333333333 0.5379166666666667 0.018229166666666668 0.015833333333333335
0 0.02265625 0.6095833333333334 0.03177083333333333 0.04416666666666667