3 0.24973958333333332 0.2679166666666667 0.09322916666666667 0.07416666666666667
5 0.13098958333333333 0.3204166666666667 0.09114583333333333 0.0725
2 0.3502604166666667 0.3283333333333333 0.08697916666666666 0.07666666666666666
2 0.23333333333333334 0.39458333333333334 0.134375 0.1275
2 0.05520833333333333 0.54 0.11041666666666666 0.17666666666666667
4 0.36953125 0.36125 0.10052083333333334 0.10916666666666666
2 0.22213541666666667 0.47625 0.1484375 0.14916666666666667
2 0.04479166666666667 0.6241666666666666 0.08958333333333333 0.25666666666666665
13 0.4979166666666667 0.3333333333333333 0.051041666666666666 0.041666666666666664
15 0.696875 0.31916666666666665 0.0375 0.025
15 0.7067708333333333 0.28458333333333335 0.0375 0.024166666666666666
15 0.78125 0.27416666666666667 0.027083333333333334 0.011666666666666667
15 0.6377604166666667 0.27 0.0359375 0.025
13 0.68671875 0.26875 0.0421875 0.029166666666666667