4 0.35859375 0.57375 0.10364583333333334 0.1075
2 0.33125 0.5416666666666666 0.07708333333333334 0.08166666666666667
4 0.0984375 0.7495833333333334 0.196875 0.21416666666666667
2 0.21484375 0.5095833333333334 0.0796875 0.06583333333333333
6 0.14661458333333333 0.51 0.10052083333333334 0.075
2 0.14348958333333334 0.5566666666666666 0.050520833333333334 0.035
2 0.017447916666666667 0.61 0.034895833333333334 0.075
15 0.55859375 0.5345833333333333 0.0328125 0.0275
13 0.5856770833333333 0.5195833333333333 0.033854166666666664 0.025833333333333333
15 0.6182291666666667 0.5129166666666667 0.014583333333333334 0.019166666666666665
4 0.95 0.4504166666666667 0.1 0.049166666666666664