4 0.209375 0.6770833333333334 0.13541666666666666 0.1375
5 0.37135416666666665 0.565 0.10208333333333333 0.105
15 0.5544270833333333 0.53375 0.025520833333333333 0.0225
15 0.53828125 0.5341666666666667 0.028645833333333332 0.016666666666666666
3 0.20338541666666668 0.5133333333333333 0.09427083333333333 0.075
6 0.5924479166666666 0.6391666666666667 0.2234375 0.19833333333333333
2 0.9963541666666667 0.44125 0.007291666666666667 0.019166666666666665
12 0.60625 0.40291666666666665 0.071875 0.0725
0 0.9239583333333333 0.47833333333333333 0.09166666666666666 0.03
2 0.2484375 0.48 0.005208333333333333 0.0033333333333333335
2 0.18229166666666666 0.4791666666666667 0.05520833333333333 0.018333333333333333
2 0.13203125 0.5633333333333334 0.011979166666666667 0.011666666666666667
2 0.12708333333333333 0.5458333333333333 0.009375 0.006666666666666667
15 0.6239583333333333 0.49625 0.01875 0.0175