2 0.33177083333333335 0.6058333333333333 0.11354166666666667 0.12333333333333334
2 0.08229166666666667 0.7016666666666667 0.16458333333333333 0.17
2 0.30625 0.5583333333333333 0.090625 0.08666666666666667
2 0.15234375 0.71125 0.16197916666666667 0.16583333333333333
5 0.9424479166666667 0.5758333333333333 0.11510416666666666 0.10833333333333334
0 1.0 0.5741666666666667 0.0 0.13
2 0.978125 0.4970833333333333 0.04375 0.0625
3 0.1359375 0.5275 0.052083333333333336 0.03666666666666667
2 0.21458333333333332 0.5166666666666667 0.07708333333333334 0.065
4 0.5421875 0.41791666666666666 0.040625 0.03916666666666667
15 0.6096354166666667 0.5508333333333333 0.0296875 0.03333333333333333
0 0.6794270833333333 0.4666666666666667 0.0671875 0.056666666666666664
3 0.01875 0.5991666666666666 0.0375 0.075