4 0.2908854166666667 0.7345833333333334 0.1953125 0.14083333333333334
2 0.38046875 0.6520833333333333 0.14010416666666667 0.09916666666666667
3 0.5927083333333333 0.73125 0.18854166666666666 0.14583333333333334
4 0.62578125 0.6516666666666666 0.1421875 0.095
2 0.8330729166666667 0.7295833333333334 0.19947916666666668 0.12416666666666666
3 0.8546875 0.6554166666666666 0.18020833333333333 0.10583333333333333
4 0.38125 0.5766666666666667 0.10520833333333333 0.08333333333333333
4 0.3421875 0.54 0.10208333333333333 0.07333333333333333
2 0.55234375 0.5766666666666667 0.1015625 0.07833333333333334
2 0.4940104166666667 0.5416666666666666 0.08802083333333334 0.05333333333333334
4 0.7208333333333333 0.5675 0.10833333333333334 0.06
2 0.6364583333333333 0.5366666666666666 0.08020833333333334 0.058333333333333334
2 0.865625 0.5579166666666666 0.10833333333333334 0.060833333333333336
6 0.8026041666666667 0.5166666666666667 0.11770833333333333 0.075
2 0.19140625 0.5545833333333333 0.1140625 0.06416666666666666
4 0.0859375 0.5758333333333333 0.1375 0.08
2 0.0 0.5908333333333333 0.0 0.07833333333333334
3 0.15026041666666667 0.64 0.19427083333333334 0.12333333333333334