4 0.18984375 0.6858333333333333 0.16197916666666667 0.16333333333333333
6 0.115625 0.6429166666666667 0.18854166666666666 0.16583333333333333
2 0.35703125 0.5720833333333334 0.08697916666666666 0.0825
2 0.32760416666666664 0.5433333333333333 0.08854166666666667 0.08666666666666667
15 0.60625 0.4975 0.014583333333333334 0.016666666666666666
15 0.5979166666666667 0.4975 0.016666666666666666 0.02
15 0.6809895833333334 0.5283333333333333 0.008854166666666666 0.02
2 0.92890625 0.6004166666666667 0.1421875 0.0975
4 1.0 0.49083333333333334 0.0 0.09166666666666666
2 0.45859375 0.7329166666666667 0.17552083333333332 0.16416666666666666
4 0.79609375 0.46708333333333335 0.09114583333333333 0.06416666666666666
15 0.6270833333333333 0.505 0.015625 0.02
15 0.6263020833333334 0.4895833333333333 0.0109375 0.005833333333333334
2 0.98671875 0.46291666666666664 0.0265625 0.034166666666666665
6 0.20885416666666667 0.49625 0.09583333333333334 0.07416666666666667
4 0.14401041666666667 0.5295833333333333 0.05572916666666667 0.025833333333333333
2 0.0 0.62375 0.0 0.11916666666666667
2 1.0 0.43416666666666665 0.0 0.06333333333333334