2 0.04505208333333333 0.5279166666666667 0.09010416666666667 0.13416666666666666
4 0.26614583333333336 0.5266666666666666 0.20520833333333333 0.13833333333333334
4 0.5828125 0.5175 0.19791666666666666 0.15
2 0.13697916666666668 0.4554166666666667 0.15833333333333333 0.09583333333333334
2 0.42890625 0.44916666666666666 0.15364583333333334 0.105
3 0.7536458333333333 0.44708333333333333 0.1875 0.11583333333333333
2 0.9643229166666667 0.4475 0.07135416666666666 0.09166666666666666
2 0.06510416666666667 0.38208333333333333 0.13020833333333334 0.0875
4 0.24661458333333333 0.37333333333333335 0.13489583333333333 0.09333333333333334
2 0.45729166666666665 0.3720833333333333 0.121875 0.08583333333333333
2 0.64765625 0.35541666666666666 0.1234375 0.07916666666666666
4 0.79453125 0.3541666666666667 0.10885416666666667 0.075
2 0.9377604166666667 0.34208333333333335 0.11822916666666666 0.06916666666666667
6 0.7802083333333333 0.30625 0.12916666666666668 0.08083333333333333
2 0.6421875 0.32 0.096875 0.07
6 0.47578125 0.3120833333333333 0.11927083333333334 0.0925
4 0.3177083333333333 0.33125 0.10833333333333334 0.08083333333333333
2 0.11614583333333334 0.34541666666666665 0.12708333333333333 0.06916666666666667
2 0.010677083333333334 0.3441666666666667 0.021354166666666667 0.07
2 1.0 0.8554166666666667 0.0 0.1925
13 0.92890625 0.77125 0.1421875 0.1375
2 0.83359375 0.5283333333333333 0.18802083333333333 0.12333333333333334