13 0.5966145833333333 0.4708333333333333 0.033854166666666664 0.021666666666666667
6 0.3971354166666667 0.55125 0.10364583333333334 0.10416666666666667
2 0.24661458333333333 0.6508333333333334 0.13072916666666667 0.13333333333333333
2 0.07369791666666667 0.7979166666666667 0.14739583333333334 0.24083333333333334
13 0.25286458333333334 0.59625 0.0609375 0.059166666666666666
4 0.34088541666666666 0.5341666666666667 0.08072916666666667 0.07666666666666666
6 0.240625 0.4875 0.11979166666666667 0.09
2 0.396875 0.43375 0.041666666666666664 0.009166666666666667
13 0.6713541666666667 0.49125 0.04583333333333333 0.0325
2 0.0005208333333333333 0.805 0.0010416666666666667 0.19666666666666666
15 0.5572916666666666 0.5129166666666667 0.020833333333333332 0.015833333333333335
15 0.6125 0.4975 0.022916666666666665 0.02
6 0.509375 0.4245833333333333 0.058333333333333334 0.0375
1 0.7440104166666667 0.42833333333333334 0.0609375 0.043333333333333335
4 0.896875 0.43041666666666667 0.08854166666666667 0.05583333333333333
2 0.15208333333333332 0.5466666666666666 0.0875 0.07333333333333333