2 0.35833333333333334 0.57375 0.1 0.10916666666666666
2 0.33229166666666665 0.5433333333333333 0.07708333333333334 0.07666666666666666
4 0.09947916666666666 0.7508333333333334 0.19895833333333332 0.22
15 0.6302083333333334 0.4975 0.017708333333333333 0.016666666666666666
13 0.5833333333333334 0.5166666666666667 0.03958333333333333 0.03666666666666667
15 0.55859375 0.5341666666666667 0.0296875 0.03333333333333333
15 0.615625 0.5370833333333334 0.028125 0.0225
15 0.6588541666666666 0.6016666666666667 0.034375 0.03666666666666667
2 0.21796875 0.5108333333333334 0.08385416666666666 0.07
5 0.14609375 0.5075 0.09739583333333333 0.07333333333333333
2 0.15182291666666667 0.55375 0.034895833333333334 0.0725