2 0.9158854166666667 0.5391666666666667 0.16822916666666668 0.12333333333333334
2 0.9174479166666667 0.45125 0.16510416666666666 0.1025
2 0.8942708333333333 0.34541666666666665 0.12395833333333334 0.07083333333333333
2 0.8731770833333333 0.31125 0.08489583333333334 0.0625
4 0.7682291666666666 0.30583333333333335 0.09895833333333333 0.065
1 0.7309895833333333 0.35125 0.09739583333333333 0.07916666666666666
1 0.60625 0.3625 0.09270833333333334 0.075
2 0.63671875 0.32166666666666666 0.10260416666666666 0.06333333333333334
2 0.4669270833333333 0.36333333333333334 0.1078125 0.085
2 0.4783854166666667 0.32708333333333334 0.10364583333333334 0.07083333333333333
2 0.34140625 0.3458333333333333 0.10885416666666667 0.08333333333333333
3 0.18541666666666667 0.33458333333333334 0.14583333333333334 0.09083333333333334
2 0.26197916666666665 0.37833333333333335 0.140625 0.09333333333333334
1 0.08307291666666666 0.38166666666666665 0.12135416666666667 0.085
2 0.037760416666666664 0.3304166666666667 0.07552083333333333 0.060833333333333336
9 0.04348958333333333 0.4191666666666667 0.08697916666666666 0.17
2 0.190625 0.44416666666666665 0.16354166666666667 0.11
1 0.41822916666666665 0.44666666666666666 0.115625 0.1
2 0.6809895833333334 0.44916666666666666 0.15677083333333333 0.09166666666666666