2 0.8346354166666666 0.30375 0.06927083333333334 0.050833333333333335
3 0.7083333333333334 0.3175 0.11458333333333333 0.08
2 0.5627604166666667 0.3304166666666667 0.0984375 0.07083333333333333
3 0.4158854166666667 0.3258333333333333 0.11510416666666666 0.09
0 0.2484375 0.33708333333333335 0.11770833333333333 0.0825
3 0.06380208333333333 0.34041666666666665 0.12760416666666666 0.08416666666666667
2 0.9583333333333334 0.35541666666666666 0.053125 0.029166666666666667
0 0.825 0.34708333333333335 0.103125 0.0725
2 0.6416666666666667 0.3670833333333333 0.12083333333333333 0.08416666666666667
2 0.421875 0.37166666666666665 0.134375 0.08666666666666667
4 0.23776041666666667 0.37416666666666665 0.13385416666666666 0.09
2 0.07473958333333333 0.39 0.14947916666666666 0.085
2 0.0 0.39 0.0 0.08333333333333333
2 0.9776041666666667 0.52875 0.04479166666666667 0.12583333333333332
11 0.8481770833333333 0.22958333333333333 0.0390625 0.025833333333333333