2 0.32890625 0.54625 0.08697916666666666 0.0825
4 0.3580729166666667 0.5758333333333333 0.08177083333333333 0.09166666666666666
3 0.18046875 0.6308333333333334 0.14947916666666666 0.14
2 0.18177083333333333 0.5283333333333333 0.08541666666666667 0.07
2 0.14322916666666666 0.5279166666666667 0.075 0.06416666666666666
2 0.015885416666666666 0.6208333333333333 0.03177083333333333 0.025
2 0.004166666666666667 0.5904166666666667 0.008333333333333333 0.0675
15 0.5057291666666667 0.5345833333333333 0.03333333333333333 0.0225
13 0.5494791666666666 0.54375 0.03229166666666667 0.035833333333333335
15 0.5846354166666666 0.5166666666666667 0.0296875 0.015
2 0.015885416666666666 0.8041666666666667 0.03177083333333333 0.23333333333333334
2 0.17109375 0.6958333333333333 0.1671875 0.165
6 0.3015625 0.4533333333333333 0.08854166666666667 0.055
15 1.0 0.8275 0.0 0.08833333333333333
2 0.5596354166666667 0.43166666666666664 0.059895833333333336 0.03166666666666667
4 0.8950520833333333 0.43833333333333335 0.08802083333333334 0.055
4 0.9572916666666667 0.42583333333333334 0.03958333333333333 0.041666666666666664