13 0.45677083333333335 0.5183333333333333 0.04583333333333333 0.03666666666666667
2 0.35260416666666666 0.575 0.08958333333333333 0.09333333333333334
2 0.13802083333333334 0.7254166666666667 0.190625 0.19083333333333333
2 0.36171875 0.5295833333333333 0.07552083333333333 0.07083333333333333
2 0.2265625 0.6083333333333333 0.11979166666666667 0.11666666666666667
4 0.078125 0.7025 0.15625 0.16666666666666666
0 0.51640625 0.4270833333333333 0.044270833333333336 0.030833333333333334
2 0.64453125 0.4295833333333333 0.059895833333333336 0.0225
4 0.82734375 0.43375 0.07447916666666667 0.035833333333333335
4 0.21223958333333334 0.5075 0.07864583333333333 0.065
2 0.13802083333333334 0.5383333333333333 0.042708333333333334 0.02666666666666667
2 0.13723958333333333 0.5633333333333334 0.027604166666666666 0.016666666666666666
3 0.0 0.5791666666666667 0.0 0.08333333333333333
5 0.011197916666666667 0.60625 0.022395833333333334 0.1175
3 1.0 0.44208333333333333 0.0 0.059166666666666666
4 1.0 0.5325 0.0 0.135
2 1.0 0.57 0.0 0.08333333333333333