3 0.25859375 0.485 0.08697916666666666 0.06666666666666667
12 0.14270833333333333 0.5304166666666666 0.08020833333333334 0.06916666666666667
2 0.18515625 0.5158333333333334 0.0390625 0.023333333333333334
2 0.013802083333333333 0.5979166666666667 0.027604166666666666 0.0825
2 0.34036458333333336 0.5379166666666667 0.07760416666666667 0.07916666666666666
4 0.3580729166666667 0.5691666666666667 0.09427083333333333 0.105
2 0.19869791666666667 0.6845833333333333 0.1609375 0.16583333333333333
2 0.020833333333333332 0.79 0.041666666666666664 0.235
2 0.98046875 0.45708333333333334 0.0390625 0.030833333333333334
2 0.7986979166666667 0.4816666666666667 0.08697916666666666 0.051666666666666666
15 0.60078125 0.4975 0.019270833333333334 0.02
4 0.33567708333333335 0.7558333333333334 0.1828125 0.19166666666666668