5 0.315625 0.5979166666666667 0.12916666666666668 0.1275
3 0.10755208333333334 0.7345833333333334 0.21510416666666668 0.22083333333333333
2 0.29270833333333335 0.5641666666666667 0.103125 0.1
2 0.08098958333333334 0.68875 0.16197916666666667 0.15416666666666667
3 0.20859375 0.5175 0.0859375 0.075
4 0.14322916666666666 0.5304166666666666 0.053125 0.025833333333333333
2 0.0078125 0.6120833333333333 0.015625 0.10583333333333333
4 0.9796875 0.5391666666666667 0.040625 0.12
0 0.9638020833333333 0.49875 0.07239583333333334 0.0725
2 0.6893229166666667 0.44708333333333333 0.06822916666666666 0.06416666666666666
5 0.5578125 0.4225 0.058333333333333334 0.041666666666666664
11 0.4627604166666667 0.40375 0.0921875 0.0675
15 0.346875 0.46 0.014583333333333334 0.013333333333333334
15 0.38359375 0.43083333333333335 0.008854166666666666 0.005
15 0.40598958333333335 0.43875 0.0015625 0.009166666666666667
15 0.4161458333333333 0.45416666666666666 0.023958333333333335 0.02
15 0.38203125 0.46 0.009895833333333333 0.01
15 0.43359375 0.4608333333333333 0.011979166666666667 0.01
15 0.3770833333333333 0.46791666666666665 0.020833333333333332 0.014166666666666666
13 0.5984375 0.55125 0.04583333333333333 0.035833333333333335
13 0.39140625 0.4841666666666667 0.0328125 0.021666666666666667
15 0.3763020833333333 0.4529166666666667 0.0015625 0.005833333333333334
15 0.42083333333333334 0.43666666666666665 0.020833333333333332 0.021666666666666667
15 0.40520833333333334 0.46041666666666664 0.011458333333333333 0.014166666666666666
15 0.39505208333333336 0.4533333333333333 0.0015625 0.006666666666666667
13 0.7104166666666667 0.51625 0.04583333333333333 0.0325
15 0.5018229166666667 0.6645833333333333 0.050520833333333334 0.04416666666666667
15 0.515625 0.6725 0.04895833333333333 0.05
15 0.43463541666666666 0.4320833333333333 0.009895833333333333 0.010833333333333334