2 0.34036458333333336 0.5841666666666666 0.1046875 0.11166666666666666
2 0.13385416666666666 0.72625 0.17395833333333333 0.17583333333333334
4 0.2955729166666667 0.5583333333333333 0.09947916666666666 0.095
4 0.134375 0.6579166666666667 0.14166666666666666 0.1275
4 1.0 0.64 0.0 0.18166666666666667
4 0.68515625 0.6379166666666667 0.1453125 0.13083333333333333
2 0.6260416666666667 0.4529166666666667 0.06979166666666667 0.049166666666666664
2 0.5953125 0.21625 0.027083333333333334 0.020833333333333332
15 0.49166666666666664 0.46875 0.019791666666666666 0.019166666666666665
15 0.4596354166666667 0.4825 0.0234375 0.023333333333333334
15 0.46119791666666665 0.49041666666666667 0.024479166666666666 0.029166666666666667
15 0.47578125 0.48375 0.018229166666666668 0.0175
4 0.5984375 0.43125 0.03333333333333333 0.014166666666666666
4 0.24244791666666668 0.5041666666666667 0.0703125 0.06
2 0.16666666666666666 0.5195833333333333 0.08229166666666667 0.06416666666666666
2 0.012760416666666666 0.5983333333333334 0.025520833333333333 0.04666666666666667