2 0.8361979166666667 0.49041666666666667 0.11197916666666667 0.07083333333333333
4 0.6934895833333333 0.4508333333333333 0.06510416666666667 0.058333333333333334
4 0.7822916666666667 0.44958333333333333 0.09166666666666666 0.059166666666666666
2 0.54765625 0.42291666666666666 0.0484375 0.0325
2 0.4747395833333333 0.43041666666666667 0.0328125 0.0125
4 0.3497395833333333 0.57875 0.09322916666666667 0.09916666666666667
4 0.18723958333333332 0.6916666666666667 0.16614583333333333 0.16666666666666666
2 0.0140625 0.8579166666666667 0.028125 0.2375
2 0.026822916666666665 0.7745833333333333 0.05364583333333333 0.20583333333333334
2 0.18802083333333333 0.63125 0.13541666666666666 0.11916666666666667
2 0.33515625 0.545 0.08802083333333334 0.075
3 0.19479166666666667 0.5175 0.09895833333333333 0.08333333333333333
2 0.13489583333333333 0.53875 0.03958333333333333 0.029166666666666667
3 0.021875 0.61 0.04375 0.08333333333333333
15 0.9158854166666667 0.6566666666666666 0.0421875 0.05333333333333334
15 0.4192708333333333 0.4716666666666667 0.021875 0.015
15 0.45208333333333334 0.4675 0.017708333333333333 0.015
13 0.46171875 0.4625 0.0234375 0.02
13 0.35885416666666664 0.44583333333333336 0.015625 0.013333333333333334
15 0.4036458333333333 0.44666666666666666 0.014583333333333334 0.011666666666666667