2 0.6971354166666667 0.51 0.021354166666666667 0.043333333333333335
4 0.4869791666666667 0.5104166666666666 0.078125 0.05416666666666667
11 0.9026041666666667 0.7095833333333333 0.19479166666666667 0.2275
0 0.6869791666666667 0.7295833333333334 0.14166666666666666 0.1175
4 0.4830729166666667 0.7370833333333333 0.16927083333333334 0.13083333333333333
2 0.5518229166666667 0.6570833333333334 0.1453125 0.1025
2 0.21041666666666667 0.7408333333333333 0.20208333333333334 0.13333333333333333
5 0.09114583333333333 0.6195833333333334 0.18229166666666666 0.1275
6 0.8674479166666667 0.54875 0.1109375 0.0875
4 0.7473958333333334 0.5633333333333334 0.10104166666666667 0.07166666666666667
2 0.6057291666666667 0.5345833333333333 0.090625 0.0575
2 0.57578125 0.5741666666666667 0.09947916666666666 0.07666666666666666
3 0.471875 0.5391666666666667 0.08333333333333333 0.06166666666666667
2 0.40963541666666664 0.5795833333333333 0.11510416666666666 0.0825
2 0.3572916666666667 0.5445833333333333 0.09375 0.06916666666666667
5 0.18671875 0.5375 0.14635416666666667 0.08
2 0.24401041666666667 0.58375 0.1234375 0.07916666666666666
2 0.7494791666666667 0.5308333333333334 0.078125 0.04666666666666667