1 0.9302083333333333 0.74 0.13958333333333334 0.11666666666666667
2 0.9005208333333333 0.665 0.16770833333333332 0.09333333333333334
2 0.68671875 0.65375 0.1421875 0.09583333333333334
2 0.6463541666666667 0.7179166666666666 0.175 0.12083333333333333
1 0.8143229166666667 0.5579166666666666 0.08385416666666666 0.0625
4 0.8153645833333333 0.5291666666666667 0.09322916666666667 0.051666666666666666
12 0.7 0.5220833333333333 0.10416666666666667 0.06583333333333333
4 0.61953125 0.5716666666666667 0.1015625 0.07666666666666666
2 0.5369791666666667 0.5366666666666666 0.09166666666666666 0.06
2 0.40677083333333336 0.5454166666666667 0.08645833333333333 0.0675
2 0.4348958333333333 0.58125 0.10104166666666667 0.07916666666666666
2 0.27760416666666665 0.5541666666666667 0.11145833333333334 0.043333333333333335
4 0.203125 0.5854166666666667 0.12395833333333334 0.08083333333333333
2 0.05703125 0.5925 0.1140625 0.085
2 0.08203125 0.5570833333333334 0.1296875 0.05416666666666667
2 0.005729166666666666 0.5554166666666667 0.011458333333333333 0.0725
2 0.42942708333333335 0.7529166666666667 0.17135416666666667 0.2025