4 1.0 0.80875 0.0 0.1975
13 0.90078125 0.9654166666666667 0.15989583333333332 0.06916666666666667
2 0.7395833333333334 0.6558333333333334 0.14791666666666667 0.09666666666666666
4 0.415625 0.6483333333333333 0.12916666666666668 0.1
4 0.7325520833333333 0.5283333333333333 0.0984375 0.06
0 0.67421875 0.5558333333333333 0.0890625 0.07666666666666666
2 0.51875 0.5416666666666666 0.08333333333333333 0.06833333333333333
2 0.40338541666666666 0.585 0.11197916666666667 0.08
2 0.16015625 0.5508333333333333 0.12135416666666667 0.07166666666666667
4 0.054947916666666666 0.58875 0.10989583333333333 0.0975
2 0.040625 0.5379166666666667 0.08125 0.06583333333333333