1 0.9302083333333333 0.74 0.13958333333333334 0.11666666666666667
2 0.9005208333333333 0.665 0.16770833333333332 0.09333333333333334
2 0.68671875 0.65375 0.1421875 0.09583333333333334
2 0.64609375 0.7179166666666666 0.17447916666666666 0.12083333333333333
1 0.8143229166666667 0.5579166666666666 0.08385416666666666 0.0625
4 0.8151041666666666 0.5295833333333333 0.09270833333333334 0.0525
12 0.6986979166666667 0.5220833333333333 0.1015625 0.06583333333333333
4 0.61953125 0.5725 0.1015625 0.07666666666666666
2 0.5369791666666667 0.5366666666666666 0.09166666666666666 0.06
2 0.40677083333333336 0.5454166666666667 0.08645833333333333 0.0675
2 0.4348958333333333 0.58125 0.10104166666666667 0.07916666666666666
2 0.27760416666666665 0.55375 0.11145833333333334 0.04416666666666667
4 0.20286458333333332 0.58625 0.12447916666666667 0.0825
2 0.05703125 0.5929166666666666 0.1140625 0.0825
2 0.08203125 0.5570833333333334 0.1296875 0.05416666666666667
2 0.00546875 0.5554166666666667 0.0109375 0.07083333333333333
2 0.35234375 0.7954166666666667 0.16510416666666666 0.2708333333333333