11 0.30390625 0.5908333333333333 0.2671875 0.22333333333333333
2 0.053385416666666664 0.8020833333333334 0.10677083333333333 0.19916666666666666
2 0.5705729166666667 0.44583333333333336 0.05260416666666667 0.041666666666666664
15 0.32526041666666666 0.44375 0.0109375 0.0075
2 0.21979166666666666 0.51875 0.08541666666666667 0.06583333333333333
15 0.57734375 0.5416666666666666 0.022395833333333334 0.021666666666666667
15 0.54296875 0.49875 0.0234375 0.0175
15 0.5518229166666667 0.49875 0.025520833333333333 0.0175
15 0.5028645833333333 0.5058333333333334 0.03177083333333333 0.03666666666666667
15 0.45390625 0.4979166666666667 0.0203125 0.019166666666666665
15 0.46171875 0.49041666666666667 0.027604166666666666 0.0125
15 0.47552083333333334 0.48291666666666666 0.01875 0.0125
2 0.016666666666666666 0.6220833333333333 0.03333333333333333 0.08416666666666667
2 0.13645833333333332 0.5370833333333334 0.03958333333333333 0.020833333333333332