6 0.9942708333333333 0.50625 0.011458333333333333 0.16083333333333333
3 0.8833333333333333 0.5195833333333333 0.23333333333333334 0.1475
2 0.6536458333333334 0.51875 0.17604166666666668 0.12583333333333332
2 0.8768229166666667 0.34625 0.12552083333333333 0.07416666666666667
2 0.73125 0.3541666666666667 0.12291666666666666 0.07666666666666666
2 0.8197916666666667 0.30666666666666664 0.10104166666666667 0.06666666666666667
3 0.5372395833333333 0.3566666666666667 0.1296875 0.10166666666666667
3 0.9583333333333334 0.43 0.08333333333333333 0.12
3 0.11458333333333333 0.37 0.16875 0.10166666666666667
2 0.628125 0.31833333333333336 0.10520833333333333 0.06666666666666667
0 0.4708333333333333 0.32166666666666666 0.07083333333333333 0.06333333333333334