4 0.8755208333333333 0.5183333333333333 0.18645833333333334 0.125
2 1.0 0.54125 0.0 0.14083333333333334
3 0.5307291666666667 0.52125 0.19479166666666667 0.1475
0 0.44427083333333334 0.445 0.11041666666666666 0.09833333333333333
2 0.72421875 0.44458333333333333 0.16510416666666666 0.1075
4 0.165625 0.44333333333333336 0.15416666666666667 0.10333333333333333
2 0.26848958333333334 0.3770833333333333 0.1390625 0.09083333333333334
4 0.6486979166666667 0.35291666666666666 0.1203125 0.08083333333333333
4 0.032552083333333336 0.3804166666666667 0.06510416666666667 0.09083333333333334
2 0.08333333333333333 0.3441666666666667 0.128125 0.07833333333333334
4 0.24661458333333333 0.33708333333333335 0.12135416666666667 0.08583333333333333
2 0.45598958333333334 0.32875 0.1015625 0.06916666666666667
0 0.7971354166666667 0.31708333333333333 0.09010416666666667 0.0625
4 0.0203125 0.4375 0.040625 0.11833333333333333