2 0.3963541666666667 0.51125 0.07708333333333334 0.06916666666666667
4 0.4036458333333333 0.5454166666666667 0.090625 0.08916666666666667
4 0.18671875 0.6858333333333333 0.17552083333333332 0.18
4 0.16692708333333334 0.6329166666666667 0.14947916666666666 0.14083333333333334
2 0.9427083333333334 0.60375 0.11458333333333333 0.11083333333333334
15 1.0 0.7533333333333333 0.0 0.095
2 0.8302083333333333 0.57875 0.12916666666666668 0.1025
0 1.0 0.6883333333333334 0.0 0.215
15 0.68671875 0.4820833333333333 0.024479166666666666 0.0225
15 0.7057291666666666 0.5125 0.022916666666666665 0.021666666666666667
15 0.69765625 0.5125 0.021354166666666667 0.02
15 0.7760416666666666 0.49666666666666665 0.03125 0.03
15 0.7369791666666666 0.4970833333333333 0.026041666666666668 0.024166666666666666
15 0.7377604166666667 0.4975 0.034895833333333334 0.025
0 0.028125 0.84875 0.05625 0.2275
2 0.17916666666666667 0.5329166666666667 0.07916666666666666 0.0675
2 0.14270833333333333 0.52625 0.06875 0.0575
2 0.016145833333333335 0.6375 0.03229166666666667 0.11833333333333333
2 0.6380208333333334 0.69625 0.16041666666666668 0.13916666666666666
2 0.3651041666666667 0.7508333333333334 0.14479166666666668 0.12
15 0.71015625 0.7608333333333334 0.0171875 0.03833333333333333