3 0.9984375 0.5083333333333333 0.003125 0.14166666666666666
2 0.8830729166666667 0.5179166666666667 0.2171875 0.12416666666666666
4 0.6299479166666667 0.5166666666666667 0.20052083333333334 0.14166666666666666
4 0.9036458333333334 0.44125 0.19270833333333334 0.1125
4 0.6630208333333333 0.43875 0.15833333333333333 0.11583333333333333
2 0.915625 0.34291666666666665 0.10625 0.06916666666666667
4 0.7653645833333333 0.3516666666666667 0.1203125 0.065
2 0.5815104166666667 0.3645833333333333 0.11197916666666667 0.08583333333333333
6 0.8588541666666667 0.2941666666666667 0.14166666666666666 0.08833333333333333
2 0.6731770833333334 0.32416666666666666 0.09739583333333333 0.075
2 0.5161458333333333 0.32666666666666666 0.096875 0.06
4 0.26979166666666665 0.37 0.13020833333333334 0.09
4 0.08098958333333334 0.3745833333333333 0.15989583333333332 0.10416666666666667
4 0.78125 0.29583333333333334 0.03125 0.05
2 0.7015625 0.2920833333333333 0.08958333333333333 0.05583333333333333