2 0.84453125 0.3125 0.0984375 0.06666666666666667
4 0.70859375 0.31708333333333333 0.11510416666666666 0.08083333333333333
2 0.56328125 0.33125 0.0984375 0.06416666666666666
3 0.41510416666666666 0.3179166666666667 0.10833333333333334 0.0825
2 0.9559895833333333 0.3545833333333333 0.043229166666666666 0.059166666666666666
0 0.825 0.34708333333333335 0.103125 0.0725
2 0.6421875 0.36333333333333334 0.12291666666666666 0.08666666666666667
0 0.253125 0.33666666666666667 0.10833333333333334 0.08166666666666667
2 0.41796875 0.3720833333333333 0.12447916666666667 0.08916666666666667
4 0.06432291666666666 0.34 0.12864583333333332 0.08166666666666667
4 0.21510416666666668 0.3745833333333333 0.13645833333333332 0.09083333333333334
2 0.06015625 0.3904166666666667 0.1203125 0.10083333333333333
14 0.4895833333333333 0.6483333333333333 0.053125 0.10666666666666667