4 0.32473958333333336 0.5416666666666666 0.0734375 0.07833333333333334
4 0.18958333333333333 0.6254166666666666 0.12395833333333334 0.1225
2 0.021614583333333333 0.7904166666666667 0.043229166666666666 0.2175
6 0.35078125 0.5725 0.11302083333333333 0.11166666666666666
3 0.19348958333333333 0.6841666666666667 0.17135416666666667 0.17666666666666667
2 0.0 0.8608333333333333 0.0 0.17333333333333334
13 0.4822916666666667 0.5191666666666667 0.04895833333333333 0.03666666666666667
2 0.21276041666666667 0.5145833333333333 0.08489583333333334 0.07083333333333333
1 0.021614583333333333 0.6091666666666666 0.025520833333333333 0.043333333333333335
2 0.125 0.5383333333333333 0.017708333333333333 0.018333333333333333
15 0.7510416666666667 0.5041666666666667 0.021875 0.023333333333333334
5 0.7963541666666667 0.46458333333333335 0.11458333333333333 0.07416666666666667
2 0.9502604166666667 0.4775 0.09947916666666666 0.06333333333333334
15 0.6986979166666667 0.6091666666666666 0.0421875 0.04
15 0.6942708333333333 0.6325 0.04583333333333333 0.04833333333333333
13 0.32578125 0.42875 0.009895833333333333 0.005833333333333334
3 0.17109375 0.46 0.050520833333333334 0.03833333333333333