4 0.11692708333333333 0.5483333333333333 0.12447916666666667 0.075
2 0.06692708333333333 0.5995833333333334 0.13385416666666666 0.07416666666666667
4 0.25234375 0.5470833333333334 0.1140625 0.07083333333333333
2 0.24921875 0.585 0.13072916666666667 0.08333333333333333
4 0.3796875 0.5104166666666666 0.08229166666666667 0.06416666666666666
0 0.5104166666666666 0.5158333333333334 0.07083333333333333 0.035
5 0.6184895833333334 0.5091666666666667 0.09427083333333333 0.06166666666666667
4 0.7463541666666667 0.4995833333333333 0.078125 0.07083333333333333
2 0.4432291666666667 0.5425 0.09375 0.065
2 0.43854166666666666 0.5758333333333333 0.10104166666666667 0.07666666666666666
4 0.6072916666666667 0.5695833333333333 0.103125 0.07083333333333333
2 0.7421875 0.5745833333333333 0.09791666666666667 0.04583333333333333
2 0.8671875 0.5591666666666667 0.10520833333333333 0.06833333333333333
2 0.7994791666666666 0.53375 0.07604166666666666 0.05416666666666667
2 0.25078125 0.6483333333333333 0.1484375 0.09833333333333333
2 0.46171875 0.6508333333333334 0.14322916666666666 0.095
2 0.6953125 0.65625 0.15208333333333332 0.09583333333333334
4 0.8888020833333333 0.6545833333333333 0.17239583333333333 0.10416666666666667
0 0.078125 0.7341666666666666 0.15625 0.12