5 0.315625 0.5983333333333334 0.12916666666666668 0.12833333333333333
3 0.10520833333333333 0.7358333333333333 0.21041666666666667 0.21833333333333332
2 0.29270833333333335 0.5641666666666667 0.103125 0.1
2 0.08098958333333334 0.68875 0.16197916666666667 0.15416666666666667
3 0.20859375 0.5166666666666667 0.08697916666666666 0.075
4 0.14322916666666666 0.5308333333333334 0.053125 0.025
2 0.0078125 0.6120833333333333 0.015625 0.10583333333333333
2 0.91640625 0.48625 0.13385416666666666 0.09083333333333334
4 0.6458333333333334 0.4529166666666667 0.06145833333333333 0.025833333333333333
2 0.5833333333333334 0.41875 0.04583333333333333 0.0275
13 0.34661458333333334 0.445 0.015104166666666667 0.01
15 0.42239583333333336 0.49 0.013541666666666667 0.016666666666666666
15 0.48151041666666666 0.46125 0.0109375 0.009166666666666667
15 0.4908854166666667 0.47583333333333333 0.0109375 0.013333333333333334
15 0.4744791666666667 0.49916666666666665 0.023958333333333335 0.02666666666666667
15 0.46484375 0.49833333333333335 0.0171875 0.02
15 0.5 0.505 0.0125 0.018333333333333333
15 0.44375 0.5116666666666667 0.021875 0.02
13 0.45078125 0.43291666666666667 0.0171875 0.010833333333333334
13 0.7104166666666667 0.51625 0.04583333333333333 0.0325