5 1.0 0.5008333333333334 0.0 0.18
2 0.2890625 0.45125 0.165625 0.1125
2 0.5828125 0.44916666666666666 0.15520833333333334 0.105
2 0.8005208333333333 0.45 0.175 0.10333333333333333
4 0.9635416666666666 0.44333333333333336 0.07291666666666667 0.1
2 0.7424479166666667 0.35625 0.1171875 0.07083333333333333
1 0.5411458333333333 0.3625 0.11666666666666667 0.09166666666666666
11 0.22786458333333334 0.34291666666666665 0.35989583333333336 0.16083333333333333
2 0.0265625 0.37 0.053125 0.07833333333333334
2 0.7864583333333334 0.31916666666666665 0.115625 0.06833333333333333
13 0.8942708333333333 0.3154166666666667 0.05 0.019166666666666665
11 0.05703125 0.4891666666666667 0.1140625 0.23666666666666666