15 0.6106770833333334 0.4979166666666667 0.018229166666666668 0.019166666666666665
15 0.5994791666666667 0.4979166666666667 0.016666666666666666 0.0175
15 0.5700520833333333 0.5345833333333333 0.0296875 0.024166666666666666
15 0.6536458333333334 0.4970833333333333 0.011458333333333333 0.014166666666666666
15 0.64921875 0.4975 0.0234375 0.018333333333333333
2 0.20208333333333334 0.5170833333333333 0.07604166666666666 0.06916666666666667
5 0.4109375 0.54 0.10104166666666667 0.09833333333333333
13 0.990625 0.4425 0.01875 0.021666666666666667
2 0.6119791666666666 0.4191666666666667 0.023958333333333335 0.043333333333333335
2 0.14244791666666667 0.5016666666666667 0.018229166666666668 0.01
15 1.0 0.86375 0.0 0.08416666666666667
15 0.9986979166666666 0.8454166666666667 0.0026041666666666665 0.0175