3 0.36614583333333334 0.5679166666666666 0.11145833333333334 0.10916666666666666
2 0.290625 0.565 0.10625 0.095
6 0.08802083333333334 0.7408333333333333 0.17604166666666668 0.24
15 0.5770833333333333 0.5408333333333334 0.021875 0.018333333333333333
15 0.56796875 0.5129166666666667 0.021354166666666667 0.015833333333333335
15 0.6559895833333333 0.5129166666666667 0.022395833333333334 0.0175
15 0.62421875 0.4970833333333333 0.013020833333333334 0.025833333333333333
3 0.43020833333333336 0.4404166666666667 0.0625 0.0375
0 0.6026041666666667 0.4295833333333333 0.04583333333333333 0.0375
4 0.8046875 0.425 0.08333333333333333 0.051666666666666666
2 0.88671875 0.42916666666666664 0.08489583333333334 0.043333333333333335
2 0.184375 0.5270833333333333 0.096875 0.07416666666666667
3 0.25104166666666666 0.46166666666666667 0.065625 0.05