15 0.6010416666666667 0.4970833333333333 0.021875 0.020833333333333332
15 0.6145833333333334 0.5041666666666667 0.027083333333333334 0.025
15 0.5395833333333333 0.51875 0.028125 0.029166666666666667
15 0.5786458333333333 0.5279166666666667 0.020833333333333332 0.020833333333333332
15 0.734375 0.4979166666666667 0.027083333333333334 0.0225
15 0.65703125 0.5195833333333333 0.033854166666666664 0.035833333333333335
4 0.3424479166666667 0.585 0.1015625 0.11
2 0.2682291666666667 0.5866666666666667 0.11041666666666666 0.105
4 0.184375 0.6879166666666666 0.15625 0.15916666666666668
1 0.23567708333333334 0.5054166666666666 0.0609375 0.05416666666666667
13 0.24401041666666667 0.4795833333333333 0.009895833333333333 0.0125
2 0.14192708333333334 0.5345833333333333 0.033854166666666664 0.0225
2 0.07473958333333333 0.6966666666666667 0.1296875 0.13333333333333333
4 1.0 0.75875 0.0 0.30416666666666664
12 0.515625 0.4170833333333333 0.0625 0.04083333333333333
4 0.9713541666666666 0.45208333333333334 0.057291666666666664 0.06583333333333333
2 1.0 0.50625 0.0 0.09416666666666666
2 0.70078125 0.435 0.058854166666666666 0.016666666666666666
15 0.6393229166666666 0.5195833333333333 0.0328125 0.030833333333333334
4 0.016145833333333335 0.6345833333333334 0.03229166666666667 0.10583333333333333