6 0.35104166666666664 0.5741666666666667 0.11145833333333334 0.11
0 0.32369791666666664 0.5420833333333334 0.07239583333333334 0.0775
4 0.190625 0.6275 0.12083333333333333 0.12
2 0.021875 0.7929166666666667 0.04375 0.2225
2 0.21380208333333334 0.5154166666666666 0.08072916666666667 0.0675
0 0.0234375 0.6091666666666666 0.03229166666666667 0.045
2 0.12473958333333333 0.5379166666666667 0.016145833333333335 0.0175
13 0.4822916666666667 0.52 0.046875 0.03833333333333333
13 0.5244791666666667 0.5366666666666666 0.040625 0.035
15 0.5494791666666666 0.5195833333333333 0.029166666666666667 0.019166666666666665
15 0.5953125 0.5045833333333334 0.029166666666666667 0.0175
15 0.58359375 0.5195833333333333 0.025520833333333333 0.0275
15 0.5578125 0.54 0.022916666666666665 0.025
15 0.62421875 0.535 0.028645833333333332 0.035
2 0.0 0.6758333333333333 0.0 0.07333333333333333
11 0.7471354166666667 0.40375 0.15260416666666668 0.07416666666666667
4 0.9864583333333333 0.44166666666666665 0.027083333333333334 0.028333333333333332