4 0.31692708333333336 0.5216666666666666 0.1984375 0.14
3 0.6302083333333334 0.5179166666666667 0.20833333333333334 0.14416666666666667
4 0.6635416666666667 0.44166666666666665 0.16041666666666668 0.11166666666666666
2 0.88203125 0.51875 0.21614583333333334 0.12416666666666666
3 0.9057291666666667 0.4345833333333333 0.18854166666666666 0.11083333333333334
3 1.0 0.50625 0.0 0.1475
5 0.8580729166666666 0.2966666666666667 0.13697916666666668 0.08166666666666667
2 0.9221354166666667 0.3433333333333333 0.12135416666666667 0.075
2 0.67265625 0.32125 0.0921875 0.059166666666666666
4 0.765625 0.3525 0.12604166666666666 0.065
2 0.5815104166666667 0.36291666666666667 0.1109375 0.08416666666666667
2 0.5151041666666667 0.3279166666666667 0.09895833333333333 0.0625
4 0.39609375 0.3641666666666667 0.1171875 0.09166666666666666
4 0.3497395833333333 0.32708333333333334 0.11302083333333333 0.0825
2 0.1890625 0.34125 0.12604166666666666 0.0725
4 0.07942708333333333 0.3745833333333333 0.15885416666666666 0.09583333333333334
2 0.40182291666666664 0.4404166666666667 0.1546875 0.10416666666666667
2 0.0 0.3825 0.0 0.085