1 0.39114583333333336 0.5608333333333333 0.084375 0.09
4 0.3104166666666667 0.5595833333333333 0.096875 0.09083333333333334
2 0.2609375 0.64625 0.14479166666666668 0.14916666666666667
4 0.0640625 0.7175 0.128125 0.17
2 0.0 0.8975 0.0 0.205
13 0.11848958333333333 0.7433333333333333 0.09947916666666666 0.1
0 0.21796875 0.51375 0.0703125 0.059166666666666666
2 0.12942708333333333 0.5458333333333333 0.015104166666666667 0.011666666666666667
15 0.5635416666666667 0.5175 0.029166666666666667 0.02666666666666667
15 0.6109375 0.4979166666666667 0.021875 0.034166666666666665
13 0.6729166666666667 0.49833333333333335 0.03229166666666667 0.028333333333333332