4 0.14973958333333334 0.6141666666666666 0.2390625 0.18
2 0.030989583333333334 0.4479166666666667 0.06197916666666667 0.10416666666666667
4 0.74296875 0.25458333333333333 0.0703125 0.0375
2 0.7997395833333333 0.2725 0.07239583333333334 0.075
2 0.325 0.5275 0.17916666666666667 0.12
0 0.6442708333333333 0.5229166666666667 0.171875 0.1375
4 0.8880208333333334 0.5166666666666667 0.22395833333333334 0.145
2 1.0 0.53375 0.0 0.13083333333333333
2 0.9580729166666667 0.44625 0.08385416666666666 0.10083333333333333
3 0.771875 0.4379166666666667 0.18333333333333332 0.11083333333333334
2 0.54765625 0.4429166666666667 0.15052083333333333 0.09916666666666667
4 0.2171875 0.4395833333333333 0.16666666666666666 0.10416666666666667
4 0.36302083333333335 0.36666666666666664 0.11875 0.09166666666666666
2 0.5901041666666667 0.36833333333333335 0.125 0.075
2 0.7317708333333334 0.35541666666666666 0.109375 0.06583333333333333
3 0.921875 0.33375 0.14791666666666667 0.08916666666666667
4 0.7692708333333333 0.3120833333333333 0.12291666666666666 0.08083333333333333
2 0.6205729166666667 0.325 0.10677083333333333 0.06833333333333333
2 0.4578125 0.3325 0.10416666666666667 0.07333333333333333
0 0.0625 0.3854166666666667 0.125 0.07916666666666666