11 0.88515625 0.49083333333333334 0.2296875 0.24666666666666667
4 0.8236979166666667 0.4270833333333333 0.1234375 0.08916666666666667
2 0.8799479166666667 0.3416666666666667 0.12239583333333333 0.08333333333333333
6 0.8463541666666666 0.29333333333333333 0.13541666666666666 0.09
2 0.6848958333333334 0.35541666666666666 0.128125 0.08416666666666667
4 0.6598958333333333 0.3120833333333333 0.11666666666666667 0.08083333333333333
4 0.5265625 0.35791666666666666 0.115625 0.08916666666666667
13 0.4119791666666667 0.35333333333333333 0.04791666666666667 0.043333333333333335
2 0.5919270833333333 0.5329166666666667 0.1890625 0.1475
2 0.6265625 0.43916666666666665 0.15520833333333334 0.12
6 0.2526041666666667 0.47541666666666665 0.296875 0.2175
2 0.0421875 0.5283333333333333 0.084375 0.12333333333333334
4 0.1296875 0.34208333333333335 0.13645833333333332 0.08583333333333333