4 0.9096354166666667 0.44083333333333335 0.17864583333333334 0.105
0 1.0 0.9529166666666666 0.0 0.09416666666666666
2 0.5708333333333333 0.5133333333333333 0.16875 0.125
0 0.9268229166666667 0.33958333333333335 0.12135416666666667 0.07083333333333333
0 0.8091145833333333 0.5216666666666666 0.16197916666666667 0.12
2 0.9880208333333333 0.52625 0.023958333333333335 0.14083333333333334
4 0.5135416666666667 0.32666666666666666 0.10625 0.085
0 0.20416666666666666 0.3729166666666667 0.12708333333333333 0.0875
13 0.9283854166666666 0.77125 0.14322916666666666 0.12583333333333332
2 0.7442708333333333 0.35 0.12604166666666666 0.08333333333333333
0 0.3671875 0.365 0.09479166666666666 0.07833333333333334
2 0.17291666666666666 0.34708333333333335 0.13020833333333334 0.06416666666666666
2 0.034895833333333334 0.3441666666666667 0.06979166666666667 0.07666666666666666
2 0.5838541666666667 0.36125 0.115625 0.0875
4 0.66171875 0.31958333333333333 0.1046875 0.07083333333333333
4 1.0 0.43833333333333335 0.0 0.10333333333333333
4 0.33880208333333334 0.33166666666666667 0.11197916666666667 0.08
2 1.0 0.8554166666666667 0.0 0.20916666666666667
2 0.6984375 0.45375 0.16979166666666667 0.10583333333333333
4 0.33229166666666665 0.44625 0.14583333333333334 0.10916666666666666
2 0.004427083333333333 0.45875 0.008854166666666666 0.11083333333333334
3 0.30442708333333335 0.5154166666666666 0.2046875 0.1475
2 0.05911458333333333 0.3858333333333333 0.11822916666666666 0.09
2 0.8067708333333333 0.31916666666666665 0.09270833333333334 0.055