13 0.9286458333333333 0.7745833333333333 0.14270833333333333 0.1425
2 0.028645833333333332 0.5245833333333333 0.057291666666666664 0.12083333333333333
4 0.24479166666666666 0.5266666666666666 0.209375 0.14
4 0.5830729166666667 0.5179166666666667 0.19947916666666668 0.15416666666666667
4 0.8330729166666667 0.5283333333333333 0.18802083333333333 0.125
2 0.9645833333333333 0.4475 0.07083333333333333 0.09166666666666666
4 0.5880208333333333 0.44875 0.16458333333333333 0.1275
2 0.26458333333333334 0.4479166666666667 0.17291666666666666 0.10583333333333333
2 0.07057291666666667 0.44875 0.14114583333333333 0.10416666666666667
2 0.06484375 0.38166666666666665 0.1296875 0.09
4 0.24609375 0.37375 0.13489583333333333 0.09416666666666666
2 0.45703125 0.3729166666666667 0.12239583333333333 0.08916666666666667
2 0.6473958333333333 0.3545833333333333 0.12291666666666666 0.0825
4 0.7934895833333333 0.3541666666666667 0.1078125 0.07666666666666666
2 0.9369791666666667 0.3425 0.11770833333333333 0.07166666666666667
6 0.75625 0.3075 0.12708333333333333 0.07833333333333334
2 0.5630208333333333 0.3258333333333333 0.09895833333333333 0.07166666666666667
6 0.39114583333333336 0.3125 0.12291666666666666 0.09166666666666666
4 0.22239583333333332 0.32875 0.115625 0.07916666666666666
13 0.8328125 0.4295833333333333 0.09166666666666666 0.0625
2 1.0 0.855 0.0 0.19833333333333333