2 0.47630208333333335 0.5104166666666666 0.06927083333333334 0.06916666666666667
4 0.30625 0.5575 0.10625 0.10166666666666667
2 0.1265625 0.6691666666666667 0.128125 0.12833333333333333
2 0.171875 0.70125 0.16458333333333333 0.15916666666666668
15 0.575 0.5258333333333334 0.021875 0.02
15 0.5783854166666667 0.51125 0.0203125 0.019166666666666665
15 0.596875 0.48291666666666666 0.016666666666666666 0.015833333333333335
15 0.6263020833333334 0.49833333333333335 0.021354166666666667 0.016666666666666666
0 0.20234375 0.51875 0.0703125 0.0625
2 0.14557291666666666 0.5283333333333333 0.0671875 0.041666666666666664
2 0.011979166666666667 0.6029166666666667 0.023958333333333335 0.08416666666666667
15 0.8447916666666667 0.6591666666666667 0.034375 0.06166666666666667
2 0.5177083333333333 0.41791666666666666 0.04583333333333333 0.010833333333333334
2 0.603125 0.4091666666666667 0.036458333333333336 0.011666666666666667
4 0.7174479166666666 0.41583333333333333 0.05572916666666667 0.035
6 0.8625 0.40958333333333335 0.09791666666666667 0.0575
11 1.0 0.45 0.0 0.15
2 0.4440104166666667 0.4175 0.050520833333333334 0.018333333333333333
2 0.3770833333333333 0.4220833333333333 0.04791666666666667 0.030833333333333334
13 0.27265625 0.44875 0.0265625 0.010833333333333334
5 0.18932291666666667 0.46958333333333335 0.09010416666666667 0.05583333333333333
5 0.3177083333333333 0.43125 0.05520833333333333 0.04083333333333333
4 0.2390625 0.45666666666666667 0.01875 0.01