13 0.4630208333333333 0.5266666666666666 0.03958333333333333 0.03666666666666667
4 0.36822916666666666 0.5754166666666667 0.09895833333333333 0.09916666666666667
2 0.3265625 0.5458333333333333 0.09479166666666666 0.09
2 0.17239583333333333 0.6345833333333334 0.1375 0.1275
2 0.03177083333333333 0.7829166666666667 0.06354166666666666 0.21083333333333334
4 0.20442708333333334 0.5220833333333333 0.07864583333333333 0.06416666666666666
2 0.14270833333333333 0.535 0.03854166666666667 0.02
5 0.07135416666666666 0.5625 0.14270833333333333 0.11
2 0.0067708333333333336 0.6175 0.013541666666666667 0.11166666666666666
2 0.69140625 0.46125 0.0796875 0.06416666666666666
2 0.9752604166666666 0.45208333333333334 0.049479166666666664 0.06583333333333333
15 0.4432291666666667 0.4683333333333333 0.01875 0.01
15 0.44947916666666665 0.46125 0.0125 0.014166666666666666
15 0.4109375 0.4691666666666667 0.021875 0.02
15 0.43333333333333335 0.45375 0.01875 0.014166666666666666
15 0.4197916666666667 0.45958333333333334 0.013541666666666667 0.0175
15 0.4205729166666667 0.4529166666666667 0.019270833333333334 0.005833333333333334
15 0.4041666666666667 0.46125 0.0125 0.010833333333333334
15 0.36276041666666664 0.46 0.011979166666666667 0.015
15 0.4278645833333333 0.44666666666666666 0.009895833333333333 0.01
15 0.4669270833333333 0.44666666666666666 0.011979166666666667 0.016666666666666666
15 0.4002604166666667 0.43916666666666665 0.0026041666666666665 0.006666666666666667
15 0.40677083333333336 0.43166666666666664 0.010416666666666666 0.01
2 1.0 0.89625 0.0 0.17083333333333334
15 0.40234375 0.43125 0.008854166666666666 0.0075
6 0.008072916666666667 0.5275 0.016145833333333335 0.10833333333333334
2 0.7192708333333333 0.3929166666666667 0.046875 0.025833333333333333