3 0.5822916666666667 0.5170833333333333 0.19791666666666666 0.14916666666666667
4 0.8411458333333334 0.5291666666666667 0.18854166666666666 0.12333333333333334
3 0.7770833333333333 0.44625 0.190625 0.11916666666666667
2 0.4544270833333333 0.4483333333333333 0.15260416666666668 0.105
4 0.26666666666666666 0.5254166666666666 0.20520833333333333 0.1375
2 0.20260416666666667 0.45416666666666666 0.16979166666666667 0.095
2 0.051041666666666666 0.5254166666666666 0.10208333333333333 0.1275
2 0.005729166666666666 0.4525 0.011458333333333333 0.08666666666666667
2 0.06510416666666667 0.38166666666666665 0.13020833333333334 0.08833333333333333
2 0.015104166666666667 0.3441666666666667 0.030208333333333334 0.07166666666666667
2 0.14713541666666666 0.34541666666666665 0.0640625 0.06916666666666667
4 0.246875 0.3729166666666667 0.134375 0.09416666666666666
4 0.3184895833333333 0.3308333333333333 0.10885416666666667 0.08
2 0.45703125 0.3720833333333333 0.12239583333333333 0.08583333333333333
5 0.4744791666666667 0.31125 0.121875 0.10083333333333333
2 0.6479166666666667 0.3545833333333333 0.12395833333333334 0.07916666666666666
2 0.6455729166666667 0.32 0.1015625 0.07166666666666667
4 0.7953125 0.3545833333333333 0.11041666666666666 0.07583333333333334
5 0.78203125 0.3070833333333333 0.1328125 0.08416666666666667
2 0.9369791666666667 0.34208333333333335 0.11770833333333333 0.07083333333333333
2 0.9723958333333333 0.4475 0.05520833333333333 0.11833333333333333
13 0.9291666666666667 0.7729166666666667 0.14166666666666666 0.12916666666666668
2 1.0 0.8558333333333333 0.0 0.19166666666666668