3 0.36875 0.5175 0.084375 0.08
3 0.32916666666666666 0.59375 0.12083333333333333 0.12083333333333333
2 0.23828125 0.6008333333333333 0.10260416666666666 0.1
13 0.13697916666666668 0.6604166666666667 0.08125 0.0775
4 0.9661458333333334 0.44666666666666666 0.06770833333333333 0.07
11 0.7114583333333333 0.4525 0.209375 0.12666666666666668
15 0.45286458333333335 0.48375 0.018229166666666668 0.0175
15 0.5458333333333333 0.475 0.010416666666666666 0.016666666666666666
15 0.5403645833333334 0.48333333333333334 0.0171875 0.018333333333333333
15 0.3296875 0.44416666666666665 0.0125 0.008333333333333333
15 0.3723958333333333 0.43083333333333335 0.009375 0.006666666666666667
15 0.3184895833333333 0.44375 0.013020833333333334 0.0125