15 0.8497395833333333 0.43333333333333335 0.019270833333333334 0.018333333333333333
15 0.7598958333333333 0.43916666666666665 0.013541666666666667 0.013333333333333334
15 0.6869791666666667 0.5133333333333333 0.027083333333333334 0.03
0 0.6036458333333333 0.44583333333333336 0.040625 0.041666666666666664
2 0.54296875 0.44375 0.049479166666666664 0.04583333333333333
13 0.9278645833333333 0.43875 0.04010416666666667 0.030833333333333334
2 0.9955729166666667 0.46416666666666667 0.008854166666666666 0.04
9 0.98515625 0.4266666666666667 0.0296875 0.09666666666666666
2 0.9645833333333333 0.425 0.029166666666666667 0.01
2 0.4473958333333333 0.5245833333333333 0.06875 0.0725
4 0.21901041666666668 0.6741666666666667 0.14427083333333332 0.14833333333333334
2 0.26536458333333335 0.5783333333333334 0.10989583333333333 0.105
0 0.378125 0.44166666666666665 0.035416666666666666 0.03833333333333333
2 0.1953125 0.5220833333333333 0.08541666666666667 0.0725
3 0.14635416666666667 0.5291666666666667 0.065625 0.03333333333333333
15 0.8130208333333333 0.43625 0.01875 0.0175