15 0.7442708333333333 0.5045833333333334 0.014583333333333334 0.0175
15 0.5408854166666667 0.5633333333333334 0.03697916666666667 0.03166666666666667
15 0.7348958333333333 0.6504166666666666 0.03958333333333333 0.0325
15 0.5752604166666667 0.5766666666666667 0.0296875 0.03166666666666667
15 0.5822916666666667 0.64125 0.042708333333333334 0.04083333333333333
15 0.6044270833333333 0.4979166666666667 0.0234375 0.020833333333333332
15 0.5140625 0.46125 0.011458333333333333 0.014166666666666666
4 0.2796875 0.56875 0.09270833333333334 0.0925
4 0.0984375 0.67875 0.15520833333333334 0.14416666666666667
4 0.18098958333333334 0.6958333333333333 0.1453125 0.15333333333333332
4 0.9348958333333334 0.5983333333333334 0.13020833333333334 0.10166666666666667
4 0.9994791666666667 0.5320833333333334 0.0010416666666666667 0.1175
4 0.58046875 0.42833333333333334 0.0390625 0.02
4 0.21692708333333333 0.5108333333333334 0.07864583333333333 0.06833333333333333
2 0.3533854166666667 0.5875 0.10364583333333334 0.105
2 0.12760416666666666 0.5383333333333333 0.030208333333333334 0.03333333333333333
2 0.9348958333333334 0.47208333333333335 0.11979166666666667 0.07416666666666667
2 1.0 0.41583333333333333 0.0 0.05