2 0.6359375 0.4429166666666667 0.04895833333333333 0.050833333333333335
4 0.4627604166666667 0.48 0.058854166666666666 0.058333333333333334
2 0.40625 0.55625 0.10625 0.10583333333333333
4 0.41328125 0.41875 0.04010416666666667 0.035833333333333335
4 0.29661458333333335 0.4741666666666667 0.06302083333333333 0.051666666666666666
13 0.7088541666666667 0.46416666666666667 0.03125 0.018333333333333333
15 0.74453125 0.4725 0.03802083333333333 0.025
15 0.7528645833333333 0.47208333333333335 0.0171875 0.014166666666666666
15 0.79609375 0.46166666666666667 0.027604166666666666 0.02
15 0.82734375 0.445 0.0328125 0.021666666666666667
15 0.8190104166666666 0.445 0.0296875 0.023333333333333334
15 0.4864583333333333 0.7466666666666667 0.0020833333333333333 0.015
15 0.7856770833333333 0.43 0.025520833333333333 0.015
2 0.2518229166666667 0.5925 0.10989583333333333 0.10333333333333333
13 0.08671875 0.6820833333333334 0.07760416666666667 0.07583333333333334
11 0.016666666666666666 0.8304166666666667 0.03333333333333333 0.33916666666666667