4 0.3098958333333333 0.5566666666666666 0.10520833333333333 0.09833333333333333
2 0.34010416666666665 0.5895833333333333 0.1 0.10083333333333333
4 0.17916666666666667 0.645 0.13854166666666667 0.12333333333333334
2 0.10234375 0.7470833333333333 0.20052083333333334 0.2025
6 0.18880208333333334 0.5120833333333333 0.10364583333333334 0.07916666666666666
4 0.9361979166666666 0.7325 0.12760416666666666 0.18166666666666667
15 0.6080729166666666 0.49666666666666665 0.0234375 0.02
15 0.5911458333333334 0.52125 0.026041666666666668 0.029166666666666667
15 0.58046875 0.5120833333333333 0.0203125 0.020833333333333332
15 0.5794270833333334 0.62375 0.03697916666666667 0.029166666666666667
15 0.615625 0.52625 0.022916666666666665 0.030833333333333334
2 1.0 0.785 0.0 0.23833333333333334
1 0.13177083333333334 0.53625 0.030208333333333334 0.0175
4 0.76328125 0.43583333333333335 0.0734375 0.05
2 0.8361979166666667 0.4216666666666667 0.0890625 0.045
2 1.0 0.4875 0.0 0.06833333333333333
4 1.0 0.455 0.0 0.058333333333333334