3 0.36796875 0.5141666666666667 0.08177083333333333 0.08166666666666667
3 0.32890625 0.5920833333333333 0.12135416666666667 0.1225
4 0.23828125 0.6020833333333333 0.1046875 0.10083333333333333
13 0.13723958333333333 0.6625 0.08177083333333333 0.08
15 0.5690104166666666 0.5354166666666667 0.0265625 0.030833333333333334
15 0.6072916666666667 0.5345833333333333 0.029166666666666667 0.015833333333333335
15 0.6322916666666667 0.5204166666666666 0.025 0.024166666666666666
4 0.31171875 0.44916666666666666 0.049479166666666664 0.023333333333333334
13 0.6380208333333334 0.49833333333333335 0.03958333333333333 0.035
2 0.7536458333333333 0.42625 0.052083333333333336 0.03916666666666667
11 0.7776041666666667 0.395 0.159375 0.06666666666666667