4 0.9763020833333333 0.5279166666666667 0.04739583333333333 0.13416666666666666
4 1.0 0.4379166666666667 0.0 0.09416666666666666
4 0.9453125 0.33791666666666664 0.109375 0.0725
2 0.8041666666666667 0.3516666666666667 0.121875 0.08
4 0.8067708333333333 0.3070833333333333 0.096875 0.04416666666666667
2 0.6630208333333333 0.3225 0.09895833333333333 0.043333333333333335
2 0.5330729166666667 0.3670833333333333 0.11614583333333334 0.08583333333333333
4 0.37161458333333336 0.36666666666666664 0.1203125 0.09166666666666666
2 0.1859375 0.37916666666666665 0.14895833333333333 0.095
2 0.48046875 0.33416666666666667 0.0796875 0.065
2 0.26328125 0.33666666666666667 0.1171875 0.08
2 0.09296875 0.3408333333333333 0.1421875 0.06666666666666667