2 0.9864583333333333 0.6645833333333333 0.027083333333333334 0.06416666666666666
2 0.9609375 0.7308333333333333 0.078125 0.12333333333333334
2 0.6830729166666667 0.745 0.1828125 0.135
2 0.25364583333333335 0.7291666666666666 0.18854166666666666 0.13
2 0.03046875 0.72625 0.0609375 0.1225
1 0.8583333333333333 0.5545833333333333 0.084375 0.06416666666666666
12 0.7377604166666667 0.525 0.11197916666666667 0.07
4 0.6322916666666667 0.5691666666666667 0.1 0.08166666666666667
2 0.5489583333333333 0.5358333333333334 0.090625 0.06166666666666667
2 0.471875 0.58 0.1 0.07833333333333334
2 0.4075520833333333 0.5454166666666667 0.08385416666666666 0.0675
2 0.28229166666666666 0.55375 0.09791666666666667 0.04416666666666667
4 0.24609375 0.5829166666666666 0.1171875 0.08083333333333333
2 0.09244791666666667 0.555 0.1203125 0.055
2 0.05859375 0.5929166666666666 0.1171875 0.08583333333333333
2 0.0049479166666666664 0.5533333333333333 0.009895833333333333 0.07
0 0.7013020833333333 0.6541666666666667 0.12864583333333332 0.09333333333333334