15 0.64296875 0.59625 0.033854166666666664 0.029166666666666667
15 0.56171875 0.5629166666666666 0.033854166666666664 0.0375
15 0.6067708333333334 0.49625 0.020833333333333332 0.015833333333333335
15 0.86953125 0.6941666666666667 0.059895833333333336 0.04833333333333333
6 0.36223958333333334 0.57 0.11197916666666667 0.11333333333333333
1 0.24270833333333333 0.5975 0.11041666666666666 0.10166666666666667
2 0.15963541666666667 0.7108333333333333 0.17135416666666667 0.17
2 0.06067708333333333 0.7254166666666667 0.12135416666666667 0.16916666666666666
11 0.9033854166666667 0.41083333333333333 0.19322916666666667 0.095
0 0.9890625 0.4575 0.021875 0.06333333333333334
0 0.17864583333333334 0.5304166666666666 0.08958333333333333 0.0725
15 0.6346354166666667 0.5045833333333334 0.03177083333333333 0.015833333333333335
15 0.6255208333333333 0.5120833333333333 0.023958333333333335 0.014166666666666666
15 0.621875 0.5041666666666667 0.029166666666666667 0.016666666666666666
2 0.016927083333333332 0.63125 0.033854166666666664 0.1175
2 0.0 0.7858333333333334 0.0 0.205