1 0.39114583333333336 0.56125 0.08541666666666667 0.08916666666666667
4 0.3106770833333333 0.5604166666666667 0.09635416666666667 0.0925
2 0.2604166666666667 0.6454166666666666 0.146875 0.15083333333333335
4 0.06380208333333333 0.7195833333333334 0.12760416666666666 0.1675
2 0.0 0.8975 0.0 0.205
13 0.11875 0.7429166666666667 0.09895833333333333 0.09916666666666667
0 0.21744791666666666 0.5145833333333333 0.0703125 0.060833333333333336
2 0.12942708333333333 0.54625 0.015104166666666667 0.010833333333333334
15 0.5643229166666667 0.52 0.028645833333333332 0.02666666666666667
15 0.6111979166666667 0.4979166666666667 0.022395833333333334 0.0375
13 0.6729166666666667 0.49833333333333335 0.03229166666666667 0.03