1 0.36223958333333334 0.57125 0.0765625 0.08416666666666667
4 0.3184895833333333 0.54625 0.08697916666666666 0.0825
3 0.209375 0.6654166666666667 0.16666666666666666 0.1725
3 0.19401041666666666 0.61 0.1046875 0.1
2 0.5174479166666667 0.72 0.1703125 0.15666666666666668
3 0.38723958333333336 0.44208333333333333 0.059895833333333336 0.04416666666666667
4 0.7622395833333333 0.4241666666666667 0.0734375 0.04666666666666667
2 0.5388020833333333 0.43333333333333335 0.04739583333333333 0.016666666666666666
15 0.53203125 0.5341666666666667 0.0296875 0.02
15 0.6104166666666667 0.5058333333333334 0.029166666666666667 0.016666666666666666
15 0.615625 0.4979166666666667 0.020833333333333332 0.0125
15 0.5677083333333334 0.52125 0.03333333333333333 0.0225
15 0.59765625 0.48291666666666666 0.0203125 0.0125
5 0.20729166666666668 0.5054166666666666 0.103125 0.08416666666666667
4 0.13776041666666666 0.5295833333333333 0.0609375 0.05583333333333333