4 0.18958333333333333 0.6270833333333333 0.125 0.1225
5 0.35078125 0.5741666666666667 0.11302083333333333 0.11333333333333333
4 0.32395833333333335 0.5433333333333333 0.07291666666666667 0.07666666666666666
13 0.5291666666666667 0.5429166666666667 0.029166666666666667 0.035833333333333335
9 0.9838541666666667 0.43125 0.03229166666666667 0.10583333333333333
13 0.925 0.44708333333333333 0.03229166666666667 0.0225
2 0.21692708333333333 0.5141666666666667 0.09010416666666667 0.07166666666666667
0 0.17760416666666667 0.4820833333333333 0.059375 0.0475
3 0.6783854166666666 0.42541666666666667 0.06197916666666667 0.04583333333333333
2 0.5950520833333334 0.4220833333333333 0.0265625 0.04416666666666667
2 0.019010416666666665 0.7954166666666667 0.03802083333333333 0.23083333333333333
0 0.02265625 0.6091666666666666 0.034895833333333334 0.05333333333333334
2 0.12473958333333333 0.5383333333333333 0.016145833333333335 0.018333333333333333