4 0.35 0.5779166666666666 0.09479166666666666 0.10083333333333333
4 0.18828125 0.6908333333333333 0.16822916666666668 0.175
2 0.01484375 0.855 0.0296875 0.22333333333333333
2 0.027604166666666666 0.7729166666666667 0.05520833333333333 0.2075
2 0.18984375 0.6333333333333333 0.1296875 0.11333333333333333
2 0.33541666666666664 0.5433333333333333 0.07916666666666666 0.07166666666666667
3 0.19453125 0.51625 0.09635416666666667 0.07416666666666667
2 0.13619791666666667 0.5366666666666666 0.04010416666666667 0.021666666666666667
2 0.011197916666666667 0.58875 0.022395833333333334 0.009166666666666667
4 0.14713541666666666 0.49583333333333335 0.0453125 0.051666666666666666
4 0.4708333333333333 0.4379166666666667 0.05416666666666667 0.0325
11 0.59375 0.37833333333333335 0.09166666666666666 0.04
15 0.6026041666666667 0.535 0.03229166666666667 0.021666666666666667
13 0.5515625 0.5208333333333334 0.042708333333333334 0.03333333333333333
15 0.64296875 0.4975 0.021354166666666667 0.02
15 0.7744791666666667 0.6995833333333333 0.05625 0.0625
2 0.6716145833333333 0.6454166666666666 0.1515625 0.1175
2 0.56796875 0.39458333333333334 0.0296875 0.029166666666666667
1 0.6893229166666667 0.4270833333333333 0.05364583333333333 0.0325
2 0.9630208333333333 0.45166666666666666 0.07395833333333333 0.058333333333333334
3 0.0171875 0.63 0.034375 0.11666666666666667
11 0.9830729166666666 0.4220833333333333 0.033854166666666664 0.1225