3 0.7520833333333333 0.7475 0.23645833333333333 0.185
0 0.9552083333333333 0.57875 0.08958333333333333 0.0925
2 0.99453125 0.44125 0.0109375 0.06416666666666666
4 1.0 0.6995833333333333 0.0 0.25083333333333335
2 0.7921875 0.465 0.09166666666666666 0.06666666666666667
13 0.3450520833333333 0.53125 0.050520833333333334 0.04416666666666667
15 0.6408854166666667 0.49666666666666665 0.015104166666666667 0.018333333333333333
4 0.16796875 0.5341666666666667 0.0890625 0.06666666666666667
2 0.004427083333333333 0.64625 0.008854166666666666 0.1075
2 0.0020833333333333333 0.62125 0.004166666666666667 0.0875
4 0.0 0.68125 0.0 0.08583333333333333