15 1.0 0.8929166666666667 0.0 0.17083333333333334
4 0.8182291666666667 0.26375 0.03958333333333333 0.07083333333333333
2 1.0 0.3125 0.0 0.0016666666666666668
2 1.0 0.3383333333333333 0.0 0.04
2 0.9138020833333333 0.32083333333333336 0.028645833333333332 0.051666666666666666
4 0.8153645833333333 0.34375 0.1234375 0.08083333333333333
2 0.5830729166666667 0.32208333333333333 0.09947916666666666 0.0675
2 0.5302083333333333 0.3641666666666667 0.12083333333333333 0.085
4 0.2643229166666667 0.32708333333333334 0.1265625 0.07583333333333334
2 0.23776041666666667 0.3779166666666667 0.1453125 0.0875
6 0.05807291666666667 0.315 0.11614583333333334 0.10666666666666667
3 0.025 0.3770833333333333 0.05 0.09583333333333334
2 0.76328125 0.24666666666666667 0.06510416666666667 0.016666666666666666