11 0.013020833333333334 0.83625 0.026041666666666668 0.3275
4 0.15416666666666667 0.7125 0.171875 0.17666666666666667
4 0.34661458333333334 0.5745833333333333 0.09427083333333333 0.1025
2 0.32578125 0.5495833333333333 0.0828125 0.07916666666666666
4 0.175 0.52625 0.07395833333333333 0.0625
2 0.12942708333333333 0.5375 0.028645833333333332 0.025
2 0.007552083333333333 0.61875 0.015104166666666667 0.11416666666666667
2 1.0 0.8991666666666667 0.0 0.19
15 0.54609375 0.5279166666666667 0.024479166666666666 0.0325
15 0.5333333333333333 0.53375 0.030208333333333334 0.025833333333333333
15 0.5825520833333333 0.4975 0.018229166666666668 0.025
15 0.7419270833333333 0.50375 0.0140625 0.019166666666666665
15 0.7307291666666667 0.49625 0.025 0.0225
15 0.7192708333333333 0.48875 0.035416666666666666 0.0225