9 0.3453125 0.5725 0.15833333333333333 0.14
5 0.10104166666666667 0.7416666666666667 0.20208333333333334 0.22333333333333333
2 0.20442708333333334 0.6170833333333333 0.1234375 0.11583333333333333
2 0.05390625 0.7379166666666667 0.1078125 0.1875
15 0.53515625 0.5341666666666667 0.0296875 0.021666666666666667
15 0.57578125 0.5345833333333333 0.0296875 0.0225
15 0.6255208333333333 0.5058333333333334 0.015625 0.02666666666666667
15 0.57734375 0.5045833333333334 0.0109375 0.0125
15 0.5854166666666667 0.5341666666666667 0.03229166666666667 0.02
5 0.20182291666666666 0.5175 0.09322916666666667 0.07333333333333333
15 0.62109375 0.49041666666666667 0.030729166666666665 0.010833333333333334
4 0.7700520833333333 0.4066666666666667 0.0640625 0.018333333333333333
2 0.8690104166666667 0.43875 0.0890625 0.030833333333333334
2 0.9817708333333334 0.4425 0.036458333333333336 0.04833333333333333
13 0.9294270833333333 0.6266666666666667 0.10572916666666667 0.058333333333333334