0 0.7151041666666667 0.41125 0.034375 0.0175
4 0.6565104166666667 0.4141666666666667 0.034895833333333334 0.008333333333333333
4 0.43828125 0.4891666666666667 0.0703125 0.06666666666666667
2 0.007552083333333333 0.8029166666666666 0.015104166666666667 0.22416666666666665
2 0.26666666666666666 0.7766666666666666 0.17083333333333334 0.14166666666666666
2 0.41484375 0.4191666666666667 0.03802083333333333 0.035
2 0.3190104166666667 0.4479166666666667 0.05572916666666667 0.0425
2 0.1453125 0.5483333333333333 0.075 0.07
2 0.15182291666666667 0.5266666666666666 0.07552083333333333 0.041666666666666664
15 0.9067708333333333 0.45708333333333334 0.0375 0.0225
15 0.853125 0.43375 0.015625 0.0125
15 0.815625 0.41875 0.015625 0.0125