2 0.09739583333333333 0.6870833333333334 0.18020833333333333 0.1625
2 0.15416666666666667 0.7104166666666667 0.16354166666666667 0.1675
2 0.390625 0.5666666666666667 0.09270833333333334 0.10666666666666667
2 0.40546875 0.5025 0.06614583333333333 0.07
3 1.0 0.7433333333333333 0.0 0.31
2 0.30130208333333336 0.47833333333333333 0.05572916666666667 0.045
15 1.0 0.675 0.0 0.08333333333333333
3 0.15859375 0.5108333333333334 0.09427083333333333 0.06666666666666667
15 0.9986979166666666 0.7045833333333333 0.0026041666666666665 0.07583333333333334
3 0.0765625 0.5791666666666667 0.12604166666666666 0.09833333333333333
0 0.011458333333333333 0.6004166666666667 0.022916666666666665 0.07583333333333334
5 0.0 0.8795833333333334 0.0 0.18583333333333332