2 1.0 0.8545833333333334 0.0 0.20083333333333334
13 0.9286458333333333 0.7754166666666666 0.14270833333333333 0.14583333333333334
2 0.8859375 0.4475 0.178125 0.105
4 0.07291666666666667 0.34291666666666665 0.13854166666666667 0.0775
2 1.0 0.5345833333333333 0.0 0.12916666666666668
2 0.99453125 0.45 0.0109375 0.105
2 1.0 0.4454166666666667 0.0 0.11583333333333333
2 1.0 0.5283333333333333 0.0 0.155
2 1.0 0.5675 0.0 0.16833333333333333
2 1.0 0.46166666666666667 0.0 0.10833333333333334
4 0.19505208333333332 0.37625 0.11510416666666666 0.1025
2 0.3658854166666667 0.3720833333333333 0.12864583333333332 0.09083333333333334
2 0.5372395833333333 0.36375 0.11822916666666666 0.0825
0 0.6901041666666666 0.35333333333333333 0.096875 0.07666666666666666
4 0.8375 0.3425 0.115625 0.08333333333333333
4 0.8752604166666667 0.30875 0.1078125 0.07416666666666667
4 0.240625 0.3329166666666667 0.11875 0.0725
4 0.5830729166666667 0.32666666666666666 0.1015625 0.06666666666666667
2 0.7330729166666666 0.3254166666666667 0.09947916666666666 0.035833333333333335
2 1.0 0.33458333333333334 0.0 0.07083333333333333
2 0.7174479166666666 0.25458333333333333 0.05260416666666667 0.0225
2 0.42083333333333334 0.33625 0.08958333333333333 0.050833333333333335
4 0.6002604166666666 0.4345833333333333 0.16822916666666668 0.11416666666666667
2 0.34088541666666666 0.445 0.15885416666666666 0.115
2 0.10520833333333333 0.51125 0.21041666666666667 0.1325
15 0.0 0.9358333333333333 0.0 0.12833333333333333
2 1.0 0.5445833333333333 0.0 0.09083333333333334