4 0.9307291666666667 0.33458333333333334 0.134375 0.10583333333333333
2 0.7643229166666666 0.35833333333333334 0.12864583333333332 0.08166666666666667
4 0.2375 0.3375 0.12083333333333333 0.08666666666666667
0 0.63046875 0.35375 0.09427083333333333 0.07916666666666666
4 0.8479166666666667 0.31 0.08541666666666667 0.07
4 0.71015625 0.31333333333333335 0.11822916666666666 0.075
0 0.56328125 0.32208333333333333 0.0734375 0.06416666666666666
2 0.38776041666666666 0.33166666666666667 0.12135416666666667 0.07833333333333334
4 0.3653645833333333 0.3645833333333333 0.11927083333333334 0.09083333333333334
4 0.7036458333333333 0.44458333333333333 0.159375 0.10916666666666666
2 0.16432291666666668 0.38166666666666665 0.1515625 0.09
2 0.05234375 0.43916666666666665 0.1046875 0.105
4 0.9458333333333333 0.44166666666666665 0.10833333333333334 0.10333333333333333
2 0.4859375 0.44166666666666665 0.14895833333333333 0.1
0 0.30703125 0.44166666666666665 0.1234375 0.1
4 0.027604166666666666 0.37958333333333333 0.05520833333333333 0.0925
4 0.06171875 0.3416666666666667 0.12239583333333333 0.065