0 0.39895833333333336 0.5566666666666666 0.071875 0.07833333333333334
2 0.2518229166666667 0.6466666666666666 0.13697916666666668 0.135
2 0.08567708333333333 0.7929166666666667 0.17135416666666667 0.22916666666666666
4 0.3255208333333333 0.5508333333333333 0.09895833333333333 0.095
2 0.15729166666666666 0.655 0.13020833333333334 0.12666666666666668
4 0.02421875 0.78625 0.0484375 0.23583333333333334
5 0.18723958333333332 0.52125 0.10260416666666666 0.0825
2 0.023958333333333335 0.6104166666666667 0.035416666666666666 0.05416666666666667
2 0.13333333333333333 0.5366666666666666 0.036458333333333336 0.04
2 0.019010416666666665 0.5995833333333334 0.03802083333333333 0.0875
5 0.16276041666666666 0.4866666666666667 0.0734375 0.058333333333333334
2 0.6395833333333333 0.41125 0.04583333333333333 0.020833333333333332
15 0.59140625 0.52125 0.0265625 0.024166666666666666
15 0.6049479166666667 0.4975 0.015104166666666667 0.015
15 0.73671875 0.50375 0.015104166666666667 0.019166666666666665