4 0.34296875 0.5833333333333334 0.1046875 0.11166666666666666
4 0.18411458333333333 0.69 0.15364583333333334 0.15833333333333333
2 0.26848958333333334 0.5866666666666667 0.10989583333333333 0.105
2 0.090625 0.6883333333333334 0.1625 0.15166666666666667
2 0.016666666666666666 0.6283333333333333 0.03333333333333333 0.095
1 0.23645833333333333 0.5054166666666666 0.059375 0.0525
2 1.0 0.55125 0.0 0.1125
11 1.0 0.7133333333333334 0.0 0.435
3 0.03333333333333333 0.82375 0.06666666666666667 0.0725
15 0.7322916666666667 0.50625 0.03854166666666667 0.029166666666666667
15 0.6854166666666667 0.4925 0.034375 0.025
15 0.6739583333333333 0.4895833333333333 0.03229166666666667 0.020833333333333332
15 0.6088541666666667 0.4975 0.017708333333333333 0.018333333333333333