4 0.025260416666666667 0.8454166666666667 0.050520833333333334 0.26416666666666666
2 0.20833333333333334 0.6841666666666667 0.14479166666666668 0.14833333333333334
4 0.35833333333333334 0.5725 0.09479166666666666 0.10166666666666667
2 0.34088541666666666 0.5395833333333333 0.07552083333333333 0.07083333333333333
2 0.228125 0.605 0.128125 0.12
2 0.046875 0.7520833333333333 0.09375 0.1925
2 0.01640625 0.6375 0.0328125 0.11
5 0.14348958333333334 0.5325 0.0796875 0.06333333333333334
2 0.18541666666666667 0.5175 0.036458333333333336 0.016666666666666666
12 0.25807291666666665 0.48541666666666666 0.0828125 0.0625
15 0.65546875 0.535 0.03177083333333333 0.02666666666666667
15 0.6520833333333333 0.5033333333333333 0.013541666666666667 0.016666666666666666
15 0.596875 0.4979166666666667 0.017708333333333333 0.015833333333333335
15 0.7294270833333333 0.49666666666666665 0.0265625 0.023333333333333334
13 0.478125 0.5454166666666667 0.046875 0.035833333333333335