13 0.46328125 0.5266666666666666 0.0390625 0.03666666666666667
4 0.36770833333333336 0.5758333333333333 0.096875 0.09833333333333333
2 0.3263020833333333 0.5445833333333333 0.09635416666666667 0.09083333333333334
2 0.17161458333333332 0.6341666666666667 0.1390625 0.13166666666666665
2 0.031510416666666666 0.7820833333333334 0.06302083333333333 0.2125
4 0.20494791666666667 0.52125 0.07864583333333333 0.0625
2 0.14322916666666666 0.5358333333333334 0.03958333333333333 0.021666666666666667
5 0.07161458333333333 0.5616666666666666 0.14322916666666666 0.11
2 0.0067708333333333336 0.6175 0.013541666666666667 0.11166666666666666
2 0.9755208333333333 0.45166666666666666 0.04895833333333333 0.065
2 1.0 0.58375 0.0 0.16583333333333333
2 1.0 0.65625 0.0 0.20416666666666666
15 0.5734375 0.5325 0.03125 0.02666666666666667
15 0.5557291666666667 0.5133333333333333 0.026041666666666668 0.025
15 0.6729166666666667 0.49833333333333335 0.017708333333333333 0.02
15 0.5296875 0.48291666666666666 0.019791666666666666 0.019166666666666665
15 0.48932291666666666 0.46958333333333335 0.022395833333333334 0.0225
2 1.0 0.895 0.0 0.165
15 0.35078125 0.44458333333333333 0.011979166666666667 0.0175
15 0.3359375 0.44416666666666665 0.013541666666666667 0.013333333333333334
15 0.34270833333333334 0.42916666666666664 0.010416666666666666 0.006666666666666667