2 0.29453125 0.5654166666666667 0.1015625 0.0975
2 0.35 0.5875 0.09270833333333334 0.09833333333333333
13 0.24166666666666667 0.6479166666666667 0.06875 0.07083333333333333
3 0.121875 0.6604166666666667 0.16979166666666667 0.15916666666666668
4 0.08567708333333333 0.7604166666666666 0.17135416666666667 0.20916666666666667
6 0.20364583333333333 0.5045833333333334 0.10208333333333333 0.08416666666666667
2 0.020833333333333332 0.6045833333333334 0.041666666666666664 0.1025
6 0.8815104166666666 0.42375 0.1140625 0.06416666666666666
15 0.7143229166666667 0.5054166666666666 0.0328125 0.0225
15 0.6390625 0.4945833333333333 0.021875 0.0175
15 0.6169270833333333 0.4975 0.011979166666666667 0.016666666666666666
15 0.63671875 0.4970833333333333 0.0171875 0.014166666666666666
15 0.60625 0.5041666666666667 0.023958333333333335 0.025
15 0.5885416666666666 0.52 0.03125 0.028333333333333332
15 0.5557291666666667 0.5291666666666667 0.021875 0.025
15 0.5333333333333333 0.52625 0.017708333333333333 0.019166666666666665
15 0.5010416666666667 0.5491666666666667 0.029166666666666667 0.03