2 0.15651041666666668 0.54625 0.09322916666666667 0.07583333333333334
4 0.36875 0.5179166666666667 0.084375 0.08083333333333333
4 0.23802083333333332 0.6025 0.103125 0.1
13 0.13697916666666668 0.6616666666666666 0.08125 0.07833333333333334
4 0.3296875 0.5925 0.12083333333333333 0.12
15 0.7197916666666667 0.5125 0.026041666666666668 0.018333333333333333
2 0.97421875 0.45208333333333334 0.0515625 0.07083333333333333
11 0.6924479166666667 0.42916666666666664 0.1671875 0.09166666666666666
11 0.8395833333333333 0.48333333333333334 0.2791666666666667 0.15333333333333332
2 0.521875 0.4270833333333333 0.051041666666666666 0.030833333333333334
15 0.6799479166666667 0.6520833333333333 0.04114583333333333 0.049166666666666664
2 1.0 0.8508333333333333 0.0 0.29833333333333334