3 0.7502604166666667 0.7479166666666667 0.2328125 0.17916666666666667
0 0.9252604166666667 0.5879166666666666 0.12447916666666667 0.08916666666666667
2 0.9927083333333333 0.4404166666666667 0.014583333333333334 0.06416666666666666
4 1.0 0.5658333333333333 0.0 0.13166666666666665
2 0.81171875 0.46041666666666664 0.09322916666666667 0.06916666666666667
2 0.6739583333333333 0.4220833333333333 0.04791666666666667 0.0425
13 0.3455729166666667 0.5320833333333334 0.0515625 0.0425
15 0.640625 0.4975 0.015625 0.023333333333333334
4 0.15755208333333334 0.5433333333333333 0.0828125 0.045
2 0.004166666666666667 0.6491666666666667 0.008333333333333333 0.10833333333333334
2 0.00234375 0.62125 0.0046875 0.0875
2 0.0 0.60625 0.0 0.0475
4 0.16432291666666668 0.49541666666666667 0.05364583333333333 0.020833333333333332