4 0.359375 0.5725 0.103125 0.10333333333333333
2 0.25234375 0.58875 0.10885416666666667 0.1075
4 0.2296875 0.6608333333333334 0.14270833333333333 0.15166666666666667
2 0.07317708333333334 0.7075 0.14635416666666667 0.175
2 0.03463541666666667 0.8666666666666667 0.06927083333333334 0.25666666666666665
2 0.37083333333333335 0.7570833333333333 0.15104166666666666 0.1125
2 0.83046875 0.5816666666666667 0.14739583333333334 0.09
4 0.2453125 0.4970833333333333 0.057291666666666664 0.05416666666666667
4 0.14375 0.5558333333333333 0.04791666666666667 0.025
2 1.0 0.53625 0.0 0.1075
16 0.9169270833333333 0.72375 0.025520833333333333 0.06416666666666666
15 0.9067708333333333 0.7033333333333334 0.03125 0.07333333333333333
15 0.6213541666666667 0.5516666666666666 0.03333333333333333 0.03833333333333333
13 0.58671875 0.47041666666666665 0.0265625 0.025833333333333333
15 0.7770833333333333 0.4975 0.029166666666666667 0.025
15 0.7619791666666667 0.49666666666666665 0.028125 0.025
15 0.6223958333333334 0.49666666666666665 0.01875 0.011666666666666667
4 0.14348958333333334 0.52875 0.03802083333333333 0.019166666666666665