4 0.309375 0.5566666666666666 0.103125 0.095
2 0.340625 0.59 0.10104166666666667 0.10166666666666667
4 0.178125 0.645 0.13854166666666667 0.125
2 0.10208333333333333 0.7475 0.2 0.20333333333333334
4 0.93515625 0.73625 0.1296875 0.1875
6 0.18854166666666666 0.5120833333333333 0.103125 0.07916666666666666
15 0.6078125 0.4891666666666667 0.03125 0.015
15 0.6197916666666666 0.4975 0.020833333333333332 0.015
15 0.5807291666666666 0.5116666666666667 0.01875 0.021666666666666667
15 0.6098958333333333 0.5125 0.017708333333333333 0.023333333333333334
15 0.55703125 0.5358333333333334 0.028645833333333332 0.025
4 0.0 0.6816666666666666 0.0 0.09833333333333333
4 0.3888020833333333 0.44208333333333333 0.0515625 0.035833333333333335
1 0.13203125 0.53125 0.03697916666666667 0.0225
2 0.55625 0.43125 0.05625 0.030833333333333334
3 0.7403645833333333 0.4295833333333333 0.07447916666666667 0.0325
2 0.8799479166666667 0.42083333333333334 0.0828125 0.035
4 1.0 0.46875 0.0 0.059166666666666666
5 1.0 0.46416666666666667 0.0 0.09666666666666666
4 1.0 0.5433333333333333 0.0 0.135
15 1.0 0.795 0.0 0.12166666666666667