4 0.9763020833333333 0.5279166666666667 0.04739583333333333 0.1325
4 1.0 0.4379166666666667 0.0 0.09416666666666666
4 0.94453125 0.3425 0.10677083333333333 0.07333333333333333
4 0.8083333333333333 0.30625 0.09583333333333334 0.0425
2 0.8046875 0.3516666666666667 0.12291666666666666 0.07666666666666666
2 0.6625 0.3225 0.10208333333333333 0.04666666666666667
2 0.5330729166666667 0.36625 0.11614583333333334 0.08583333333333333
4 0.37161458333333336 0.36625 0.1203125 0.09083333333333334
2 0.18541666666666667 0.37958333333333333 0.15 0.0975
2 0.47942708333333334 0.33416666666666667 0.07760416666666667 0.065
2 0.26328125 0.33666666666666667 0.1171875 0.08
2 0.09322916666666667 0.3408333333333333 0.14166666666666666 0.06666666666666667
2 0.7536458333333333 0.25083333333333335 0.07291666666666667 0.016666666666666666