0 0.3578125 0.5770833333333333 0.0875 0.09583333333333334
5 0.3 0.5616666666666666 0.109375 0.11
2 0.21145833333333333 0.6754166666666667 0.146875 0.1575
2 0.024739583333333332 0.8545833333333334 0.049479166666666664 0.2525
4 0.06927083333333334 0.71375 0.13854166666666667 0.18416666666666667
2 0.23333333333333334 0.50625 0.07604166666666666 0.0675
2 0.1421875 0.55875 0.04375 0.024166666666666666
2 0.13072916666666667 0.52875 0.022916666666666665 0.0125
2 0.012239583333333333 0.6529166666666667 0.024479166666666666 0.13916666666666666
5 0.7419270833333333 0.45708333333333334 0.1203125 0.08416666666666667
5 0.5919270833333333 0.42583333333333334 0.06614583333333333 0.055
15 0.7395833333333334 0.4979166666666667 0.026041666666666668 0.024166666666666666
15 0.53671875 0.46958333333333335 0.019270833333333334 0.0175
15 0.45078125 0.49 0.028645833333333332 0.03333333333333333
4 0.9864583333333333 0.45458333333333334 0.027083333333333334 0.0725