4 0.37135416666666665 0.565 0.09166666666666666 0.09333333333333334
6 0.23020833333333332 0.6483333333333333 0.15 0.15
4 0.18723958333333332 0.6275 0.10885416666666667 0.10666666666666667
4 0.34869791666666666 0.5366666666666666 0.0953125 0.08666666666666667
2 0.0515625 0.8220833333333334 0.103125 0.23416666666666666
11 0.44557291666666665 0.6870833333333334 0.3234375 0.2758333333333333
4 0.21354166666666666 0.5141666666666667 0.078125 0.06333333333333334
2 0.22057291666666667 0.4920833333333333 0.06614583333333333 0.05583333333333333
6 0.07942708333333333 0.5841666666666666 0.1265625 0.09
2 0.14947916666666666 0.5366666666666666 0.03958333333333333 0.018333333333333333
2 0.0036458333333333334 0.6275 0.007291666666666667 0.11
11 0.9611979166666667 0.41541666666666666 0.07760416666666667 0.10916666666666666
11 0.5328125 0.4225 0.11875 0.08
4 0.6013020833333333 0.43083333333333335 0.025520833333333333 0.041666666666666664
2 0.665625 0.44 0.051041666666666666 0.021666666666666667
2 0.9330729166666667 0.48875 0.1328125 0.07083333333333333
4 0.9440104166666666 0.5254166666666666 0.11197916666666667 0.1025
15 0.7361979166666667 0.50375 0.016145833333333335 0.015833333333333335
15 0.4434895833333333 0.47541666666666665 0.0109375 0.0125
15 0.37057291666666664 0.445 0.0109375 0.01