5 0.31484375 0.5991666666666666 0.1265625 0.13166666666666665
3 0.10651041666666666 0.7333333333333333 0.21302083333333333 0.21833333333333332
2 0.29270833333333335 0.5645833333333333 0.10416666666666667 0.09916666666666667
2 0.08098958333333334 0.6883333333333334 0.16197916666666667 0.15333333333333332
3 0.20833333333333334 0.5183333333333333 0.08854166666666667 0.07666666666666666
4 0.14453125 0.5308333333333334 0.0765625 0.07166666666666667
2 0.0078125 0.6125 0.015625 0.10666666666666667
4 0.14088541666666668 0.49416666666666664 0.030729166666666665 0.045
0 0.31614583333333335 0.45416666666666666 0.05625 0.04
4 0.4859375 0.4325 0.042708333333333334 0.015
2 0.7916666666666666 0.4191666666666667 0.06666666666666667 0.02
2 0.8921875 0.44208333333333333 0.10520833333333333 0.0575
2 0.26979166666666665 0.7675 0.09479166666666666 0.04833333333333333
15 0.49921875 0.535 0.024479166666666666 0.02666666666666667
15 0.55859375 0.5633333333333334 0.033854166666666664 0.028333333333333332
15 0.5770833333333333 0.5416666666666666 0.019791666666666666 0.025
15 0.5557291666666667 0.52625 0.015625 0.015833333333333335
15 0.57109375 0.5120833333333333 0.018229166666666668 0.014166666666666666
15 0.6044270833333333 0.4975 0.022395833333333334 0.021666666666666667
13 0.7098958333333333 0.51625 0.046875 0.030833333333333334