4 0.37161458333333336 0.5654166666666667 0.0921875 0.0925
6 0.23046875 0.6479166666666667 0.15052083333333333 0.14916666666666667
4 0.18723958333333332 0.6266666666666667 0.10885416666666667 0.10666666666666667
4 0.34869791666666666 0.5370833333333334 0.0953125 0.0875
2 0.05130208333333333 0.7925 0.10260416666666666 0.17333333333333334
11 0.013541666666666667 0.8595833333333334 0.027083333333333334 0.2808333333333333
4 0.21458333333333332 0.51375 0.08020833333333334 0.06416666666666666
2 0.22057291666666667 0.49166666666666664 0.06614583333333333 0.055
6 0.078125 0.58375 0.128125 0.0925
2 0.14947916666666666 0.5366666666666666 0.03958333333333333 0.016666666666666666
2 0.0036458333333333334 0.6275 0.007291666666666667 0.11
4 0.521875 0.42875 0.046875 0.04416666666666667
4 0.5911458333333334 0.4191666666666667 0.04583333333333333 0.03166666666666667
15 0.7361979166666667 0.5045833333333334 0.015104166666666667 0.0175
2 0.7572916666666667 0.49 0.090625 0.051666666666666666
6 0.7723958333333333 0.4483333333333333 0.10416666666666667 0.06666666666666667
15 0.47239583333333335 0.4895833333333333 0.0125 0.014166666666666666
15 0.3575520833333333 0.44458333333333333 0.0109375 0.0125