13 0.90234375 0.965 0.16614583333333333 0.07
2 0.9921875 0.9958333333333333 0.015625 0.008333333333333333
2 0.7817708333333333 0.6558333333333334 0.15729166666666666 0.09666666666666666
4 0.07942708333333333 0.55375 0.1234375 0.06916666666666667
2 1.0 0.7470833333333333 0.0 0.12916666666666668
2 0.9669270833333333 0.6616666666666666 0.06614583333333333 0.1
2 1.0 0.65875 0.0 0.10916666666666666
2 1.0 0.7479166666666667 0.0 0.1225
2 1.0 0.7429166666666667 0.0 0.15416666666666667
2 1.0 0.7841666666666667 0.0 0.17
2 1.0 0.6754166666666667 0.0 0.10416666666666667
2 1.0 0.6945833333333333 0.0 0.08583333333333333
4 0.16692708333333334 0.5875 0.12239583333333333 0.09833333333333333
2 0.35260416666666666 0.5795833333333333 0.11875 0.0825
2 0.5130208333333334 0.57625 0.10520833333333333 0.07416666666666667
0 0.6518229166666667 0.5658333333333333 0.0859375 0.075
4 0.78671875 0.5575 0.10260416666666666 0.07
4 0.81953125 0.5270833333333333 0.09114583333333333 0.0675
4 0.24557291666666667 0.54875 0.10052083333333334 0.07583333333333334
4 0.5557291666666667 0.5416666666666666 0.08958333333333333 0.056666666666666664
2 0.6981770833333333 0.5416666666666666 0.10052083333333334 0.03833333333333333
2 0.98828125 0.55125 0.0234375 0.0625
2 0.271875 0.5225 0.09895833333333333 0.06333333333333334
2 0.40703125 0.5491666666666667 0.08072916666666667 0.045
2 0.4578125 0.5204166666666666 0.08333333333333333 0.030833333333333334
4 0.628125 0.5079166666666667 0.09479166666666666 0.06916666666666667
2 0.7473958333333334 0.50375 0.06458333333333334 0.0475