13 0.565625 0.5316666666666666 0.041666666666666664 0.028333333333333332
15 0.59296875 0.505 0.0296875 0.023333333333333334
15 0.6190104166666667 0.4975 0.021354166666666667 0.016666666666666666
15 0.6361979166666667 0.49083333333333334 0.0328125 0.02
15 0.6677083333333333 0.4820833333333333 0.017708333333333333 0.0175
15 0.6635416666666667 0.49 0.0125 0.01
15 0.6536458333333334 0.5208333333333334 0.03229166666666667 0.025
15 0.6640625 0.5270833333333333 0.022916666666666665 0.0225
15 0.6885416666666667 0.5204166666666666 0.034375 0.025833333333333333
4 0.4153645833333333 0.5291666666666667 0.08385416666666666 0.08333333333333333
2 0.2643229166666667 0.6383333333333333 0.1296875 0.14
2 0.31692708333333336 0.5529166666666666 0.0921875 0.0925
2 0.16536458333333334 0.6408333333333334 0.13385416666666666 0.12333333333333334
2 0.03671875 0.7675 0.0734375 0.20833333333333334
4 0.18151041666666667 0.5245833333333333 0.08385416666666666 0.06583333333333333
4 0.01484375 0.61 0.0296875 0.058333333333333334
2 0.13151041666666666 0.5341666666666667 0.0390625 0.035
1 0.2791666666666667 0.46416666666666667 0.03958333333333333 0.03666666666666667
2 0.44817708333333334 0.43375 0.05677083333333333 0.0125