2 0.6533854166666667 0.53625 0.08489583333333334 0.059166666666666666
4 0.521875 0.65125 0.11770833333333333 0.09416666666666666
4 0.28619791666666666 0.6545833333333333 0.1359375 0.1025
4 0.8059895833333334 0.5266666666666666 0.10885416666666667 0.06166666666666667
13 0.2591145833333333 0.5845833333333333 0.06197916666666667 0.0375
2 0.8776041666666666 0.5625 0.103125 0.065
2 0.5377604166666666 0.5725 0.10885416666666667 0.07
2 0.47994791666666664 0.5429166666666667 0.0859375 0.060833333333333336
2 0.3848958333333333 0.58 0.11041666666666666 0.07666666666666666
2 0.24479166666666666 0.5495833333333333 0.115625 0.07083333333333333
2 0.12265625 0.5945833333333334 0.1328125 0.0825
2 0.059895833333333336 0.5579166666666666 0.11979166666666667 0.07583333333333334
2 0.005208333333333333 0.58625 0.010416666666666666 0.10083333333333333
6 0.7653645833333333 0.62375 0.22447916666666667 0.1425
2 0.9778645833333334 0.6629166666666667 0.044270833333333336 0.10916666666666666