2 0.3145833333333333 0.55375 0.09479166666666666 0.0925
2 0.20260416666666667 0.5320833333333334 0.06458333333333334 0.04083333333333333
2 0.0 0.6275 0.0 0.11
13 1.0 0.6020833333333333 0.0 0.05416666666666667
2 1.0 0.58125 0.0 0.1325
12 0.628125 0.3954166666666667 0.06354166666666666 0.060833333333333336
15 0.790625 0.76875 0.030208333333333334 0.04583333333333333
15 0.5515625 0.5654166666666667 0.034375 0.025833333333333333
15 0.53203125 0.56875 0.03802083333333333 0.0225
15 0.5208333333333334 0.5620833333333334 0.030208333333333334 0.0275
15 0.5744791666666667 0.5416666666666666 0.022916666666666665 0.018333333333333333
15 0.61640625 0.49875 0.0203125 0.015833333333333335
15 0.6098958333333333 0.4970833333333333 0.01875 0.019166666666666665
15 0.63828125 0.50625 0.022395833333333334 0.025833333333333333
0 1.0 0.4579166666666667 0.0 0.049166666666666664
0 1.0 0.46291666666666664 0.0 0.08916666666666667
11 1.0 0.51 0.0 0.26
0 0.0 0.60625 0.0 0.0875
15 0.5916666666666667 0.535 0.028125 0.016666666666666666
16 0.5848958333333333 0.545 0.027083333333333334 0.02666666666666667
16 0.6239583333333333 0.5125 0.022916666666666665 0.025