15 0.6002604166666666 0.6091666666666666 0.033854166666666664 0.03333333333333333
15 0.60390625 0.5691666666666667 0.024479166666666666 0.03333333333333333
15 0.6109375 0.505 0.030208333333333334 0.018333333333333333
4 0.96484375 0.57875 0.0703125 0.0925
4 0.7846354166666667 0.6054166666666667 0.13072916666666667 0.10416666666666667
2 0.38333333333333336 0.7416666666666667 0.178125 0.14833333333333334
1 0.52265625 0.41083333333333333 0.0015625 0.02666666666666667
4 0.4401041666666667 0.41083333333333333 0.023958333333333335 0.03166666666666667
4 0.2786458333333333 0.45875 0.025 0.034166666666666665
6 0.16588541666666667 0.5195833333333333 0.14635416666666667 0.1125
2 0.013802083333333333 0.6083333333333333 0.027604166666666666 0.06166666666666667
1 0.0 1.0 0.0 0.0
2 0.0 0.58 0.0 0.095
4 0.00546875 0.52125 0.0109375 0.05583333333333333