5 0.42473958333333334 0.53 0.09427083333333333 0.09166666666666666
2 0.275 0.6316666666666667 0.11458333333333333 0.14166666666666666
2 0.2015625 0.5208333333333334 0.08020833333333334 0.06833333333333333
15 0.5700520833333333 0.5341666666666667 0.030729166666666665 0.02666666666666667
15 0.5986979166666667 0.49583333333333335 0.022395833333333334 0.023333333333333334
15 0.6083333333333333 0.4979166666666667 0.021875 0.020833333333333332
15 0.6489583333333333 0.49666666666666665 0.022916666666666665 0.025
15 0.6546875 0.4975 0.01875 0.018333333333333333
13 0.9888020833333333 0.44208333333333333 0.022395833333333334 0.025833333333333333
2 0.0 0.615 0.0 0.105
2 0.13229166666666667 0.48625 0.022916666666666665 0.014166666666666666