4 0.5578125 0.5170833333333333 0.153125 0.1275
2 0.9174479166666667 0.5333333333333333 0.16510416666666666 0.13
3 0.21354166666666666 0.5241666666666667 0.21979166666666666 0.15333333333333332
0 0.30885416666666665 0.44666666666666666 0.12083333333333333 0.1
2 0.51171875 0.44083333333333335 0.14947916666666666 0.10333333333333333
4 0.98046875 0.44916666666666666 0.0390625 0.10166666666666667
4 0.11927083333333334 0.44416666666666665 0.16354166666666667 0.10333333333333333
2 0.190625 0.38083333333333336 0.14895833333333333 0.09333333333333334
4 0.46536458333333336 0.3641666666666667 0.11302083333333333 0.07
0 0.8002604166666667 0.34625 0.1046875 0.08083333333333333
4 0.027864583333333335 0.3804166666666667 0.05572916666666667 0.09416666666666666
2 0.06432291666666666 0.345 0.12760416666666666 0.07666666666666666
4 0.23776041666666667 0.33708333333333335 0.1203125 0.08583333333333333
2 0.3807291666666667 0.3325 0.08541666666666667 0.07666666666666666
0 0.6223958333333334 0.32125 0.08333333333333333 0.06416666666666666
3 0.8645833333333334 0.3070833333333333 0.125 0.07416666666666667
4 0.007552083333333333 0.43916666666666665 0.015104166666666667 0.11666666666666667