4 0.4049479166666667 0.5470833333333334 0.08177083333333333 0.0875
4 0.3416666666666667 0.5433333333333333 0.08958333333333333 0.085
0 0.29609375 0.61875 0.09635416666666667 0.1125
3 0.18932291666666667 0.62375 0.15052083333333333 0.14083333333333334
2 0.09453125 0.76875 0.1890625 0.2275
2 0.018229166666666668 0.79625 0.036458333333333336 0.23416666666666666
1 0.21171875 0.5154166666666666 0.08072916666666667 0.06583333333333333
2 0.13880208333333333 0.5375 0.044270833333333336 0.023333333333333334
2 0.016927083333333332 0.6116666666666667 0.033854166666666664 0.11166666666666666
11 0.9096354166666667 0.5320833333333334 0.18072916666666666 0.24083333333333334
2 0.52578125 0.42041666666666666 0.04635416666666667 0.0425
11 0.43645833333333334 0.4025 0.08125 0.056666666666666664
15 0.734375 0.49666666666666665 0.023958333333333335 0.025
15 0.371875 0.4633333333333333 0.016666666666666666 0.01
13 0.5591145833333333 0.5475 0.03802083333333333 0.03666666666666667