15 0.68671875 0.6295833333333334 0.0546875 0.04083333333333333
15 0.5421875 0.5275 0.021875 0.018333333333333333
15 0.6111979166666667 0.505 0.030729166666666665 0.023333333333333334
15 0.628125 0.49875 0.022916666666666665 0.020833333333333332
4 0.33697916666666666 0.585 0.10208333333333333 0.11
4 0.2752604166666667 0.5745833333333333 0.08385416666666666 0.08583333333333333
11 0.12838541666666667 0.7804166666666666 0.25677083333333334 0.43083333333333335
2 0.26927083333333335 0.47208333333333335 0.04895833333333333 0.04083333333333333
2 0.19921875 0.5229166666666667 0.06510416666666667 0.05583333333333333
2 0.1515625 0.5158333333333334 0.0375 0.04
2 0.020572916666666666 0.6075 0.04010416666666667 0.058333333333333334
4 0.8536458333333333 0.44708333333333333 0.08020833333333334 0.0275
4 0.83984375 0.4166666666666667 0.0796875 0.04666666666666667
4 1.0 0.42541666666666667 0.0 0.05416666666666667
4 1.0 0.46791666666666665 0.0 0.08583333333333333
2 1.0 0.4454166666666667 0.0 0.05583333333333333
13 1.0 0.4475 0.0 0.02
4 1.0 0.495 0.0 0.11666666666666667
4 1.0 0.5741666666666667 0.0 0.12333333333333334
11 0.01328125 0.5441666666666667 0.0265625 0.14
2 0.8075520833333333 0.4033333333333333 0.05260416666666667 0.03
5 0.0078125 0.6045833333333334 0.015625 0.0425