4 0.1625 0.5379166666666667 0.08645833333333333 0.06583333333333333
4 0.28958333333333336 0.5666666666666667 0.09791666666666667 0.095
2 0.15494791666666666 0.64875 0.14114583333333333 0.13583333333333333
2 0.38359375 0.5595833333333333 0.0859375 0.08916666666666667
4 0.27005208333333336 0.6375 0.12135416666666667 0.12666666666666668
2 0.028385416666666666 0.8416666666666667 0.05677083333333333 0.23666666666666666
2 0.6940104166666666 0.4425 0.0578125 0.015
2 0.8315104166666667 0.44333333333333336 0.07760416666666667 0.023333333333333334
2 0.9890625 0.44416666666666665 0.021875 0.05333333333333334
15 0.5875 0.4979166666666667 0.016666666666666666 0.014166666666666666
15 0.6356770833333333 0.505 0.028645833333333332 0.023333333333333334
15 0.6666666666666666 0.5279166666666667 0.023958333333333335 0.020833333333333332
15 0.64140625 0.49166666666666664 0.0328125 0.018333333333333333
13 0.7010416666666667 0.5041666666666667 0.0375 0.03
13 0.5453125 0.5420833333333334 0.040625 0.034166666666666665
15 0.5098958333333333 0.64125 0.040625 0.04083333333333333