4 0.37135416666666665 0.565 0.09270833333333334 0.09666666666666666
6 0.23072916666666668 0.6483333333333333 0.15104166666666666 0.15
2 0.05182291666666667 0.8225 0.10364583333333334 0.23333333333333334
4 0.34791666666666665 0.53625 0.09375 0.0875
4 0.18645833333333334 0.62625 0.10833333333333334 0.1075
2 0.22057291666666667 0.4920833333333333 0.06822916666666666 0.0525
2 0.14921875 0.53625 0.04010416666666667 0.0175
4 0.2140625 0.5104166666666666 0.07708333333333334 0.0625
6 0.07916666666666666 0.58375 0.13541666666666666 0.0925
2 0.0033854166666666668 0.6283333333333333 0.0067708333333333336 0.11
11 0.9057291666666667 0.5408333333333334 0.18854166666666666 0.13833333333333334
2 0.69375 0.6470833333333333 0.15416666666666667 0.1325
15 0.7388020833333333 0.5045833333333334 0.015104166666666667 0.0175
15 0.575 0.5804166666666667 0.04895833333333333 0.0475
11 0.953125 0.41375 0.09375 0.10916666666666666
15 0.5302083333333333 0.51875 0.03125 0.0275
15 0.621875 0.5491666666666667 0.030208333333333334 0.03
15 0.5395833333333333 0.5633333333333334 0.03125 0.023333333333333334
15 0.6486979166666667 0.5508333333333333 0.03697916666666667 0.028333333333333332