4 0.37942708333333336 0.44208333333333333 0.14427083333333332 0.10916666666666666
2 0.17239583333333333 0.44083333333333335 0.17708333333333334 0.10833333333333334
2 0.8348958333333333 0.44333333333333336 0.165625 0.09833333333333333
2 0.9950520833333333 0.53625 0.009895833333333333 0.11916666666666667
2 0.9731770833333333 0.44875 0.05364583333333333 0.1075
4 0.05234375 0.38458333333333333 0.1046875 0.0825
2 0.21640625 0.37666666666666665 0.1546875 0.10166666666666667
2 0.403125 0.37 0.125 0.08833333333333333
2 0.5963541666666666 0.36 0.1125 0.09333333333333334
2 0.7643229166666666 0.3570833333333333 0.12447916666666667 0.07083333333333333
4 0.8752604166666667 0.33916666666666667 0.09427083333333333 0.095
2 0.7567708333333333 0.3258333333333333 0.10625 0.065
2 0.57109375 0.32625 0.10260416666666666 0.07416666666666667
2 0.4265625 0.33916666666666667 0.10520833333333333 0.06333333333333334
4 0.259375 0.3333333333333333 0.121875 0.07666666666666666
0 0.10703125 0.34625 0.1265625 0.060833333333333336
2 1.0 0.8454166666666667 0.0 0.1925
13 0.9302083333333333 0.7754166666666666 0.13958333333333334 0.14583333333333334
2 0.48489583333333336 0.31625 0.07916666666666666 0.0275
2 0.6505208333333333 0.2920833333333333 0.09479166666666666 0.0625
4 0.77578125 0.2866666666666667 0.09635416666666667 0.07166666666666667
2 0.7916666666666666 0.25666666666666665 0.030208333333333334 0.055
4 0.7033854166666667 0.26416666666666666 0.07135416666666666 0.03666666666666667
4 0.27786458333333336 0.29791666666666666 0.1078125 0.07416666666666667
2 0.16536458333333334 0.24041666666666667 0.0515625 0.0425