0 0.6848958333333334 0.5258333333333334 0.16770833333333332 0.12833333333333333
2 0.70234375 0.44333333333333336 0.1609375 0.11166666666666666
2 0.9255208333333333 0.5341666666666667 0.14895833333333333 0.13
2 0.9455729166666667 0.44208333333333333 0.10885416666666667 0.10916666666666666
4 0.7109375 0.31416666666666665 0.11979166666666667 0.075
2 0.5638020833333334 0.3225 0.07447916666666667 0.065
0 0.6307291666666667 0.35375 0.09479166666666666 0.07916666666666666
2 0.052083333333333336 0.44 0.10416666666666667 0.10833333333333334
2 0.027864583333333335 0.37958333333333333 0.05572916666666667 0.0925
4 0.23723958333333334 0.3375 0.12135416666666667 0.08833333333333333
2 0.16458333333333333 0.38166666666666665 0.15104166666666666 0.09
0 0.30625 0.4425 0.12291666666666666 0.10333333333333333
2 0.48463541666666665 0.4404166666666667 0.15677083333333333 0.11083333333333334
2 0.3653645833333333 0.3645833333333333 0.12239583333333333 0.0925
2 0.0625 0.34625 0.125 0.06916666666666667
2 0.078125 0.5929166666666666 0.15625 0.15916666666666668
3 0.9286458333333333 0.33458333333333334 0.134375 0.10916666666666666
2 0.76796875 0.36291666666666667 0.12864583333333332 0.0625
2 0.3997395833333333 0.33125 0.0984375 0.0775
2 0.8536458333333333 0.31166666666666665 0.09166666666666666 0.06666666666666667