2 0.7299479166666667 0.5066666666666667 0.07864583333333333 0.03666666666666667
11 0.90234375 0.71 0.1953125 0.22166666666666668
0 0.68671875 0.7291666666666666 0.14114583333333333 0.11833333333333333
4 0.4830729166666667 0.7370833333333333 0.16927083333333334 0.13083333333333333
2 0.20885416666666667 0.7420833333333333 0.20416666666666666 0.13083333333333333
2 0.5518229166666667 0.6570833333333334 0.1453125 0.10416666666666667
5 0.09140625 0.6216666666666667 0.1828125 0.12833333333333333
6 0.8921875 0.5483333333333333 0.16041666666666668 0.09166666666666666
4 0.74765625 0.5633333333333334 0.10052083333333334 0.07166666666666667
2 0.5755208333333334 0.5729166666666666 0.1 0.0775
2 0.40963541666666664 0.5795833333333333 0.11510416666666666 0.0825
2 0.6057291666666667 0.5345833333333333 0.090625 0.0575
3 0.47265625 0.5391666666666667 0.08177083333333333 0.06166666666666667
2 0.35703125 0.545 0.09427083333333333 0.065
5 0.18619791666666666 0.53625 0.14739583333333334 0.0825
2 0.24088541666666666 0.58375 0.1234375 0.07916666666666666
2 0.04192708333333333 0.5366666666666666 0.08072916666666667 0.028333333333333332
2 0.74921875 0.5308333333333334 0.07864583333333333 0.045