4 0.9796875 0.5916666666666667 0.040625 0.11333333333333333
4 0.3997395833333333 0.5504166666666667 0.08697916666666666 0.0925
4 0.32421875 0.545 0.08802083333333334 0.08666666666666667
2 0.2994791666666667 0.47458333333333336 0.05416666666666667 0.050833333333333335
2 0.51875 0.45458333333333334 0.057291666666666664 0.0525
2 0.6591145833333333 0.43041666666666667 0.0421875 0.0175
2 0.3294270833333333 0.4429166666666667 0.0484375 0.049166666666666664
13 0.5536458333333333 0.5420833333333334 0.036458333333333336 0.030833333333333334
15 0.6 0.5204166666666666 0.03333333333333333 0.0275
4 0.07682291666666667 0.7041666666666667 0.15364583333333334 0.19333333333333333
15 0.8247395833333333 0.44375 0.0296875 0.014166666666666666
15 0.8330729166666667 0.435 0.018229166666666668 0.011666666666666667
2 0.19453125 0.5120833333333333 0.0765625 0.05583333333333333