4 0.2986979166666667 0.60875 0.11302083333333333 0.12083333333333333
4 0.15390625 0.71125 0.17135416666666667 0.17583333333333334
4 0.17526041666666667 0.5254166666666666 0.07447916666666667 0.06416666666666666
2 0.13046875 0.5383333333333333 0.0296875 0.02666666666666667
2 1.0 0.9083333333333333 0.0 0.18333333333333332
15 0.6276041666666666 0.5508333333333333 0.035416666666666666 0.02666666666666667
15 0.58828125 0.575 0.04114583333333333 0.041666666666666664
15 0.5325520833333334 0.5341666666666667 0.030729166666666665 0.02666666666666667
15 0.5919270833333333 0.49833333333333335 0.021354166666666667 0.023333333333333334
15 0.7416666666666667 0.5033333333333333 0.016666666666666666 0.013333333333333334
2 0.007552083333333333 0.6208333333333333 0.015104166666666667 0.11
2 0.3106770833333333 0.56375 0.08697916666666666 0.07083333333333333
15 0.6466145833333333 0.5733333333333334 0.027604166666666666 0.023333333333333334
13 0.15052083333333333 0.50375 0.03229166666666667 0.024166666666666666
11 0.4864583333333333 0.41625 0.109375 0.06416666666666666
2 0.85390625 0.4345833333333333 0.0890625 0.03916666666666667
11 0.013020833333333334 0.8329166666666666 0.026041666666666668 0.33416666666666667