2 0.39427083333333335 0.56 0.09375 0.095
4 0.33125 0.5425 0.07708333333333334 0.08333333333333333
2 0.1953125 0.685 0.14270833333333333 0.14
4 0.16015625 0.6345833333333334 0.15572916666666667 0.1425
2 0.034375 0.8370833333333333 0.06875 0.2175
2 0.030208333333333334 0.77875 0.06041666666666667 0.21416666666666667
15 0.6161458333333333 0.6558333333333334 0.057291666666666664 0.056666666666666664
15 0.5518229166666667 0.5125 0.022395833333333334 0.018333333333333333
15 0.6638020833333333 0.4741666666666667 0.0265625 0.021666666666666667
2 0.18880208333333334 0.5266666666666666 0.09114583333333333 0.07333333333333333
2 0.14270833333333333 0.5275 0.07291666666666667 0.056666666666666664
2 0.3458333333333333 0.44416666666666665 0.057291666666666664 0.015
2 0.019270833333333334 0.60125 0.026041666666666668 0.050833333333333335
2 0.009635416666666667 0.6058333333333333 0.019270833333333334 0.10166666666666667