11 0.3026041666666667 0.5929166666666666 0.2677083333333333 0.22916666666666666
2 0.2838541666666667 0.52625 0.007291666666666667 0.0175
2 1.0 0.5858333333333333 0.0 0.10833333333333334
4 1.0 0.545 0.0 0.14666666666666667
5 0.33619791666666665 0.4295833333333333 0.0609375 0.04416666666666667
4 0.0 0.6495833333333333 0.0 0.1175
15 0.60859375 0.4975 0.021354166666666667 0.02
15 0.6174479166666667 0.4979166666666667 0.013020833333333334 0.0175
15 0.825 0.77875 0.0375 0.05416666666666667
2 0.21666666666666667 0.48041666666666666 0.058333333333333334 0.034166666666666665
4 0.12890625 0.5633333333333334 0.005729166666666666 0.008333333333333333
2 0.13203125 0.5458333333333333 0.0036458333333333334 0.0033333333333333335