4 0.3651041666666667 0.5645833333333333 0.109375 0.1075
2 0.29010416666666666 0.5683333333333334 0.10520833333333333 0.095
6 0.19244791666666666 0.6533333333333333 0.1796875 0.175
2 0.18255208333333334 0.5295833333333333 0.09322916666666667 0.0775
2 0.09973958333333334 0.6979166666666666 0.050520833333333334 0.05583333333333333
15 0.4669270833333333 0.49 0.0234375 0.02
15 0.5026041666666666 0.5025 0.027083333333333334 0.021666666666666667
15 0.5481770833333334 0.49083333333333334 0.0296875 0.018333333333333333
15 0.4973958333333333 0.4845833333333333 0.022916666666666665 0.0175
15 0.5322916666666667 0.47458333333333336 0.020833333333333332 0.019166666666666665
15 0.63125 0.6008333333333333 0.03125 0.05333333333333334
2 0.8401041666666667 0.49916666666666665 0.12291666666666666 0.07666666666666666