15 0.6338541666666667 0.49041666666666667 0.029166666666666667 0.0175
15 0.5838541666666667 0.49875 0.021875 0.019166666666666665
15 0.5721354166666667 0.5129166666666667 0.0171875 0.020833333333333332
15 0.603125 0.5054166666666666 0.030208333333333334 0.0275
15 0.5458333333333333 0.5345833333333333 0.030208333333333334 0.0225
15 0.5080729166666667 0.54125 0.0390625 0.0225
15 0.659375 0.5358333333333334 0.030208333333333334 0.03166666666666667
2 0.3536458333333333 0.5895833333333333 0.1 0.10416666666666667
4 0.28046875 0.5729166666666666 0.0953125 0.09416666666666666
4 0.18151041666666667 0.6970833333333334 0.14739583333333334 0.15416666666666667
4 0.10078125 0.6783333333333333 0.15677083333333333 0.14333333333333334
4 0.2171875 0.51125 0.08125 0.0675
11 0.7151041666666667 0.3929166666666667 0.13020833333333334 0.0625
0 0.6721354166666667 0.4275 0.050520833333333334 0.03666666666666667
2 0.8794270833333333 0.4370833333333333 0.09322916666666667 0.05583333333333333
4 0.9940104166666667 0.44208333333333333 0.011979166666666667 0.04416666666666667
5 0.7140625 0.63375 0.17395833333333333 0.13416666666666666
2 0.0 0.6333333333333333 0.0 0.115