2 0.934375 0.5204166666666666 0.13125 0.10083333333333333
2 0.69609375 0.43833333333333335 0.06510416666666667 0.04833333333333333
2 0.5265625 0.43416666666666665 0.04375 0.04
15 0.34869791666666666 0.45958333333333334 0.011979166666666667 0.009166666666666667
15 0.3765625 0.4454166666666667 0.010416666666666666 0.010833333333333334
15 0.43046875 0.44666666666666666 0.0109375 0.01
15 0.69296875 0.4975 0.025520833333333333 0.021666666666666667
15 0.8846354166666667 0.53125 0.0234375 0.024166666666666666
15 0.5473958333333333 0.5854166666666667 0.041666666666666664 0.03916666666666667
15 0.48359375 0.5908333333333333 0.028645833333333332 0.028333333333333332
15 0.4484375 0.4691666666666667 0.020833333333333332 0.013333333333333334
15 0.43463541666666666 0.4683333333333333 0.019270833333333334 0.013333333333333334
2 0.9440104166666666 0.5925 0.11197916666666667 0.10333333333333333
2 0.7088541666666667 0.6208333333333333 0.15208333333333332 0.105
2 0.40208333333333335 0.73125 0.14895833333333333 0.15416666666666667
2 0.32890625 0.5941666666666666 0.11614583333333334 0.12166666666666667
2 0.1734375 0.70375 0.16145833333333334 0.1675
2 0.29713541666666665 0.5554166666666667 0.1078125 0.09583333333333334
6 0.1546875 0.6216666666666667 0.17395833333333333 0.15333333333333332
2 0.23541666666666666 0.495 0.06666666666666667 0.056666666666666664
13 0.16614583333333333 0.5391666666666667 0.040625 0.028333333333333332
2 0.14635416666666667 0.52625 0.06875 0.03916666666666667
2 0.0125 0.5958333333333333 0.025 0.09333333333333334
2 0.0 0.7016666666666667 0.0 0.16166666666666665
2 0.9901041666666667 0.4533333333333333 0.019791666666666666 0.06666666666666667