2 1.0 0.8554166666666667 0.0 0.1925
13 0.9286458333333333 0.7775 0.14270833333333333 0.15166666666666667
3 0.7143229166666667 0.5133333333333333 0.2109375 0.15333333333333332
2 0.56796875 0.45208333333333334 0.16197916666666667 0.1075
2 0.934375 0.5241666666666667 0.13125 0.13333333333333333
4 0.8986979166666667 0.44583333333333336 0.17552083333333332 0.10666666666666667
4 0.9979166666666667 0.4483333333333333 0.004166666666666667 0.11666666666666667
2 0.7315104166666667 0.3616666666666667 0.1078125 0.051666666666666666
0 0.5653645833333333 0.3620833333333333 0.0984375 0.07583333333333334
4 0.37265625 0.36541666666666667 0.12552083333333333 0.09916666666666667
4 0.371875 0.4404166666666667 0.14583333333333334 0.10916666666666666
3 0.30963541666666666 0.5116666666666667 0.20572916666666666 0.16
2 0.08203125 0.5220833333333333 0.1640625 0.14416666666666667
2 0.14375 0.4425 0.16770833333333332 0.10833333333333334
2 0.19140625 0.37916666666666665 0.14635416666666667 0.085
2 0.039322916666666666 0.37958333333333333 0.07864583333333333 0.0875
2 0.0 0.44458333333333333 0.0 0.11583333333333333
2 0.1390625 0.34041666666666665 0.121875 0.0775
2 0.41041666666666665 0.34125 0.06770833333333333 0.04583333333333333
2 0.5333333333333333 0.32166666666666666 0.103125 0.07166666666666667
4 0.7307291666666667 0.30791666666666667 0.109375 0.0725
0 0.9013020833333333 0.34125 0.10572916666666667 0.07416666666666667
4 0.8958333333333334 0.315 0.115625 0.07833333333333334