2 0.3963541666666667 0.5591666666666667 0.09270833333333334 0.09666666666666666
4 0.33098958333333334 0.5425 0.07760416666666667 0.08
2 0.19557291666666668 0.6845833333333333 0.14114583333333333 0.14583333333333334
4 0.159375 0.635 0.15625 0.145
2 0.03515625 0.8395833333333333 0.0703125 0.2225
2 0.03046875 0.7791666666666667 0.0609375 0.215
2 0.1890625 0.5245833333333333 0.08854166666666667 0.06916666666666667
2 0.14192708333333334 0.5279166666666667 0.07552083333333333 0.060833333333333336
15 0.48125 0.49541666666666667 0.020833333333333332 0.029166666666666667
15 0.65703125 0.4891666666666667 0.03802083333333333 0.023333333333333334
15 0.6643229166666667 0.4775 0.03697916666666667 0.028333333333333332
2 0.34453125 0.7558333333333334 0.19114583333333332 0.19333333333333333
2 0.459375 0.41833333333333333 0.035416666666666666 0.03333333333333333
2 0.019791666666666666 0.60125 0.026041666666666668 0.050833333333333335
2 0.011458333333333333 0.605 0.022916666666666665 0.10166666666666667