2 0.9473958333333333 0.6608333333333334 0.10520833333333333 0.105
2 0.7705729166666667 0.7483333333333333 0.19322916666666667 0.12333333333333334
2 0.0 0.7279166666666667 0.0 0.1325
2 0.38645833333333335 0.5804166666666667 0.11458333333333333 0.0825
2 0.21328125 0.5883333333333334 0.13802083333333334 0.08333333333333333
2 0.0 0.6008333333333333 0.0 0.08666666666666667
4 0.5669270833333333 0.5729166666666666 0.10052083333333334 0.0775
2 0.7200520833333334 0.57 0.1109375 0.06666666666666667
4 0.8416666666666667 0.55375 0.11770833333333333 0.07916666666666666
2 0.5127604166666667 0.5433333333333333 0.08177083333333333 0.065
4 0.5989583333333334 0.5120833333333333 0.09166666666666666 0.059166666666666666
2 0.7276041666666667 0.4979166666666667 0.06770833333333333 0.0575
2 0.9903645833333333 0.9904166666666666 0.019270833333333334 0.019166666666666665
13 0.9020833333333333 0.965 0.146875 0.07
2 0.71015625 0.54 0.0953125 0.06166666666666667
2 0.7815104166666667 0.4741666666666667 0.049479166666666664 0.016666666666666666
4 0.2669270833333333 0.46958333333333335 0.0453125 0.009166666666666667
4 0.10234375 0.45875 0.04114583333333333 0.034166666666666665