4 0.18984375 0.6270833333333333 0.12447916666666667 0.1225
5 0.35078125 0.5741666666666667 0.11302083333333333 0.11333333333333333
4 0.32421875 0.5429166666666667 0.07447916666666667 0.0775
13 0.52890625 0.5416666666666666 0.027604166666666666 0.035
9 0.984375 0.43125 0.03125 0.10583333333333333
13 0.9346354166666667 0.4370833333333333 0.0067708333333333336 0.004166666666666667
2 0.21692708333333333 0.51375 0.09010416666666667 0.06916666666666667
2 0.15520833333333334 0.49375 0.058333333333333334 0.050833333333333335
5 0.8963541666666667 0.4675 0.15104166666666666 0.08833333333333333
2 0.0 0.8704166666666666 0.0 0.25916666666666666
0 0.023177083333333334 0.60875 0.0359375 0.05416666666666667
2 0.12473958333333333 0.5383333333333333 0.016145833333333335 0.018333333333333333