4 0.37135416666666665 0.5654166666666667 0.09166666666666666 0.0925
6 0.22994791666666667 0.6479166666666667 0.15052083333333333 0.15083333333333335
4 0.18723958333333332 0.6270833333333333 0.10885416666666667 0.10583333333333333
4 0.3489583333333333 0.5366666666666666 0.09583333333333334 0.08666666666666667
2 0.0015625 0.7929166666666667 0.003125 0.1025
11 0.14895833333333333 0.81375 0.29791666666666666 0.3725
4 0.21458333333333332 0.51375 0.08020833333333334 0.06416666666666666
2 0.22005208333333334 0.4925 0.06510416666666667 0.05333333333333334
6 0.07916666666666666 0.58375 0.12708333333333333 0.09083333333333334
2 0.14947916666666666 0.53625 0.03958333333333333 0.0175
2 0.0033854166666666668 0.6279166666666667 0.0067708333333333336 0.10916666666666666
2 0.5484375 0.42291666666666666 0.04895833333333333 0.04083333333333333
4 0.60703125 0.45208333333333334 0.05572916666666667 0.0525
4 0.7390625 0.4395833333333333 0.07708333333333334 0.0525
15 0.7380208333333333 0.5041666666666667 0.014583333333333334 0.018333333333333333
2 0.9763020833333333 0.5529166666666666 0.04739583333333333 0.09916666666666667
15 0.4609375 0.4841666666666667 0.020833333333333332 0.015
15 0.3614583333333333 0.445 0.0125 0.011666666666666667