15 0.57578125 0.5491666666666667 0.028645833333333332 0.028333333333333332
15 0.5432291666666667 0.5275 0.020833333333333332 0.023333333333333334
15 0.5841145833333333 0.5125 0.0171875 0.018333333333333333
15 0.6234375 0.4970833333333333 0.020833333333333332 0.0125
15 0.8338541666666667 0.6275 0.04479166666666667 0.03333333333333333
4 0.29609375 0.5575 0.09114583333333333 0.09166666666666666
5 0.20963541666666666 0.5075 0.06822916666666666 0.058333333333333334
2 0.22369791666666666 0.6616666666666666 0.14114583333333333 0.14166666666666666
4 0.3723958333333333 0.5604166666666667 0.08854166666666667 0.09583333333333334
6 0.8966145833333333 0.4141666666666667 0.0671875 0.023333333333333334
2 0.7682291666666666 0.42541666666666667 0.06770833333333333 0.050833333333333335
6 0.96171875 0.41625 0.0765625 0.05583333333333333