2 0.04791666666666667 0.5291666666666667 0.09583333333333334 0.12333333333333334
4 0.26536458333333335 0.5279166666666667 0.20572916666666666 0.14583333333333334
3 0.5825520833333333 0.5170833333333333 0.1984375 0.14916666666666667
2 0.8338541666666667 0.52875 0.18854166666666666 0.12416666666666666
2 0.96484375 0.4479166666666667 0.0703125 0.09083333333333334
3 0.7536458333333333 0.44625 0.1875 0.11583333333333333
2 0.4544270833333333 0.44916666666666666 0.15260416666666668 0.105
2 0.20130208333333333 0.455 0.16927083333333334 0.095
2 0.00625 0.4508333333333333 0.0125 0.08833333333333333
2 0.06510416666666667 0.3825 0.13020833333333334 0.08833333333333333
2 0.24661458333333333 0.37375 0.13489583333333333 0.09416666666666666
2 0.45703125 0.3720833333333333 0.12239583333333333 0.08583333333333333
2 0.64765625 0.3545833333333333 0.1234375 0.0825
4 0.7940104166666667 0.35375 0.10885416666666667 0.0775
2 0.9380208333333333 0.3416666666666667 0.12083333333333333 0.07
6 0.7802083333333333 0.30666666666666664 0.12916666666666668 0.08166666666666667
2 0.64140625 0.31833333333333336 0.0953125 0.075
6 0.47630208333333335 0.3120833333333333 0.11927083333333334 0.09083333333333334
4 0.3182291666666667 0.3304166666666667 0.10833333333333334 0.07916666666666666
13 0.9296875 0.77375 0.140625 0.14083333333333334
2 1.0 0.8545833333333334 0.0 0.20916666666666667