13 0.4200520833333333 0.515 0.04635416666666667 0.03666666666666667
13 0.465625 0.5316666666666666 0.04895833333333333 0.03666666666666667
4 0.35598958333333336 0.5766666666666667 0.0984375 0.10333333333333333
4 0.27239583333333334 0.58 0.09895833333333333 0.09666666666666666
1 0.24375 0.65 0.11041666666666666 0.12166666666666667
2 0.21354166666666666 0.5120833333333333 0.078125 0.060833333333333336
2 0.14505208333333333 0.5325 0.0609375 0.03666666666666667
2 0.015104166666666667 0.60375 0.030208333333333334 0.09416666666666666
4 0.6690104166666667 0.45125 0.050520833333333334 0.03916666666666667
13 0.5466145833333333 0.53 0.03802083333333333 0.03333333333333333
15 0.46197916666666666 0.4979166666666667 0.019791666666666666 0.0175
15 0.471875 0.48291666666666666 0.01875 0.019166666666666665
15 0.5119791666666667 0.48375 0.019791666666666666 0.0175