15 0.6151041666666667 0.49041666666666667 0.025 0.024166666666666666
15 0.5966145833333333 0.5029166666666667 0.025520833333333333 0.019166666666666665
15 0.58984375 0.5120833333333333 0.018229166666666668 0.0225
2 0.23645833333333333 0.6025 0.06145833333333333 0.08166666666666667
6 0.32135416666666666 0.5945833333333334 0.12708333333333333 0.12916666666666668
6 0.13125 0.70875 0.23333333333333334 0.2325
2 0.02109375 0.7604166666666666 0.0421875 0.15583333333333332
2 0.15338541666666666 0.5245833333333333 0.07447916666666667 0.050833333333333335
6 0.22682291666666668 0.50375 0.08697916666666666 0.07083333333333333
2 0.15703125 0.5620833333333334 0.0203125 0.015833333333333335
2 0.013020833333333334 0.6041666666666666 0.026041666666666668 0.05333333333333334
4 0.8705729166666667 0.4195833333333333 0.08177083333333333 0.025833333333333333
4 0.5106770833333333 0.43083333333333335 0.050520833333333334 0.03166666666666667