2 0.921875 0.3433333333333333 0.06354166666666666 0.065
5 0.20520833333333333 0.24416666666666667 0.07291666666666667 0.041666666666666664
5 0.7190104166666667 0.25458333333333333 0.009895833333333333 0.005833333333333334
5 0.85625 0.4483333333333333 0.20208333333333334 0.12
0 0.084375 0.44416666666666665 0.14479166666666668 0.08833333333333333
9 0.54375 0.3283333333333333 0.2875 0.15166666666666667
4 0.11979166666666667 0.3745833333333333 0.159375 0.0975
2 0.11588541666666667 0.33958333333333335 0.1328125 0.06583333333333333
0 0.0 0.3225 0.0 0.06833333333333333
0 0.7783854166666667 0.26458333333333334 0.0515625 0.0625
0 0.8643229166666667 0.30666666666666664 0.0265625 0.04666666666666667
4 0.37526041666666665 0.3279166666666667 0.06302083333333333 0.07583333333333334