5 0.36171875 0.5654166666666667 0.10885416666666667 0.10916666666666666
2 0.18072916666666666 0.6925 0.1625 0.16333333333333333
4 0.24140625 0.5925 0.10885416666666667 0.105
0 0.061197916666666664 0.7225 0.12239583333333333 0.175
2 0.016666666666666666 0.6283333333333333 0.03333333333333333 0.12166666666666667
4 0.178125 0.5266666666666666 0.0875 0.07
2 0.13229166666666667 0.5395833333333333 0.025 0.014166666666666666
4 0.7611979166666667 0.46041666666666664 0.08385416666666666 0.060833333333333336
2 0.55390625 0.41583333333333333 0.03697916666666667 0.03333333333333333
2 0.98203125 0.46125 0.0359375 0.059166666666666666
15 0.9536458333333333 0.70375 0.030208333333333334 0.059166666666666666
15 0.7471354166666667 0.4970833333333333 0.0265625 0.020833333333333332
15 0.34869791666666666 0.43 0.011979166666666667 0.01
15 0.6572916666666667 0.63 0.027083333333333334 0.041666666666666664
15 0.6440104166666667 0.5870833333333333 0.043229166666666666 0.034166666666666665
15 0.6018229166666667 0.5641666666666667 0.03177083333333333 0.02666666666666667
15 0.5026041666666666 0.5120833333333333 0.019791666666666666 0.0225
15 0.5505208333333333 0.46875 0.017708333333333333 0.015833333333333335