4 0.29401041666666666 0.5608333333333333 0.0984375 0.095
2 0.34088541666666666 0.5854166666666667 0.10572916666666667 0.1125
4 0.134375 0.6595833333333333 0.14166666666666666 0.1275
15 0.54765625 0.5266666666666666 0.021354166666666667 0.021666666666666667
15 1.0 0.6958333333333333 0.0 0.09333333333333334
2 0.0049479166666666664 0.8125 0.009895833333333333 0.195
4 0.24166666666666667 0.50375 0.06979166666666667 0.0625
2 0.16614583333333333 0.5195833333333333 0.08333333333333333 0.06583333333333333
2 0.010677083333333334 0.5879166666666666 0.021354166666666667 0.04416666666666667
2 0.31796875 0.44125 0.04635416666666667 0.025833333333333333
2 0.5518229166666667 0.3804166666666667 0.0234375 0.0225