6 0.9940104166666667 0.50875 0.011979166666666667 0.16083333333333333
3 0.8828125 0.5220833333333333 0.234375 0.15416666666666667
2 0.653125 0.5204166666666666 0.17604166666666668 0.1275
2 0.8786458333333333 0.34625 0.128125 0.07416666666666667
2 0.73125 0.355 0.12291666666666666 0.07666666666666666
2 0.8325520833333333 0.31166666666666665 0.1078125 0.07
3 0.534375 0.35833333333333334 0.12395833333333334 0.10166666666666667
3 0.95546875 0.43875 0.0890625 0.12916666666666668
3 0.17942708333333332 0.37125 0.1609375 0.0975
2 0.6526041666666667 0.31875 0.103125 0.06416666666666666
1 0.48098958333333336 0.32375 0.0546875 0.0625
2 0.7541666666666667 0.4429166666666667 0.16354166666666667 0.0975
4 0.19635416666666666 0.24 0.05416666666666667 0.011666666666666667
4 0.7950520833333333 0.24625 0.07760416666666667 0.035833333333333335