2 0.3893229166666667 0.56375 0.09010416666666667 0.0975
4 0.33203125 0.5425 0.07864583333333333 0.08166666666666667
2 0.2 0.6841666666666667 0.14791666666666667 0.14833333333333334
4 0.16015625 0.63375 0.1515625 0.13916666666666666
2 0.03359375 0.83875 0.0671875 0.21916666666666668
2 0.029947916666666668 0.7775 0.059895833333333336 0.21166666666666667
15 0.5541666666666667 0.51875 0.030208333333333334 0.020833333333333332
15 0.6651041666666667 0.47375 0.03229166666666667 0.024166666666666666
2 0.7794270833333333 0.4395833333333333 0.07447916666666667 0.0225
9 0.9247395833333333 0.40791666666666665 0.15052083333333333 0.0875
2 1.0 0.4870833333333333 0.0 0.0875
4 1.0 0.5466666666666666 0.0 0.15166666666666667
2 0.18880208333333334 0.52625 0.08802083333333334 0.07083333333333333
2 0.14401041666666667 0.5283333333333333 0.0734375 0.06166666666666667
2 0.011197916666666667 0.6066666666666667 0.022395833333333334 0.105
2 0.019010416666666665 0.6020833333333333 0.027604166666666666 0.05583333333333333