2 0.3536458333333333 0.5895833333333333 0.1 0.10416666666666667
4 0.2794270833333333 0.5729166666666666 0.09427083333333333 0.09583333333333334
4 0.18151041666666667 0.6979166666666666 0.14635416666666667 0.15416666666666667
4 0.09973958333333334 0.6791666666666667 0.1578125 0.145
3 0.21614583333333334 0.5104166666666666 0.08020833333333334 0.07083333333333333
15 0.5221354166666666 0.47 0.0234375 0.02
15 0.49947916666666664 0.47 0.020833333333333332 0.01
15 0.4625 0.46875 0.016666666666666666 0.0125
15 0.51640625 0.4841666666666667 0.021354166666666667 0.018333333333333333
15 0.45859375 0.4841666666666667 0.021354166666666667 0.018333333333333333
15 0.49557291666666664 0.48375 0.0203125 0.015833333333333335
15 0.44036458333333334 0.49875 0.025520833333333333 0.0225
15 0.7369791666666666 0.4970833333333333 0.025 0.0225
4 0.5705729166666667 0.4116666666666667 0.0484375 0.03666666666666667
4 0.5276041666666667 0.41875 0.03958333333333333 0.03916666666666667
4 0.47239583333333335 0.4245833333333333 0.028125 0.0325
15 0.7372395833333333 0.6183333333333333 0.04114583333333333 0.03666666666666667