4 0.8341145833333333 0.5304166666666666 0.1890625 0.1275
3 0.5822916666666667 0.5175 0.20208333333333334 0.15333333333333332
3 0.5859375 0.4479166666666667 0.16770833333333332 0.12416666666666666
4 0.21067708333333332 0.5245833333333333 0.21510416666666668 0.14916666666666667
2 0.26484375 0.4479166666666667 0.17135416666666667 0.10916666666666666
2 0.45651041666666664 0.3725 0.12239583333333333 0.08833333333333333
13 0.8309895833333333 0.43625 0.0828125 0.049166666666666664
2 0.64765625 0.355 0.1234375 0.08
4 0.7942708333333334 0.3545833333333333 0.10833333333333334 0.07583333333333334
6 0.384375 0.3125 0.121875 0.09166666666666666
2 0.5630208333333333 0.32625 0.09895833333333333 0.0725
6 0.70625 0.31083333333333335 0.12083333333333333 0.07833333333333334
2 0.5419270833333333 0.2991666666666667 0.09010416666666667 0.06333333333333334
4 0.66796875 0.29333333333333333 0.08072916666666667 0.058333333333333334
2 0.7791666666666667 0.285 0.07291666666666667 0.06833333333333333
2 0.9380208333333333 0.34208333333333335 0.11875 0.06916666666666667
2 0.9645833333333333 0.4475 0.07083333333333333 0.09666666666666666
2 1.0 0.8545833333333334 0.0 0.19583333333333333
13 0.9294270833333333 0.7745833333333333 0.14114583333333333 0.14083333333333334
2 0.028125 0.5270833333333333 0.05625 0.1225
2 0.07005208333333333 0.4483333333333333 0.14010416666666667 0.10166666666666667
4 0.24661458333333333 0.37333333333333335 0.13489583333333333 0.095
2 0.06484375 0.3825 0.1296875 0.09
4 0.19583333333333333 0.33458333333333334 0.12291666666666666 0.08083333333333333
3 0.22395833333333334 0.24458333333333335 0.05625 0.005833333333333334