3 0.3653645833333333 0.5675 0.10989583333333333 0.10833333333333334
2 0.29322916666666665 0.565 0.11145833333333334 0.09666666666666666
6 0.1921875 0.6508333333333334 0.18229166666666666 0.17833333333333334
15 0.5776041666666667 0.5408333333333334 0.021875 0.02
15 0.5684895833333333 0.5129166666666667 0.021354166666666667 0.0175
15 0.6552083333333333 0.5125 0.022916666666666665 0.018333333333333333
15 0.6244791666666667 0.4970833333333333 0.013541666666666667 0.025833333333333333
3 0.011458333333333333 0.5504166666666667 0.022916666666666665 0.07583333333333334
0 0.23984375 0.47708333333333336 0.04739583333333333 0.019166666666666665
2 0.184375 0.5279166666666667 0.096875 0.07583333333333334
3 0.0 0.7333333333333333 0.0 0.13166666666666665
2 0.7411458333333333 0.42625 0.021875 0.009166666666666667