2 0.35833333333333334 0.5720833333333334 0.0875 0.08083333333333333
2 0.32708333333333334 0.5433333333333333 0.08645833333333333 0.085
4 0.19036458333333334 0.6879166666666666 0.1640625 0.16583333333333333
6 0.11692708333333333 0.6416666666666667 0.1859375 0.165
2 0.8505208333333333 0.5995833333333334 0.14791666666666667 0.10416666666666667
15 0.60703125 0.4979166666666667 0.0140625 0.0175
15 0.5984375 0.49833333333333335 0.016666666666666666 0.02
15 0.6796875 0.5275 0.021875 0.02
2 0.984375 0.46416666666666667 0.03125 0.035
2 0.9997395833333333 0.435 0.0005208333333333333 0.06333333333333334
15 0.62421875 0.5058333333333334 0.022395833333333334 0.02
15 0.6291666666666667 0.4975 0.014583333333333334 0.01
6 0.20807291666666666 0.49625 0.09427083333333333 0.07416666666666667
4 0.14453125 0.5308333333333334 0.05677083333333333 0.028333333333333332