2 0.05286458333333333 0.8295833333333333 0.10572916666666667 0.25416666666666665
2 0.13307291666666668 0.6675 0.17135416666666667 0.155
2 0.21901041666666668 0.6691666666666667 0.1453125 0.14666666666666667
3 0.30130208333333336 0.5633333333333334 0.09427083333333333 0.10166666666666667
2 0.37916666666666665 0.5658333333333333 0.09583333333333334 0.10166666666666667
1 0.22552083333333334 0.5079166666666667 0.06145833333333333 0.0525
2 0.14609375 0.5525 0.06614583333333333 0.058333333333333334
2 0.00859375 0.5483333333333333 0.0171875 0.04666666666666667
2 0.3109375 0.45708333333333334 0.05520833333333333 0.03916666666666667
15 0.76015625 0.49666666666666665 0.0265625 0.018333333333333333
15 0.6065104166666667 0.4970833333333333 0.0171875 0.015833333333333335
15 0.60234375 0.49666666666666665 0.0171875 0.021666666666666667
15 0.5934895833333333 0.5129166666666667 0.018229166666666668 0.0225
13 0.5690104166666666 0.5366666666666666 0.027604166666666666 0.028333333333333332
2 0.671875 0.41375 0.041666666666666664 0.0175
3 0.9716145833333333 0.44708333333333333 0.05677083333333333 0.059166666666666666
2 0.14973958333333334 0.5291666666666667 0.049479166666666664 0.025
2 0.0013020833333333333 0.6604166666666667 0.0026041666666666665 0.1375
2 0.015364583333333333 0.6079166666666667 0.024479166666666666 0.020833333333333332