4 0.34739583333333335 0.575 0.09479166666666666 0.10166666666666667
2 0.33255208333333336 0.5441666666666667 0.0828125 0.07666666666666666
4 0.15442708333333333 0.7120833333333333 0.1765625 0.18083333333333335
11 0.016145833333333335 0.83375 0.03229166666666667 0.3325
4 0.17473958333333334 0.5275 0.07447916666666667 0.06333333333333334
2 0.13046875 0.5375 0.028645833333333332 0.018333333333333333
2 0.016145833333333335 0.62 0.03229166666666667 0.02666666666666667
2 0.03671875 0.7204166666666667 0.0734375 0.13916666666666666
4 1.0 0.5220833333333333 0.0 0.1125
1 0.6989583333333333 0.46791666666666665 0.06666666666666667 0.0575
2 0.65703125 0.4425 0.043229166666666666 0.02666666666666667
11 0.49270833333333336 0.3983333333333333 0.09895833333333333 0.06666666666666667
13 0.47734375 0.4979166666666667 0.027604166666666666 0.0325
13 0.4395833333333333 0.4325 0.0125 0.011666666666666667
15 0.76015625 0.5045833333333334 0.015104166666666667 0.020833333333333332
15 0.68984375 0.4825 0.025520833333333333 0.02
15 0.6716145833333333 0.4825 0.022395833333333334 0.015
15 0.4161458333333333 0.48375 0.020833333333333332 0.015833333333333335
15 0.5127604166666667 0.4820833333333333 0.0203125 0.0175
15 0.49921875 0.4975 0.0171875 0.015
15 0.5049479166666667 0.48333333333333334 0.016145833333333335 0.016666666666666666
15 0.32838541666666665 0.44375 0.0109375 0.009166666666666667
15 0.3885416666666667 0.43041666666666667 0.011458333333333333 0.010833333333333334
15 0.34791666666666665 0.43041666666666667 0.013541666666666667 0.010833333333333334
15 0.3651041666666667 0.4295833333333333 0.013541666666666667 0.010833333333333334