4 0.35989583333333336 0.5716666666666667 0.09270833333333334 0.10333333333333333
4 0.23776041666666667 0.6533333333333333 0.1296875 0.13666666666666666
2 0.06536458333333334 0.81 0.13072916666666667 0.24666666666666667
2 0.2791666666666667 0.5758333333333333 0.10833333333333334 0.10833333333333334
5 0.10026041666666667 0.6708333333333333 0.18697916666666667 0.16333333333333333
3 0.15859375 0.5325 0.1109375 0.08333333333333333
2 0.015885416666666666 0.63125 0.03177083333333333 0.1025
15 0.6864583333333333 0.4891666666666667 0.013541666666666667 0.015
15 0.7703125 0.5041666666666667 0.017708333333333333 0.023333333333333334
15 0.37838541666666664 0.44916666666666666 0.0171875 0.011666666666666667
15 0.40729166666666666 0.44625 0.013541666666666667 0.015833333333333335
15 0.4140625 0.44166666666666665 0.019791666666666666 0.018333333333333333
15 0.3963541666666667 0.45625 0.01875 0.014166666666666666
15 0.3966145833333333 0.4295833333333333 0.021354166666666667 0.020833333333333332
15 0.9197916666666667 0.41 0.01875 0.016666666666666666
15 0.91015625 0.40125 0.0015625 0.0075
13 0.8752604166666667 0.39666666666666667 0.019270833333333334 0.013333333333333334
2 0.74296875 0.4741666666666667 0.0984375 0.09
4 0.8127604166666667 0.4625 0.07760416666666667 0.03666666666666667
4 0.6028645833333334 0.4479166666666667 0.04635416666666667 0.030833333333333334
2 0.5643229166666667 0.41791666666666666 0.033854166666666664 0.0175
2 0.51640625 0.4345833333333333 0.0453125 0.03916666666666667