2 1.0 0.8545833333333334 0.0 0.2125
13 0.93046875 0.7770833333333333 0.1390625 0.15083333333333335
4 0.96484375 0.44625 0.0703125 0.10583333333333333
3 0.86484375 0.5083333333333333 0.23385416666666667 0.15833333333333333
2 0.66015625 0.45416666666666666 0.1671875 0.10333333333333333
3 0.43020833333333336 0.5120833333333333 0.19270833333333334 0.15916666666666668
4 0.37473958333333335 0.44 0.14739583333333334 0.10833333333333334
4 0.40598958333333335 0.36541666666666667 0.11927083333333334 0.09083333333333334
0 0.6143229166666667 0.36 0.09947916666666666 0.07
2 0.11119791666666666 0.5216666666666666 0.20989583333333334 0.14166666666666666
2 0.14401041666666667 0.4429166666666667 0.1640625 0.1075
2 0.20182291666666666 0.3745833333333333 0.14739583333333334 0.08916666666666667
2 0.5815104166666667 0.3204166666666667 0.1046875 0.0725
4 0.740625 0.31375 0.11041666666666666 0.07416666666666667
2 0.7802083333333333 0.35791666666666666 0.11145833333333334 0.0625
2 0.13697916666666668 0.3433333333333333 0.125 0.08
2 0.42265625 0.325 0.0765625 0.06833333333333333
2 0.039322916666666666 0.38166666666666665 0.07864583333333333 0.08833333333333333
2 0.0 0.44416666666666665 0.0 0.11
4 0.89140625 0.3129166666666667 0.1078125 0.0675