2 0.45755208333333336 0.6104166666666667 0.2171875 0.15916666666666668
2 0.8481770833333333 0.5266666666666666 0.20885416666666667 0.12333333333333334
2 0.06302083333333333 0.4920833333333333 0.12604166666666666 0.1325
4 0.9510416666666667 0.44083333333333335 0.09791666666666667 0.11666666666666667
2 0.6432291666666666 0.44666666666666666 0.15729166666666666 0.10166666666666667
2 0.8588541666666667 0.35583333333333333 0.11354166666666667 0.056666666666666664
2 0.6739583333333333 0.3541666666666667 0.12395833333333334 0.08833333333333333
13 0.5583333333333333 0.3541666666666667 0.06145833333333333 0.04666666666666667
2 0.5828125 0.31916666666666665 0.10520833333333333 0.06833333333333333
13 0.3671875 0.29791666666666666 0.04583333333333333 0.029166666666666667
2 0.0046875 0.34125 0.009375 0.04583333333333333
1 0.8161458333333333 0.28 0.036458333333333336 0.075