4 0.91328125 0.6554166666666666 0.1734375 0.10583333333333333
2 0.7151041666666667 0.6491666666666667 0.15625 0.10333333333333333
13 0.9002604166666667 0.96375 0.15260416666666668 0.0725
4 0.9763020833333333 0.5454166666666667 0.04739583333333333 0.029166666666666667
2 0.8674479166666667 0.545 0.009895833333333333 0.0033333333333333335
6 0.77421875 0.5516666666666666 0.1265625 0.08333333333333333
2 0.6841145833333333 0.5408333333333334 0.0828125 0.06166666666666667
2 0.65625 0.57125 0.10729166666666666 0.0675
2 0.5622395833333333 0.53625 0.09739583333333333 0.06416666666666666
0 0.4518229166666667 0.5383333333333333 0.0796875 0.058333333333333334
2 0.4609375 0.5766666666666667 0.10416666666666667 0.08333333333333333
4 0.71640625 0.5195833333333333 0.0328125 0.0675
2 0.25807291666666665 0.58375 0.1265625 0.07916666666666666
4 0.28854166666666664 0.5425 0.1 0.06166666666666667
2 0.07291666666666667 0.59375 0.13541666666666666 0.0775
2 0.14609375 0.55 0.1171875 0.06833333333333333
2 0.025 0.5483333333333333 0.05 0.07666666666666666
2 1.0 0.8883333333333333 0.0 0.21