2 0.39609375 0.56375 0.0921875 0.09416666666666666
4 0.33229166666666665 0.5470833333333334 0.07916666666666666 0.08083333333333333
2 0.19635416666666666 0.6833333333333333 0.14166666666666666 0.14
4 0.1625 0.635 0.153125 0.14
2 0.03333333333333333 0.8375 0.06666666666666667 0.21666666666666667
2 0.030208333333333334 0.78125 0.06041666666666667 0.21416666666666667
2 0.18854166666666666 0.5279166666666667 0.0875 0.06916666666666667
2 0.14322916666666666 0.5270833333333333 0.07395833333333333 0.059166666666666666
2 0.8390625 0.5979166666666667 0.14791666666666667 0.09916666666666667
15 0.6583333333333333 0.4895833333333333 0.022916666666666665 0.024166666666666666
15 0.66484375 0.475 0.0359375 0.025
15 0.4270833333333333 0.46875 0.01875 0.020833333333333332
15 0.4203125 0.44666666666666666 0.010416666666666666 0.008333333333333333
13 0.5700520833333333 0.4395833333333333 0.030729166666666665 0.019166666666666665
2 0.6291666666666667 0.4370833333333333 0.06041666666666667 0.024166666666666666
2 0.984375 0.5183333333333333 0.03125 0.09166666666666666
2 0.019010416666666665 0.60125 0.027604166666666666 0.05583333333333333
2 0.009635416666666667 0.6054166666666667 0.019270833333333334 0.0975