6 0.3963541666666667 0.5470833333333334 0.1 0.10083333333333333
2 0.24765625 0.65 0.12760416666666666 0.13166666666666665
2 0.07473958333333333 0.8016666666666666 0.14947916666666666 0.24
13 0.24973958333333332 0.5941666666666666 0.05260416666666667 0.05333333333333334
2 0.0796875 0.6945833333333333 0.159375 0.15583333333333332
4 0.3416666666666667 0.5341666666666667 0.08229166666666667 0.07666666666666666
6 0.24114583333333334 0.48625 0.121875 0.08916666666666667
15 0.5572916666666666 0.5133333333333333 0.015625 0.016666666666666666
15 0.6145833333333334 0.4979166666666667 0.017708333333333333 0.024166666666666666
13 0.6 0.4725 0.04479166666666667 0.03
13 0.6734375 0.49583333333333335 0.034375 0.03166666666666667
1 0.6119791666666666 0.40166666666666667 0.036458333333333336 0.016666666666666666
11 0.7544270833333333 0.39125 0.12239583333333333 0.0625
2 0.7442708333333333 0.43875 0.05520833333333333 0.020833333333333332
2 0.15234375 0.5458333333333333 0.08489583333333334 0.07333333333333333