4 1.0 0.6945833333333333 0.0 0.22416666666666665
15 0.7096354166666666 0.70375 0.0515625 0.05583333333333333
15 0.6416666666666667 0.5045833333333334 0.03229166666666667 0.0225
15 0.6111979166666667 0.505 0.0296875 0.021666666666666667
2 0.19765625 0.52125 0.0640625 0.05416666666666667
2 0.0203125 0.6075 0.036458333333333336 0.056666666666666664
2 0.25338541666666664 0.4795833333333333 0.0203125 0.029166666666666667
2 0.14088541666666668 0.52375 0.0421875 0.04416666666666667
4 0.0 0.63125 0.0 0.1125
0 0.0 0.5866666666666667 0.0 0.056666666666666664
4 0.13854166666666667 0.46875 0.023958333333333335 0.010833333333333334