4 0.36354166666666665 0.5691666666666667 0.09583333333333334 0.09666666666666666
2 0.3106770833333333 0.56375 0.06197916666666667 0.07916666666666666
2 0.17239583333333333 0.5420833333333334 0.07916666666666666 0.06416666666666666
4 0.134375 0.5279166666666667 0.05625 0.060833333333333336
4 0.19010416666666666 0.68625 0.17395833333333333 0.1725
4 0.017708333333333333 0.63625 0.035416666666666666 0.1225
15 0.5552083333333333 0.5266666666666666 0.01875 0.023333333333333334
15 0.5752604166666667 0.5154166666666666 0.0265625 0.0225
15 0.5940104166666667 0.51125 0.0171875 0.019166666666666665
15 0.6817708333333333 0.48833333333333334 0.041666666666666664 0.018333333333333333
15 0.70703125 0.51125 0.0265625 0.020833333333333332
15 0.6473958333333333 0.5016666666666667 0.028125 0.025
15 0.6286458333333333 0.4970833333333333 0.015625 0.019166666666666665
15 0.6317708333333333 0.5366666666666666 0.03854166666666667 0.02666666666666667
4 0.22291666666666668 0.47708333333333336 0.058333333333333334 0.0275
2 0.31223958333333335 0.7683333333333333 0.1671875 0.15333333333333332