2 0.353125 0.585 0.10104166666666667 0.10333333333333333
3 0.30416666666666664 0.5508333333333333 0.10416666666666667 0.09666666666666666
6 0.17369791666666667 0.6083333333333333 0.15989583333333332 0.14
2 0.084375 0.7683333333333333 0.16875 0.215
0 0.19635416666666666 0.5241666666666667 0.078125 0.06666666666666667
2 0.14348958333333334 0.5270833333333333 0.06197916666666667 0.03916666666666667
13 0.5322916666666667 0.54625 0.03854166666666667 0.03916666666666667
15 0.58203125 0.5120833333333333 0.021354166666666667 0.0225
15 0.6247395833333333 0.49083333333333334 0.0203125 0.025
4 0.80390625 0.5908333333333333 0.12447916666666667 0.10666666666666667
2 0.2526041666666667 0.46125 0.057291666666666664 0.034166666666666665
15 1.0 0.6345833333333334 0.0 0.06583333333333333
13 0.590625 0.5479166666666667 0.036458333333333336 0.030833333333333334
4 0.17604166666666668 0.4775 0.040625 0.05