4 0.43984375 0.5170833333333333 0.0828125 0.08083333333333333
2 0.3385416666666667 0.5870833333333333 0.109375 0.11416666666666667
4 0.21744791666666666 0.5083333333333333 0.07760416666666667 0.06666666666666667
5 0.13515625 0.5445833333333333 0.043229166666666666 0.025833333333333333
4 0.16953125 0.5129166666666667 0.030729166666666665 0.0425
2 0.2234375 0.4741666666666667 0.059375 0.035
4 0.34921875 0.4395833333333333 0.058854166666666666 0.03916666666666667
13 0.5325520833333334 0.5454166666666667 0.028645833333333332 0.0325
15 0.55546875 0.52125 0.027604166666666666 0.025833333333333333
15 0.56875 0.51875 0.026041666666666668 0.019166666666666665
15 0.5940104166666667 0.5120833333333333 0.0203125 0.019166666666666665
2 0.953125 0.44958333333333333 0.09375 0.059166666666666666
2 0.8611979166666667 0.4245833333333333 0.07447916666666667 0.0325
2 0.01640625 0.6341666666666667 0.0328125 0.10333333333333333