15 0.553125 0.5479166666666667 0.03125 0.024166666666666666
15 0.5229166666666667 0.53375 0.03229166666666667 0.03916666666666667
15 0.60625 0.535 0.035416666666666666 0.021666666666666667
4 0.35 0.5779166666666666 0.09583333333333334 0.10416666666666667
4 0.18828125 0.6904166666666667 0.17135416666666667 0.1725
4 0.007291666666666667 0.55125 0.014583333333333334 0.07916666666666666
3 0.19375 0.51625 0.09895833333333333 0.08083333333333333
3 0.018489583333333334 0.605 0.03697916666666667 0.08166666666666667
15 0.6651041666666667 0.4825 0.023958333333333335 0.016666666666666666
15 0.5674479166666667 0.5433333333333333 0.0453125 0.04833333333333333
13 0.55 0.5216666666666666 0.04375 0.03333333333333333
2 0.33541666666666664 0.5433333333333333 0.08125 0.07333333333333333
2 0.19036458333333334 0.6333333333333333 0.13385416666666666 0.11666666666666667
2 0.028385416666666666 0.77375 0.05677083333333333 0.20916666666666667
2 0.01484375 0.8570833333333333 0.0296875 0.2325
2 0.13489583333333333 0.5375 0.040625 0.023333333333333334