13 0.9296875 0.7758333333333334 0.140625 0.145
2 1.0 0.8545833333333334 0.0 0.23083333333333333
4 0.54140625 0.43375 0.1703125 0.10583333333333333
4 0.8309895833333333 0.43625 0.17239583333333333 0.1125
2 0.99921875 0.44916666666666666 0.0015625 0.105
2 0.26953125 0.45 0.15364583333333334 0.105
2 0.0578125 0.4454166666666667 0.115625 0.09583333333333334
4 0.053125 0.3804166666666667 0.10625 0.09416666666666666
4 0.22135416666666666 0.37625 0.13333333333333333 0.09083333333333334
2 0.42734375 0.3720833333333333 0.1234375 0.07416666666666667
4 0.61875 0.3525 0.13020833333333334 0.08666666666666667
4 0.8044270833333333 0.35125 0.11614583333333334 0.07416666666666667
4 0.9200520833333333 0.34375 0.10989583333333333 0.07416666666666667
4 1.0 0.3329166666666667 0.0 0.05583333333333333
1 0.8638020833333333 0.3145833333333333 0.0484375 0.060833333333333336
4 0.7546875 0.31375 0.09270833333333334 0.0725
3 0.6299479166666667 0.31333333333333335 0.11510416666666666 0.08166666666666667
11 0.38255208333333335 0.3016666666666667 0.2869791666666667 0.13166666666666665
4 0.09453125 0.3408333333333333 0.12135416666666667 0.07666666666666666
4 0.5565104166666667 0.2966666666666667 0.0546875 0.058333333333333334
1 0.6856770833333333 0.2891666666666667 0.06614583333333333 0.051666666666666666
3 0.7950520833333333 0.2825 0.08802083333333334 0.07
4 0.8856770833333333 0.60125 0.22864583333333333 0.1625