4 0.34765625 0.5779166666666666 0.09739583333333333 0.10416666666666667
2 0.33255208333333336 0.54375 0.0828125 0.07416666666666667
4 0.15390625 0.715 0.17552083333333332 0.18
11 0.016927083333333332 0.8308333333333333 0.033854166666666664 0.3383333333333333
4 0.14765625 0.6470833333333333 0.12135416666666667 0.11916666666666667
4 0.175 0.5304166666666666 0.07708333333333334 0.06416666666666666
2 0.13020833333333334 0.5379166666666667 0.029166666666666667 0.0225
2 0.01640625 0.6204166666666666 0.0328125 0.025833333333333333
2 0.7505208333333333 0.44583333333333336 0.08541666666666667 0.058333333333333334
15 0.7083333333333334 0.4979166666666667 0.03854166666666667 0.0325
15 0.7546875 0.505 0.016666666666666666 0.028333333333333332
15 0.6591145833333333 0.49666666666666665 0.022395833333333334 0.03
15 0.6684895833333333 0.4816666666666667 0.0203125 0.016666666666666666
15 0.6583333333333333 0.4666666666666667 0.005208333333333333 0.011666666666666667
15 0.8276041666666667 0.6820833333333334 0.04479166666666667 0.06416666666666666
15 0.9927083333333333 0.71 0.014583333333333334 0.06166666666666667