0 0.57265625 0.5133333333333333 0.16822916666666668 0.12666666666666668
2 0.71796875 0.455 0.17239583333333333 0.10333333333333333
4 0.30859375 0.5145833333333333 0.2046875 0.14416666666666667
0 0.8036458333333333 0.5195833333333333 0.153125 0.1225
4 0.9921875 0.5295833333333333 0.015625 0.13583333333333333
2 0.90703125 0.44166666666666665 0.1703125 0.105
4 0.4234375 0.445 0.13958333333333334 0.11333333333333333
2 0.07578125 0.5245833333333333 0.1515625 0.1275
2 0.023177083333333334 0.45375 0.04635416666666667 0.10416666666666667
2 0.058854166666666666 0.38625 0.11770833333333333 0.08916666666666667
2 0.20390625 0.37333333333333335 0.12760416666666666 0.08666666666666667
2 0.390625 0.36583333333333334 0.09270833333333334 0.07833333333333334
2 0.5908854166666667 0.36083333333333334 0.11927083333333334 0.08666666666666667
2 0.7466145833333333 0.34958333333333336 0.12552083333333333 0.0825
0 0.9296875 0.33916666666666667 0.121875 0.07166666666666667
4 0.5138020833333333 0.32708333333333334 0.10677083333333333 0.08583333333333333
4 0.33359375 0.3325 0.1015625 0.08
13 0.9291666666666667 0.7720833333333333 0.14166666666666666 0.1325
2 1.0 0.6641666666666667 0.0 0.185
4 0.6622395833333333 0.32 0.10572916666666667 0.06666666666666667
2 0.17265625 0.3541666666666667 0.1328125 0.065
2 0.034375 0.3441666666666667 0.06875 0.075
2 1.0 0.8533333333333334 0.0 0.19166666666666668
2 0.815625 0.3225 0.103125 0.035