11 0.18020833333333333 0.68875 0.36041666666666666 0.3475
2 0.3893229166666667 0.5566666666666666 0.0796875 0.08333333333333333
2 0.32864583333333336 0.5579166666666666 0.03333333333333333 0.034166666666666665
15 0.546875 0.52125 0.03333333333333333 0.030833333333333334
15 0.60546875 0.49083333333333334 0.0265625 0.018333333333333333
4 0.22291666666666668 0.4891666666666667 0.06145833333333333 0.051666666666666666
2 0.13489583333333333 0.5391666666666667 0.0375 0.028333333333333332
4 0.19036458333333334 0.535 0.08177083333333333 0.07166666666666667
2 0.015885416666666666 0.6120833333333333 0.03177083333333333 0.06916666666666667
6 0.4453125 0.42375 0.06354166666666666 0.0425
4 0.7072916666666667 0.41875 0.04375 0.030833333333333334
11 0.9239583333333333 0.41083333333333333 0.15208333333333332 0.1
2 0.9765625 0.45166666666666666 0.046875 0.051666666666666666
4 1.0 0.5608333333333333 0.0 0.08333333333333333
15 1.0 0.8179166666666666 0.0 0.13583333333333333
15 1.0 0.8079166666666666 0.0 0.0975