2 0.33177083333333335 0.5279166666666667 0.178125 0.12416666666666666
2 0.6596354166666667 0.5233333333333333 0.1765625 0.14166666666666666
4 0.9255208333333333 0.5125 0.14895833333333333 0.16166666666666665
3 0.8401041666666667 0.4370833333333333 0.1875 0.12083333333333333
2 0.54765625 0.4429166666666667 0.15052083333333333 0.09916666666666667
4 0.2559895833333333 0.4370833333333333 0.16302083333333334 0.10416666666666667
2 0.04869791666666667 0.4370833333333333 0.09739583333333333 0.09916666666666667
1 0.06380208333333333 0.385 0.12239583333333333 0.07833333333333334
2 0.10885416666666667 0.34041666666666665 0.13645833333333332 0.0775
2 0.27447916666666666 0.34541666666666665 0.10520833333333333 0.059166666666666666
4 0.3807291666666667 0.36583333333333334 0.115625 0.08833333333333333
2 0.46328125 0.33166666666666667 0.10364583333333334 0.07666666666666666
2 0.5895833333333333 0.36916666666666664 0.125 0.08
2 0.6442708333333333 0.32708333333333334 0.109375 0.06916666666666667
2 0.7666666666666667 0.3525 0.11666666666666667 0.07666666666666666
3 0.82265625 0.31083333333333335 0.1203125 0.07666666666666666
3 0.9578125 0.34 0.084375 0.08166666666666667
4 0.84296875 0.25666666666666665 0.058854166666666666 0.055
2 0.06510416666666667 0.5441666666666667 0.13020833333333334 0.10333333333333333