15 0.7510416666666667 0.50375 0.016666666666666666 0.0125
15 0.42734375 0.4608333333333333 0.0109375 0.008333333333333333
15 0.4080729166666667 0.4741666666666667 0.011979166666666667 0.016666666666666666
15 0.42109375 0.4691666666666667 0.022395833333333334 0.018333333333333333
15 0.46458333333333335 0.46125 0.011458333333333333 0.014166666666666666
15 0.47161458333333334 0.45375 0.0203125 0.014166666666666666
15 0.45677083333333335 0.4691666666666667 0.020833333333333332 0.013333333333333334
15 0.47604166666666664 0.4691666666666667 0.021875 0.015
15 0.55234375 0.53375 0.0296875 0.0275
15 0.37135416666666665 0.445 0.010416666666666666 0.013333333333333334
15 0.3890625 0.43833333333333335 0.003125 0.011666666666666667
15 0.4015625 0.43125 0.010416666666666666 0.0075
15 0.4119791666666667 0.4320833333333333 0.0125 0.010833333333333334
15 0.38697916666666665 0.42375 0.0010416666666666667 0.009166666666666667
4 0.2794270833333333 0.5691666666666667 0.09635416666666667 0.095
4 0.09791666666666667 0.6783333333333333 0.15625 0.15
4 0.18020833333333333 0.69625 0.153125 0.1575
4 0.9653645833333333 0.47041666666666665 0.06927083333333334 0.07083333333333333
4 0.9434895833333333 0.4925 0.11302083333333333 0.09166666666666666
4 0.5856770833333333 0.43125 0.0421875 0.04083333333333333
4 0.49765625 0.4241666666666667 0.0484375 0.04833333333333333
3 0.21588541666666666 0.5079166666666667 0.08489583333333334 0.07416666666666667
2 0.3536458333333333 0.5875 0.10104166666666667 0.11166666666666666
2 0.12760416666666666 0.5383333333333333 0.03125 0.03333333333333333
2 0.8026041666666667 0.49541666666666667 0.10104166666666667 0.07416666666666667
2 0.013541666666666667 0.6079166666666667 0.009375 0.034166666666666665
0 0.196875 0.455 0.034375 0.03833333333333333