1 0.9302083333333333 0.7395833333333334 0.13958333333333334 0.1175
2 0.9015625 0.6654166666666667 0.17083333333333334 0.09083333333333334
1 0.8140625 0.55875 0.084375 0.0625
4 0.8158854166666667 0.5291666666666667 0.0921875 0.051666666666666666
12 0.7013020833333333 0.5279166666666667 0.1109375 0.06583333333333333
4 0.61953125 0.5720833333333334 0.1015625 0.0775
2 0.53671875 0.5358333333333334 0.09114583333333333 0.06333333333333334
2 0.4078125 0.5458333333333333 0.08333333333333333 0.06666666666666667
2 0.7466145833333333 0.5075 0.0578125 0.05333333333333334
2 0.68671875 0.65375 0.1421875 0.09583333333333334
2 0.64609375 0.7183333333333334 0.17552083333333332 0.12166666666666667
2 0.27682291666666664 0.5595833333333333 0.1109375 0.0475
2 0.38619791666666664 0.5829166666666666 0.10260416666666666 0.08083333333333333
2 0.037760416666666664 0.56 0.07552083333333333 0.05
4 0.028385416666666666 0.5904166666666667 0.05677083333333333 0.08916666666666667
1 0.60859375 0.8570833333333333 0.16510416666666666 0.15916666666666668
2 0.7377604166666667 0.46625 0.0546875 0.005833333333333334