11 0.15989583333333332 0.72375 0.31979166666666664 0.37916666666666665
3 0.3729166666666667 0.565 0.10625 0.10833333333333334
6 0.1609375 0.53 0.10416666666666667 0.08333333333333333
2 0.015104166666666667 0.6325 0.030208333333333334 0.105
2 0.0 0.7645833333333333 0.0 0.08583333333333333
4 0.0 0.5579166666666666 0.0 0.0825
2 0.4484375 0.44083333333333335 0.04895833333333333 0.03333333333333333
2 0.9317708333333333 0.44708333333333333 0.10208333333333333 0.06583333333333333
0 1.0 0.4816666666666667 0.0 0.056666666666666664
15 0.8325520833333333 0.7283333333333334 0.0453125 0.075
15 0.8669270833333333 0.7054166666666667 0.034895833333333334 0.0525
15 0.5984375 0.5204166666666666 0.029166666666666667 0.0275
15 0.6075520833333333 0.5116666666666667 0.0203125 0.015
15 0.6244791666666667 0.4975 0.017708333333333333 0.021666666666666667
15 0.63515625 0.49041666666666667 0.0203125 0.0225
15 0.6299479166666667 0.49041666666666667 0.027604166666666666 0.015833333333333335