2 0.37213541666666666 0.5704166666666667 0.09739583333333333 0.09416666666666666
3 0.30052083333333335 0.56375 0.09375 0.09583333333333334
2 0.13776041666666666 0.6641666666666667 0.15989583333333332 0.15
2 0.21848958333333332 0.6691666666666667 0.14427083333333332 0.145
2 0.05234375 0.8291666666666667 0.1046875 0.25
1 0.22526041666666666 0.5075 0.06302083333333333 0.05333333333333334
2 0.14609375 0.5533333333333333 0.06614583333333333 0.058333333333333334
13 0.5692708333333333 0.5416666666666666 0.0375 0.03
15 0.5942708333333333 0.5125 0.019791666666666666 0.021666666666666667
15 0.6020833333333333 0.49625 0.014583333333333334 0.024166666666666666
15 0.60625 0.4975 0.015625 0.016666666666666666
15 0.76015625 0.49666666666666665 0.025520833333333333 0.02
4 0.43776041666666665 0.4404166666666667 0.05677083333333333 0.0275
2 0.771875 0.40791666666666665 0.06354166666666666 0.04083333333333333
2 0.9611979166666667 0.455 0.07760416666666667 0.06666666666666667
2 0.14973958333333334 0.52875 0.049479166666666664 0.024166666666666666
2 0.00234375 0.6604166666666667 0.0046875 0.13916666666666666
2 0.01484375 0.6083333333333333 0.0265625 0.021666666666666667