3 0.74296875 0.7429166666666667 0.22239583333333332 0.21916666666666668
2 0.9950520833333333 0.4404166666666667 0.009895833333333333 0.0625
2 1.0 0.4633333333333333 0.0 0.04
13 0.34427083333333336 0.5329166666666667 0.051041666666666666 0.04583333333333333
0 0.3921875 0.5570833333333334 0.07604166666666666 0.08416666666666667
15 0.7377604166666667 0.6195833333333334 0.033854166666666664 0.049166666666666664
15 0.63203125 0.4975 0.013020833333333334 0.02
4 0.171875 0.5358333333333334 0.08645833333333333 0.051666666666666666
2 0.12682291666666667 0.5370833333333334 0.0171875 0.010833333333333334
2 0.0020833333333333333 0.62125 0.004166666666666667 0.08916666666666667
2 0.0036458333333333334 0.6516666666666666 0.007291666666666667 0.11333333333333333
6 0.0 0.685 0.0 0.15166666666666667
4 0.1328125 0.48625 0.01875 0.0125