2 0.6169270833333333 0.44166666666666665 0.0515625 0.04
2 0.5104166666666666 0.46625 0.03958333333333333 0.0225
2 0.41171875 0.5525 0.0890625 0.095
2 0.23333333333333334 0.6008333333333333 0.11770833333333333 0.11
4 0.0 0.8583333333333333 0.0 0.22166666666666668
2 0.3528645833333333 0.4345833333333333 0.03802083333333333 0.035833333333333335
2 0.17057291666666666 0.5145833333333333 0.0828125 0.06583333333333333
2 0.15234375 0.5479166666666667 0.08697916666666666 0.06916666666666667
2 0.01328125 0.6083333333333333 0.0265625 0.09
2 0.0 0.9870833333333333 0.0 0.025833333333333333
2 1.0 0.7458333333333333 0.0 0.2916666666666667
15 0.81796875 0.4275 0.027604166666666666 0.016666666666666666
2 0.0 0.5666666666666667 0.0 0.065