4 0.89921875 0.33791666666666664 0.13385416666666666 0.08416666666666667
4 0.8033854166666666 0.31666666666666665 0.09427083333333333 0.04666666666666667
4 0.9765625 0.5275 0.046875 0.135
2 0.7421875 0.3595833333333333 0.115625 0.060833333333333336
2 0.66484375 0.3229166666666667 0.10364583333333334 0.04583333333333333
15 0.01796875 0.65375 0.0359375 0.13416666666666666
2 0.490625 0.32875 0.10104166666666667 0.0625
2 0.47265625 0.37 0.11614583333333334 0.085
4 0.28541666666666665 0.3725 0.13020833333333334 0.095
2 0.17916666666666667 0.33791666666666664 0.11875 0.0675
2 0.0 0.385 0.0 0.075
2 0.7361979166666667 0.25166666666666665 0.05364583333333333 0.008333333333333333