4 0.35963541666666665 0.5720833333333334 0.0953125 0.10416666666666667
4 0.23854166666666668 0.6554166666666666 0.13229166666666667 0.13583333333333333
2 0.06744791666666666 0.8091666666666667 0.13489583333333333 0.25333333333333335
2 0.2791666666666667 0.5766666666666667 0.1125 0.115
4 0.10052083333333334 0.6733333333333333 0.18958333333333333 0.16833333333333333
4 0.41796875 0.43833333333333335 0.05677083333333333 0.013333333333333334
15 0.6856770833333333 0.49666666666666665 0.025520833333333333 0.021666666666666667
15 0.7729166666666667 0.5029166666666667 0.03958333333333333 0.030833333333333334
15 0.5747395833333333 0.5166666666666667 0.018229166666666668 0.021666666666666667
15 0.6174479166666667 0.5225 0.03697916666666667 0.028333333333333332
13 0.8645833333333334 0.4395833333333333 0.028125 0.0125
2 0.16015625 0.5358333333333334 0.10572916666666667 0.08166666666666667