4 0.30859375 0.5570833333333334 0.10364583333333334 0.09916666666666667
2 0.34036458333333336 0.59 0.10052083333333334 0.1
4 0.17760416666666667 0.6429166666666667 0.13958333333333334 0.1275
2 0.10208333333333333 0.7475 0.2 0.20333333333333334
4 0.9364583333333333 0.73375 0.12708333333333333 0.18583333333333332
6 0.18854166666666666 0.5120833333333333 0.103125 0.07916666666666666
15 0.6078125 0.4891666666666667 0.03229166666666667 0.016666666666666666
15 0.6158854166666666 0.48791666666666667 0.0140625 0.015833333333333335
15 0.5809895833333333 0.51125 0.018229166666666668 0.0225
15 0.62421875 0.5045833333333334 0.028645833333333332 0.0275
15 0.55546875 0.5354166666666667 0.0296875 0.0225
1 0.13203125 0.53125 0.03697916666666667 0.0225
2 0.3575520833333333 0.45958333333333334 0.05572916666666667 0.009166666666666667
3 0.5033854166666667 0.42625 0.05572916666666667 0.015833333333333335
4 0.7125 0.42625 0.06041666666666667 0.025833333333333333
4 0.90625 0.44166666666666665 0.07708333333333334 0.04833333333333333
2 1.0 0.4554166666666667 0.0 0.04583333333333333
2 1.0 0.5041666666666667 0.0 0.11
15 0.99296875 0.8141666666666667 0.0140625 0.1