13 0.4036458333333333 0.5570833333333334 0.04583333333333333 0.0425
2 0.28411458333333334 0.6254166666666666 0.1140625 0.11583333333333333
4 0.13098958333333333 0.7283333333333334 0.1703125 0.175
4 0.25364583333333335 0.5925 0.12395833333333334 0.12166666666666667
2 0.04921875 0.7441666666666666 0.0984375 0.19333333333333333
2 0.2515625 0.4920833333333333 0.06875 0.05583333333333333
2 0.14973958333333334 0.54375 0.0859375 0.06583333333333333
2 0.014322916666666666 0.6095833333333334 0.028645833333333332 0.09583333333333334
2 0.0033854166666666668 0.6608333333333334 0.0067708333333333336 0.12333333333333334
15 0.5333333333333333 0.5491666666666667 0.028125 0.03666666666666667
13 0.5533854166666666 0.5395833333333333 0.025520833333333333 0.0325
15 0.56484375 0.5120833333333333 0.0171875 0.019166666666666665
15 0.5721354166666667 0.5191666666666667 0.028645833333333332 0.03
15 0.5963541666666666 0.5120833333333333 0.020833333333333332 0.0275
15 0.6419270833333334 0.5129166666666667 0.021354166666666667 0.024166666666666666
13 0.61796875 0.4979166666666667 0.03697916666666667 0.0325
15 0.6325520833333333 0.49083333333333334 0.024479166666666666 0.02666666666666667
15 0.6088541666666667 0.4816666666666667 0.016666666666666666 0.02