2 0.51171875 0.48625 0.06510416666666667 0.0675
6 0.2953125 0.5483333333333333 0.14583333333333334 0.135
2 0.6549479166666666 0.4295833333333333 0.043229166666666666 0.024166666666666666
4 0.2640625 0.4891666666666667 0.07083333333333333 0.058333333333333334
4 0.21953125 0.49291666666666667 0.03697916666666667 0.0425
5 0.13828125 0.54375 0.0609375 0.060833333333333336
2 0.0171875 0.6325 0.034375 0.10166666666666667
6 0.17161458333333332 0.4225 0.0578125 0.04
3 0.06015625 0.7254166666666667 0.1203125 0.19916666666666666
6 0.05416666666666667 0.8229166666666666 0.10833333333333334 0.2941666666666667
15 0.853125 0.44208333333333333 0.029166666666666667 0.024166666666666666
15 0.8966145833333333 0.43041666666666667 0.0171875 0.0125
15 0.83359375 0.4266666666666667 0.027604166666666666 0.021666666666666667
15 0.8893229166666666 0.4325 0.0203125 0.016666666666666666
15 0.92265625 0.41833333333333333 0.030729166666666665 0.006666666666666667