2 0.08619791666666667 0.34375 0.1328125 0.07583333333333334
4 0.16015625 0.5116666666666667 0.19635416666666666 0.13166666666666665
6 0.2716145833333333 0.35208333333333336 0.1671875 0.1075
4 0.3809895833333333 0.5233333333333333 0.1828125 0.13833333333333334
2 0.50859375 0.4504166666666667 0.15260416666666668 0.10916666666666666
12 0.5247395833333334 0.33208333333333334 0.19427083333333334 0.14916666666666667
1 0.3919270833333333 0.3329166666666667 0.0796875 0.0725
2 0.6158854166666666 0.5241666666666667 0.18489583333333334 0.13833333333333334
1 0.9145833333333333 0.5354166666666667 0.17083333333333334 0.1225
2 0.7755208333333333 0.45125 0.18125 0.09916666666666667
2 0.7143229166666667 0.355 0.1265625 0.08333333333333333
4 0.6690104166666667 0.31708333333333333 0.1171875 0.08083333333333333
1 0.9822916666666667 0.4525 0.035416666666666666 0.09666666666666666
2 0.9200520833333333 0.34041666666666665 0.12864583333333332 0.0725
4 0.8049479166666667 0.315 0.1109375 0.07