5 0.30052083333333335 0.5629166666666666 0.11041666666666666 0.11083333333333334
0 0.35859375 0.5766666666666667 0.08802083333333334 0.09333333333333334
2 0.21302083333333333 0.67625 0.14375 0.15083333333333335
2 0.023697916666666666 0.8520833333333333 0.04739583333333333 0.24083333333333334
4 0.07239583333333334 0.7129166666666666 0.14479166666666668 0.18916666666666668
2 0.23307291666666666 0.5066666666666667 0.0765625 0.06666666666666667
2 0.14244791666666667 0.55875 0.044270833333333336 0.025833333333333333
2 0.13098958333333333 0.52875 0.021354166666666667 0.010833333333333334
2 0.0125 0.6545833333333333 0.025 0.13583333333333333
15 0.7369791666666666 0.4975 0.025 0.021666666666666667
4 0.9869791666666666 0.45416666666666666 0.026041666666666668 0.07333333333333333
15 0.5010416666666667 0.48333333333333334 0.017708333333333333 0.013333333333333334
15 0.43411458333333336 0.48375 0.021354166666666667 0.015833333333333335
15 0.45598958333333334 0.46125 0.009895833333333333 0.010833333333333334