4 0.35052083333333334 0.5783333333333334 0.09791666666666667 0.105
4 0.18645833333333334 0.6904166666666667 0.17395833333333333 0.1775
13 0.5604166666666667 0.5275 0.04479166666666667 0.04666666666666667
15 0.6450520833333333 0.4979166666666667 0.0234375 0.020833333333333332
4 0.975 0.46291666666666664 0.05 0.0325
15 0.6083333333333333 0.5525 0.015625 0.03333333333333333
2 0.33645833333333336 0.54375 0.08854166666666667 0.0825
2 0.18958333333333333 0.63375 0.13333333333333333 0.12083333333333333
2 0.016927083333333332 0.8558333333333333 0.033854166666666664 0.235
2 0.02890625 0.77125 0.0578125 0.21416666666666667
4 0.009375 0.53625 0.01875 0.0625