15 0.746875 0.5041666666666667 0.014583333333333334 0.021666666666666667
15 0.51875 0.5195833333333333 0.03125 0.0225
15 0.6106770833333334 0.5783333333333334 0.0328125 0.02666666666666667
15 0.54921875 0.5266666666666666 0.0234375 0.02
15 0.5611979166666666 0.5620833333333334 0.030729166666666665 0.025833333333333333
15 0.54921875 0.48291666666666666 0.0203125 0.020833333333333332
15 0.4627604166666667 0.44666666666666666 0.009895833333333333 0.011666666666666667
4 0.2791666666666667 0.56875 0.09166666666666666 0.0925
4 0.09791666666666667 0.6779166666666666 0.15520833333333334 0.1425
4 0.18098958333333334 0.6954166666666667 0.1453125 0.1525
4 0.934375 0.59875 0.13125 0.10083333333333333
11 0.9276041666666667 0.52125 0.14479166666666668 0.20083333333333334
1 0.6018229166666667 0.425 0.043229166666666666 0.03333333333333333
4 0.21666666666666667 0.5104166666666666 0.07916666666666666 0.0675
2 0.353125 0.58875 0.09791666666666667 0.1025
2 0.12734375 0.53875 0.030729166666666665 0.0325
2 1.0 0.42625 0.0 0.0575