1 0.39114583333333336 0.56125 0.084375 0.0875
4 0.3104166666666667 0.5604166666666667 0.096875 0.0925
2 0.26171875 0.6458333333333334 0.1453125 0.15
4 0.06380208333333333 0.7166666666666667 0.12760416666666666 0.175
2 0.0 0.8979166666666667 0.0 0.20416666666666666
13 0.11901041666666666 0.7433333333333333 0.09947916666666666 0.09833333333333333
0 0.21796875 0.515 0.0703125 0.058333333333333334
2 0.128125 0.54625 0.0125 0.009166666666666667
15 0.56171875 0.5170833333333333 0.028645833333333332 0.025833333333333333
15 0.6114583333333333 0.4979166666666667 0.021875 0.035833333333333335
13 0.6729166666666667 0.4975 0.03125 0.028333333333333332