1 0.39114583333333336 0.5604166666666667 0.08645833333333333 0.0925
4 0.3106770833333333 0.5608333333333333 0.09635416666666667 0.09333333333333334
2 0.26171875 0.6466666666666666 0.14010416666666667 0.14666666666666667
4 0.06510416666666667 0.7170833333333333 0.13020833333333334 0.17083333333333334
2 0.0 0.895 0.0 0.21
13 0.11536458333333334 0.7429166666666667 0.10052083333333334 0.1025
0 0.21822916666666667 0.51375 0.06875 0.0575
2 0.12942708333333333 0.54625 0.016145833333333335 0.0125
15 0.3919270833333333 0.4608333333333333 0.0109375 0.015
15 0.446875 0.455 0.025 0.023333333333333334
15 0.39036458333333335 0.45208333333333334 0.019270833333333334 0.0075
15 0.36796875 0.445 0.0140625 0.013333333333333334
15 0.4203125 0.43125 0.011458333333333333 0.0125
15 0.41432291666666665 0.43125 0.0109375 0.010833333333333334
11 0.8333333333333334 0.48041666666666666 0.29375 0.1625
15 0.39895833333333336 0.43125 0.011458333333333333 0.009166666666666667
15 0.40572916666666664 0.44 0.019791666666666666 0.011666666666666667