4 0.309375 0.5575 0.10416666666666667 0.09833333333333333
2 0.33984375 0.59 0.0984375 0.1
4 0.178125 0.6433333333333333 0.140625 0.12666666666666668
2 0.10208333333333333 0.7470833333333333 0.2 0.2025
6 0.18880208333333334 0.5120833333333333 0.10364583333333334 0.07916666666666666
4 0.9359375 0.7320833333333333 0.128125 0.18083333333333335
15 0.6151041666666667 0.4970833333333333 0.014583333333333334 0.0175
15 0.5908854166666667 0.5208333333333334 0.0265625 0.03
15 0.5809895833333333 0.5116666666666667 0.0203125 0.021666666666666667
15 0.5893229166666667 0.64375 0.04114583333333333 0.034166666666666665
15 0.6122395833333333 0.5416666666666666 0.022395833333333334 0.021666666666666667
2 1.0 0.6341666666666667 0.0 0.18166666666666667
1 0.13177083333333334 0.53625 0.030208333333333334 0.0175
4 0.9083333333333333 0.44458333333333333 0.09791666666666667 0.0625
2 0.9763020833333333 0.4354166666666667 0.04739583333333333 0.0375
2 1.0 0.5104166666666666 0.0 0.10916666666666666
4 1.0 0.4716666666666667 0.0 0.07833333333333334