15 0.5432291666666667 0.52875 0.022916666666666665 0.024166666666666666
15 0.5627604166666667 0.52 0.024479166666666666 0.023333333333333334
15 0.5809895833333333 0.5120833333333333 0.0203125 0.0175
15 0.6270833333333333 0.49 0.025 0.016666666666666666
15 0.6361979166666667 0.565 0.0328125 0.03
2 0.13645833333333332 0.53875 0.053125 0.05583333333333333
2 0.9890625 0.4429166666666667 0.021875 0.06583333333333333
13 0.19244791666666666 0.47791666666666666 0.0026041666666666665 0.005833333333333334
2 0.22317708333333333 0.6608333333333334 0.14114583333333333 0.14166666666666666
4 0.2955729166666667 0.5566666666666666 0.09114583333333333 0.09166666666666666
4 0.3723958333333333 0.5595833333333333 0.08854166666666667 0.09416666666666666
4 0.11744791666666667 0.6654166666666667 0.15260416666666668 0.13583333333333333
5 0.20807291666666666 0.5066666666666667 0.0703125 0.06
6 0.5721354166666667 0.4245833333333333 0.06197916666666667 0.04083333333333333