15 0.6578125 0.5941666666666666 0.036458333333333336 0.03333333333333333
15 0.5536458333333333 0.5220833333333333 0.03333333333333333 0.0275
15 0.5622395833333333 0.5133333333333333 0.022395833333333334 0.015
15 0.7377604166666667 0.4975 0.025520833333333333 0.023333333333333334
15 0.9973958333333334 0.8408333333333333 0.005208333333333333 0.06
2 0.3611979166666667 0.745 0.18489583333333334 0.14
4 0.98671875 0.45416666666666666 0.0265625 0.07333333333333333
0 0.359375 0.5770833333333333 0.090625 0.10083333333333333
5 0.30052083333333335 0.5616666666666666 0.109375 0.11333333333333333
2 0.21119791666666668 0.6766666666666666 0.14322916666666666 0.15333333333333332
2 0.025 0.85625 0.05 0.24916666666666668
4 0.07239583333333334 0.7125 0.14479166666666668 0.19
2 0.23333333333333334 0.5079166666666667 0.078125 0.06916666666666667
2 0.1421875 0.55875 0.04375 0.024166666666666666
2 0.13125 0.5283333333333333 0.021875 0.011666666666666667
2 0.011979166666666667 0.65375 0.023958333333333335 0.13583333333333333