15 0.7903645833333334 0.7683333333333333 0.03177083333333333 0.03666666666666667
15 0.4940104166666667 0.6454166666666666 0.044270833333333336 0.029166666666666667
15 0.5072916666666667 0.6545833333333333 0.03958333333333333 0.025833333333333333
15 0.534375 0.6470833333333333 0.046875 0.035833333333333335
15 0.571875 0.54625 0.027083333333333334 0.020833333333333332
15 0.5911458333333334 0.53875 0.03125 0.024166666666666666
15 0.6091145833333333 0.4970833333333333 0.0171875 0.019166666666666665
15 0.6161458333333333 0.4970833333333333 0.015625 0.014166666666666666
15 0.6578125 0.49666666666666665 0.013541666666666667 0.016666666666666666
4 0.2984375 0.5629166666666666 0.09895833333333333 0.09583333333333334
2 0.20260416666666667 0.5325 0.0625 0.043333333333333335
2 0.021354166666666667 0.6104166666666667 0.042708333333333334 0.07916666666666666
16 0.5815104166666667 0.5433333333333333 0.0265625 0.03
16 0.6458333333333334 0.495 0.022916666666666665 0.02