13 0.565625 0.5291666666666667 0.041666666666666664 0.03166666666666667
15 0.6190104166666667 0.5358333333333334 0.03697916666666667 0.03166666666666667
15 0.6294270833333333 0.5575 0.034895833333333334 0.03333333333333333
15 0.6520833333333333 0.5208333333333334 0.03333333333333333 0.03
15 0.66484375 0.5270833333333333 0.0234375 0.024166666666666666
15 0.6190104166666667 0.4895833333333333 0.011979166666666667 0.0125
15 0.6903645833333333 0.5220833333333333 0.0359375 0.024166666666666666
15 0.6625 0.49 0.011458333333333333 0.016666666666666666
15 0.6627604166666666 0.47458333333333336 0.0109375 0.015833333333333335
4 1.0 0.61125 0.0 0.14583333333333334
4 0.34921875 0.5708333333333333 0.1015625 0.09833333333333333
2 0.31640625 0.5466666666666666 0.08697916666666666 0.08833333333333333
2 0.16510416666666666 0.6408333333333334 0.13333333333333333 0.12333333333333334
2 0.036458333333333336 0.7670833333333333 0.07291666666666667 0.2075
2 0.14869791666666668 0.7166666666666667 0.17864583333333334 0.185
4 0.18203125 0.5258333333333334 0.08489583333333334 0.06666666666666667
4 0.014583333333333334 0.61 0.029166666666666667 0.058333333333333334
2 0.13151041666666666 0.5345833333333333 0.04010416666666667 0.034166666666666665
15 0.3515625 0.4825 0.021875 0.011666666666666667
15 0.32317708333333334 0.4741666666666667 0.011979166666666667 0.01
2 0.32109375 0.45625 0.0453125 0.0125
2 0.6713541666666667 0.42083333333333334 0.06041666666666667 0.03166666666666667
2 0.8229166666666666 0.44166666666666665 0.08541666666666667 0.05
11 0.94375 0.4175 0.1125 0.08833333333333333