4 0.3619791666666667 0.5716666666666667 0.09479166666666666 0.1
4 0.19010416666666666 0.6875 0.16979166666666667 0.16666666666666666
2 0.16302083333333334 0.5429166666666667 0.08333333333333333 0.09416666666666666
3 0.016927083333333332 0.6370833333333333 0.033854166666666664 0.12083333333333333
15 0.55546875 0.5266666666666666 0.019270833333333334 0.023333333333333334
15 0.5794270833333334 0.5191666666666667 0.0328125 0.03666666666666667
15 0.5942708333333333 0.5129166666666667 0.019791666666666666 0.020833333333333332
15 0.6861979166666666 0.49166666666666664 0.030729166666666665 0.03
15 0.7067708333333333 0.5116666666666667 0.020833333333333332 0.028333333333333332
15 0.6236979166666666 0.5129166666666667 0.019270833333333334 0.020833333333333332
15 0.771875 0.6133333333333333 0.022916666666666665 0.041666666666666664
4 0.14635416666666667 0.48625 0.04375 0.0425
4 0.4752604166666667 0.43833333333333335 0.0421875 0.035
6 0.7052083333333333 0.4245833333333333 0.078125 0.050833333333333335
2 0.08046875 0.7145833333333333 0.1609375 0.1825
15 0.6263020833333334 0.49916666666666665 0.013020833333333334 0.021666666666666667