11 0.016927083333333332 0.8333333333333334 0.033854166666666664 0.3333333333333333
4 0.15442708333333333 0.7120833333333333 0.17239583333333333 0.1775
4 0.29973958333333334 0.6070833333333333 0.10989583333333333 0.1225
2 0.33307291666666666 0.5454166666666667 0.0640625 0.0375
4 0.175 0.52625 0.07395833333333333 0.0625
2 0.12942708333333333 0.5379166666666667 0.028645833333333332 0.024166666666666666
2 0.007552083333333333 0.61875 0.015104166666666667 0.11416666666666667
2 1.0 0.8991666666666667 0.0 0.19333333333333333
15 0.5859375 0.5691666666666667 0.04479166666666667 0.06
15 0.5333333333333333 0.5341666666666667 0.030208333333333334 0.023333333333333334
15 0.5979166666666667 0.4970833333333333 0.01875 0.020833333333333332
15 0.7419270833333333 0.5041666666666667 0.0140625 0.018333333333333333
15 0.7309895833333333 0.49666666666666665 0.024479166666666666 0.018333333333333333
15 0.7091145833333333 0.4891666666666667 0.0359375 0.023333333333333334