2 0.38333333333333336 0.5595833333333333 0.09895833333333333 0.10083333333333333
1 0.2721354166666667 0.6233333333333333 0.10572916666666667 0.11
4 0.08229166666666667 0.7929166666666667 0.16458333333333333 0.2575
2 0.2890625 0.5691666666666667 0.10208333333333333 0.1
2 0.21770833333333334 0.5079166666666667 0.06145833333333333 0.0575
4 0.140625 0.5491666666666667 0.05625 0.055
4 0.009375 0.6041666666666666 0.01875 0.09833333333333333
2 0.9708333333333333 0.4429166666666667 0.058333333333333334 0.0475
15 0.6044270833333333 0.4975 0.0171875 0.018333333333333333
15 0.56640625 0.52 0.0328125 0.023333333333333334
15 0.559375 0.5270833333333333 0.020833333333333332 0.0175