2 0.5307291666666667 0.47583333333333333 0.06458333333333334 0.06
2 0.3690104166666667 0.5279166666666667 0.07864583333333333 0.0825
2 0.7486979166666666 0.6158333333333333 0.15052083333333333 0.10833333333333334
2 0.035416666666666666 0.8533333333333334 0.07083333333333333 0.25833333333333336
2 0.005989583333333334 0.79375 0.011979166666666667 0.2075
2 0.18958333333333333 0.5258333333333334 0.084375 0.07166666666666667
4 0.5565104166666667 0.44708333333333333 0.034895833333333334 0.014166666666666666
4 0.2 0.49375 0.08125 0.06583333333333333
15 0.865625 0.4320833333333333 0.016666666666666666 0.010833333333333334
15 0.8557291666666667 0.43375 0.01875 0.015833333333333335
15 0.7890625 0.44625 0.028125 0.019166666666666665
12 0.375 0.5591666666666667 0.128125 0.11333333333333333
15 0.8947916666666667 0.43 0.020833333333333332 0.018333333333333333
15 0.9114583333333334 0.43 0.021875 0.018333333333333333