15 0.771875 0.2833333333333333 0.0375 0.02666666666666667
15 0.6828125 0.285 0.035416666666666666 0.021666666666666667
15 0.64296875 0.2775 0.0171875 0.016666666666666666
13 0.6791666666666667 0.35541666666666666 0.042708333333333334 0.04416666666666667
15 0.5575520833333333 0.31916666666666665 0.0265625 0.028333333333333332
4 0.3450520833333333 0.38208333333333333 0.1046875 0.11416666666666667
5 0.19609375 0.3025 0.0984375 0.08166666666666667
2 1.0 0.22458333333333333 0.0 0.08083333333333333
4 0.9786458333333333 0.37041666666666667 0.042708333333333334 0.11416666666666667
2 1.0 0.48291666666666666 0.0 0.15916666666666668
12 0.9192708333333334 0.23041666666666666 0.16145833333333334 0.14583333333333334
5 0.0 0.33541666666666664 0.0 0.0775
4 0.7505208333333333 0.22125 0.07604166666666666 0.0675
5 0.63671875 0.18916666666666668 0.0453125 0.045
2 0.8473958333333333 0.21666666666666667 0.041666666666666664 0.023333333333333334
15 1.0 0.5020833333333333 0.0 0.0775
15 0.6518229166666667 0.2775 0.016145833333333335 0.02
15 0.6486979166666667 0.2679166666666667 0.0265625 0.0175