5 0.37109375 0.5645833333333333 0.1015625 0.1075
4 0.20885416666666667 0.67625 0.13541666666666666 0.1375
15 0.6265625 0.4975 0.015625 0.02
15 0.5528645833333333 0.5395833333333333 0.022395833333333334 0.0225
15 0.5380208333333333 0.5404166666666667 0.023958333333333335 0.0225
2 0.00859375 0.80125 0.0171875 0.2125
3 0.20286458333333332 0.51375 0.09427083333333333 0.07416666666666667
4 0.48671875 0.43166666666666664 0.0515625 0.035
1 0.6080729166666666 0.42916666666666664 0.034895833333333334 0.03666666666666667
2 0.7479166666666667 0.40875 0.06354166666666666 0.04416666666666667
2 0.759375 0.44 0.06041666666666667 0.023333333333333334
2 0.13151041666666666 0.5641666666666667 0.011979166666666667 0.01
2 0.12734375 0.5466666666666666 0.008854166666666666 0.006666666666666667