3 0.3807291666666667 0.5604166666666667 0.10520833333333333 0.10583333333333333
11 0.16171875 0.7225 0.3234375 0.38
2 0.30390625 0.5595833333333333 0.05572916666666667 0.07416666666666667
6 0.16145833333333334 0.5304166666666666 0.103125 0.0825
2 0.13463541666666667 0.51875 0.0421875 0.0275
2 0.015364583333333333 0.6329166666666667 0.030729166666666665 0.10583333333333333
12 1.0 0.7308333333333333 0.0 0.4816666666666667
16 0.5317708333333333 0.5258333333333334 0.01875 0.018333333333333333
15 0.5591145833333333 0.5345833333333333 0.030729166666666665 0.025833333333333333
15 0.7322916666666667 0.51 0.028125 0.021666666666666667
15 0.6067708333333334 0.5120833333333333 0.015625 0.019166666666666665
15 0.5984375 0.5125 0.022916666666666665 0.021666666666666667
15 0.625 0.4979166666666667 0.020833333333333332 0.015833333333333335
15 0.6348958333333333 0.4925 0.030208333333333334 0.023333333333333334
15 0.6276041666666666 0.4925 0.027083333333333334 0.018333333333333333