5 0.3151041666666667 0.5991666666666666 0.13020833333333334 0.12833333333333333
2 0.2921875 0.565 0.10833333333333334 0.105
2 0.08072916666666667 0.6891666666666667 0.16145833333333334 0.155
3 0.10703125 0.7366666666666667 0.2140625 0.22166666666666668
3 0.20885416666666667 0.5175 0.08541666666666667 0.07166666666666667
4 0.14322916666666666 0.5320833333333334 0.05416666666666667 0.0275
2 0.00859375 0.6125 0.0171875 0.11
0 0.75 0.6325 0.121875 0.105
2 0.43828125 0.7208333333333333 0.15989583333333332 0.17666666666666667
0 0.2520833333333333 0.475 0.046875 0.02
2 0.6966145833333334 0.4325 0.07239583333333334 0.05
2 0.896875 0.4320833333333333 0.09375 0.0575
2 0.9705729166666667 0.4554166666666667 0.058854166666666666 0.060833333333333336
15 0.475 0.5554166666666667 0.036458333333333336 0.030833333333333334
15 0.5583333333333333 0.5483333333333333 0.030208333333333334 0.025
15 0.5557291666666667 0.5191666666666667 0.009375 0.013333333333333334
15 0.57109375 0.5116666666666667 0.0140625 0.016666666666666666
15 0.6026041666666667 0.4979166666666667 0.021875 0.015833333333333335
13 0.71015625 0.51625 0.04635416666666667 0.0325
15 0.89609375 0.7433333333333333 0.06927083333333334 0.08166666666666667