2 0.39401041666666664 0.5595833333333333 0.09427083333333333 0.09416666666666666
2 0.18958333333333333 0.69375 0.16458333333333333 0.16916666666666666
4 0.11067708333333333 0.6683333333333333 0.15885416666666666 0.145
3 0.30364583333333334 0.5554166666666667 0.10729166666666666 0.10083333333333333
4 0.21041666666666667 0.5191666666666667 0.07604166666666666 0.055
2 0.15 0.53375 0.05416666666666667 0.030833333333333334
2 0.015364583333333333 0.6133333333333333 0.030729166666666665 0.10333333333333333
2 1.0 0.8454166666666667 0.0 0.30916666666666665
15 0.43359375 0.45416666666666666 0.019270833333333334 0.013333333333333334
15 0.44192708333333336 0.44666666666666666 0.009895833333333333 0.008333333333333333
15 0.3921875 0.4675 0.020833333333333332 0.015
15 0.4231770833333333 0.43166666666666664 0.009895833333333333 0.006666666666666667
4 1.0 0.6433333333333333 0.0 0.19833333333333333
4 0.6768229166666667 0.46416666666666667 0.08072916666666667 0.07166666666666667
2 0.7744791666666667 0.465 0.09583333333333334 0.065
13 0.3880208333333333 0.44583333333333336 0.0125 0.013333333333333334
14 0.41015625 0.43125 0.011979166666666667 0.0125