2 0.9158854166666667 0.5408333333333334 0.16822916666666668 0.125
2 0.9205729166666666 0.4508333333333333 0.15885416666666666 0.10333333333333333
2 0.8947916666666667 0.3458333333333333 0.12395833333333334 0.07
2 0.8729166666666667 0.31166666666666665 0.08541666666666667 0.06333333333333334
4 0.7677083333333333 0.31416666666666665 0.10416666666666667 0.07
1 0.73125 0.35208333333333336 0.096875 0.07583333333333334
2 0.6377604166666667 0.3225 0.1015625 0.058333333333333334
1 0.6057291666666667 0.36291666666666667 0.09270833333333334 0.0775
2 0.478125 0.3279166666666667 0.103125 0.07083333333333333
2 0.4669270833333333 0.36375 0.1078125 0.0875
2 0.3416666666666667 0.3458333333333333 0.109375 0.08666666666666667
3 0.18567708333333333 0.33416666666666667 0.1453125 0.09
2 0.03802083333333333 0.33 0.07604166666666666 0.065
1 0.0828125 0.38083333333333336 0.12083333333333333 0.085
6 0.04401041666666667 0.42333333333333334 0.08802083333333334 0.17666666666666667
2 0.26145833333333335 0.37916666666666665 0.140625 0.09166666666666666
2 0.18984375 0.44375 0.16510416666666666 0.10916666666666666
1 0.4166666666666667 0.44708333333333333 0.115625 0.0975
2 0.7119791666666667 0.44583333333333336 0.16354166666666667 0.105