4 0.35 0.5775 0.09479166666666666 0.1
4 0.18828125 0.6908333333333333 0.16822916666666668 0.17166666666666666
2 0.0140625 0.8554166666666667 0.028125 0.22416666666666665
2 0.027604166666666666 0.77375 0.05520833333333333 0.20583333333333334
2 0.18984375 0.6333333333333333 0.1296875 0.11333333333333333
2 0.33515625 0.5433333333333333 0.0796875 0.07166666666666667
3 0.19453125 0.51625 0.09635416666666667 0.07416666666666667
2 0.13619791666666667 0.5366666666666666 0.04114583333333333 0.023333333333333334
2 0.013020833333333334 0.5995833333333334 0.026041666666666668 0.0725
4 0.2526041666666667 0.4666666666666667 0.071875 0.051666666666666666
4 0.5559895833333334 0.43041666666666667 0.05677083333333333 0.04083333333333333
11 0.68515625 0.38708333333333333 0.12135416666666667 0.059166666666666666
15 0.60234375 0.5354166666666667 0.03177083333333333 0.0225
13 0.5515625 0.5195833333333333 0.04375 0.0325
15 0.64296875 0.4975 0.021354166666666667 0.02
15 0.821875 0.7041666666666667 0.06145833333333333 0.051666666666666666
2 0.5619791666666667 0.68 0.15416666666666667 0.13833333333333334
2 0.6591145833333333 0.41291666666666665 0.0421875 0.014166666666666666
1 0.8213541666666667 0.4354166666666667 0.06770833333333333 0.049166666666666664
3 0.0 0.6704166666666667 0.0 0.1475