15 0.6 0.49166666666666664 0.020833333333333332 0.023333333333333334
15 0.5919270833333333 0.5054166666666666 0.0234375 0.019166666666666665
15 0.5869791666666667 0.5120833333333333 0.015625 0.019166666666666665
13 0.5596354166666667 0.52625 0.0328125 0.04416666666666667
15 0.52421875 0.5345833333333333 0.022395833333333334 0.0225
15 0.5895833333333333 0.5491666666666667 0.026041666666666668 0.025
2 0.8333333333333334 0.4575 0.09791666666666667 0.06666666666666667
12 0.9921875 0.45166666666666666 0.015625 0.05
3 0.3802083333333333 0.5629166666666666 0.10520833333333333 0.10916666666666666
2 0.014583333333333334 0.61875 0.029166666666666667 0.0525
2 0.011979166666666667 0.5895833333333333 0.023958333333333335 0.0675
2 0.22161458333333334 0.4725 0.0609375 0.035
2 0.20625 0.5316666666666666 0.071875 0.04
2 0.1390625 0.5279166666666667 0.053125 0.0275