0 0.5416666666666666 0.7379166666666667 0.13020833333333334 0.1225
4 0.8552083333333333 0.74 0.20833333333333334 0.14
4 0.29010416666666666 0.7320833333333333 0.20520833333333333 0.14583333333333334
2 0.06796875 0.7370833333333333 0.1359375 0.1225
2 0.00859375 0.6516666666666666 0.0171875 0.10333333333333333
2 0.15755208333333334 0.6483333333333333 0.1671875 0.10333333333333333
3 0.3893229166666667 0.6466666666666666 0.13802083333333334 0.11166666666666666
5 0.6075520833333333 0.63875 0.1578125 0.11416666666666667
2 0.8424479166666666 0.6566666666666666 0.1609375 0.09166666666666666
3 0.62578125 0.5629166666666666 0.11927083333333334 0.08083333333333333
2 0.80625 0.5620833333333334 0.1125 0.07083333333333333
0 0.44973958333333336 0.5725 0.08177083333333333 0.075
0 0.2877604166666667 0.5841666666666666 0.0953125 0.07333333333333333
0 0.11484375 0.5825 0.1265625 0.07833333333333334
2 0.1765625 0.5520833333333334 0.12708333333333333 0.07083333333333333
13 0.06067708333333333 0.5558333333333333 0.059895833333333336 0.035
4 0.36796875 0.5445833333333333 0.0890625 0.07583333333333334
2 0.5213541666666667 0.54 0.103125 0.07
0 0.6606770833333333 0.5341666666666667 0.06614583333333333 0.041666666666666664
2 0.7640625 0.5325 0.04583333333333333 0.035
5 0.6981770833333333 0.47458333333333336 0.05572916666666667 0.05583333333333333
0 0.5729166666666666 0.5195833333333333 0.06145833333333333 0.0525
4 0.7059895833333333 0.5116666666666667 0.0796875 0.058333333333333334
2 0.9809895833333333 0.65 0.03802083333333333 0.095