1 0.39140625 0.5591666666666667 0.08697916666666666 0.08833333333333333
4 0.3106770833333333 0.56125 0.09635416666666667 0.0925
2 0.26067708333333334 0.6470833333333333 0.14114583333333333 0.1475
4 0.0640625 0.7183333333333334 0.128125 0.17
2 0.0 0.8966666666666666 0.0 0.20666666666666667
13 0.11875 0.74375 0.09791666666666667 0.09416666666666666
0 0.21796875 0.51375 0.06927083333333334 0.059166666666666666
2 0.128125 0.5458333333333333 0.013541666666666667 0.011666666666666667
15 0.5580729166666667 0.51875 0.030729166666666665 0.0275
15 0.5830729166666667 0.49583333333333335 0.022395833333333334 0.03166666666666667
13 0.67421875 0.4975 0.034895833333333334 0.028333333333333332