4 0.37942708333333336 0.44208333333333333 0.14427083333333332 0.10916666666666666
2 0.17239583333333333 0.44083333333333335 0.17708333333333334 0.10833333333333334
2 0.8348958333333333 0.44333333333333336 0.165625 0.09833333333333333
2 0.9958333333333333 0.53625 0.008333333333333333 0.11916666666666667
2 0.9731770833333333 0.44916666666666666 0.05364583333333333 0.10666666666666667
4 0.05234375 0.38458333333333333 0.1046875 0.0825
2 0.21666666666666667 0.37583333333333335 0.15520833333333334 0.10666666666666667
2 0.403125 0.37 0.125 0.08833333333333333
2 0.596875 0.36083333333333334 0.1125 0.09
2 0.7643229166666666 0.3566666666666667 0.12447916666666667 0.07
4 0.8752604166666667 0.33916666666666667 0.09427083333333333 0.095
2 0.7567708333333333 0.3258333333333333 0.10625 0.065
2 0.57109375 0.3258333333333333 0.10260416666666666 0.07333333333333333
2 0.4265625 0.33916666666666667 0.10520833333333333 0.06333333333333334
4 0.2596354166666667 0.33375 0.12135416666666667 0.07583333333333334
0 0.10703125 0.34625 0.1265625 0.060833333333333336
2 1.0 0.8583333333333333 0.0 0.22
13 0.93046875 0.7754166666666666 0.1390625 0.14583333333333334
2 0.46770833333333334 0.3145833333333333 0.09375 0.029166666666666667
2 0.6434895833333333 0.29291666666666666 0.09427083333333333 0.0575
4 0.77109375 0.2875 0.1015625 0.07333333333333333
2 0.7911458333333333 0.25708333333333333 0.036458333333333336 0.0575
4 0.7361979166666667 0.2575 0.06510416666666667 0.04
4 0.2526041666666667 0.29041666666666666 0.10729166666666666 0.0725
2 0.17239583333333333 0.24208333333333334 0.06875 0.030833333333333334