4 0.3419270833333333 0.5425 0.0859375 0.08166666666666667
4 0.40651041666666665 0.5483333333333333 0.08385416666666666 0.08833333333333333
0 0.29765625 0.6179166666666667 0.09427083333333333 0.10916666666666666
3 0.18958333333333333 0.6225 0.14895833333333333 0.13833333333333334
4 0.09140625 0.7691666666666667 0.1828125 0.21333333333333335
4 0.21119791666666668 0.50875 0.07447916666666667 0.06416666666666666
2 0.013802083333333333 0.6125 0.027604166666666666 0.11
15 0.6028645833333334 0.5129166666666667 0.0203125 0.019166666666666665
15 0.61640625 0.49166666666666664 0.0328125 0.023333333333333334
15 0.7359375 0.49625 0.023958333333333335 0.0225
4 0.13880208333333333 0.5383333333333333 0.04635416666666667 0.02666666666666667
2 0.0 0.6829166666666666 0.0 0.13083333333333333
2 0.0 0.7375 0.0 0.14833333333333334