1 0.3625 0.57 0.075 0.08666666666666667
4 0.31796875 0.5458333333333333 0.08697916666666666 0.08333333333333333
3 0.19296875 0.6125 0.10885416666666667 0.10333333333333333
5 0.5348958333333333 0.6758333333333333 0.18333333333333332 0.165
15 0.6153645833333333 0.49583333333333335 0.022395833333333334 0.013333333333333334
15 0.6096354166666667 0.5054166666666666 0.022395833333333334 0.020833333333333332
15 0.59765625 0.48291666666666666 0.019270833333333334 0.0125
2 0.96796875 0.5175 0.0640625 0.10166666666666667
2 0.7908854166666667 0.4345833333333333 0.07447916666666667 0.0425
5 0.20677083333333332 0.50375 0.103125 0.08416666666666667
4 0.14166666666666666 0.5308333333333334 0.057291666666666664 0.03
2 0.7520833333333333 0.41041666666666665 0.06458333333333334 0.09083333333333334