1 0.39140625 0.5604166666666667 0.08385416666666666 0.0875
4 0.3109375 0.56125 0.09583333333333334 0.0925
2 0.2604166666666667 0.6475 0.14270833333333333 0.14833333333333334
4 0.06380208333333333 0.7191666666666666 0.12760416666666666 0.16833333333333333
2 0.0 0.89375 0.0 0.2125
13 0.11875 0.7425 0.09895833333333333 0.1
0 0.21744791666666666 0.51375 0.07135416666666666 0.060833333333333336
2 0.128125 0.5458333333333333 0.014583333333333334 0.01
3 1.0 0.58 0.0 0.13
15 0.5674479166666667 0.52 0.034895833333333334 0.028333333333333332
15 0.6138020833333333 0.49875 0.027604166666666666 0.03916666666666667
13 0.6729166666666667 0.49875 0.030208333333333334 0.0275
2 0.006510416666666667 0.545 0.013020833333333334 0.028333333333333332