4 0.32369791666666664 0.5433333333333333 0.0734375 0.07833333333333334
5 0.35104166666666664 0.575 0.1125 0.11333333333333333
4 0.19114583333333332 0.6275 0.12291666666666666 0.12166666666666667
2 0.023697916666666666 0.7908333333333334 0.04739583333333333 0.22666666666666666
13 0.35520833333333335 0.6104166666666667 0.06458333333333334 0.060833333333333336
13 0.5255208333333333 0.5475 0.029166666666666667 0.03
15 0.6807291666666667 0.6291666666666667 0.036458333333333336 0.03
2 0.21692708333333333 0.51125 0.0859375 0.07083333333333333
0 0.02265625 0.60875 0.030729166666666665 0.04583333333333333
2 0.27369791666666665 0.46708333333333335 0.059895833333333336 0.04083333333333333
0 0.753125 0.4241666666666667 0.05416666666666667 0.04
2 0.9682291666666667 0.44125 0.06354166666666666 0.05583333333333333
2 0.125 0.5379166666666667 0.015625 0.0175