4 0.35911458333333335 0.5720833333333334 0.1046875 0.1025
4 0.22916666666666666 0.66 0.14270833333333333 0.14833333333333334
2 0.03307291666666667 0.8625 0.06614583333333333 0.24833333333333332
2 0.25234375 0.5920833333333333 0.11197916666666667 0.10916666666666666
2 0.06692708333333333 0.71625 0.13385416666666666 0.1775
2 0.24583333333333332 0.4970833333333333 0.058333333333333334 0.0525
2 0.14453125 0.555 0.0453125 0.023333333333333334
2 0.14270833333333333 0.5291666666666667 0.03854166666666667 0.02
15 0.5684895833333333 0.5125 0.022395833333333334 0.02666666666666667
15 0.6177083333333333 0.4975 0.022916666666666665 0.013333333333333334
15 0.625 0.49041666666666667 0.015625 0.020833333333333332
2 0.23098958333333333 0.4766666666666667 0.0640625 0.035
2 0.88203125 0.4429166666666667 0.10052083333333334 0.0575