4 0.35911458333333335 0.5720833333333334 0.1046875 0.1025
4 0.22890625 0.6595833333333333 0.14322916666666666 0.14916666666666667
2 0.25234375 0.5920833333333333 0.11197916666666667 0.10916666666666666
2 0.0671875 0.71625 0.134375 0.17916666666666667
2 0.03333333333333333 0.8654166666666666 0.06666666666666667 0.25083333333333335
15 0.5705729166666667 0.5120833333333333 0.0203125 0.014166666666666666
15 0.6184895833333334 0.4970833333333333 0.0203125 0.0125
15 0.62578125 0.4895833333333333 0.0296875 0.0125
2 0.24557291666666667 0.49666666666666665 0.0578125 0.05333333333333334
4 0.14479166666666668 0.555 0.04583333333333333 0.023333333333333334
2 0.14375 0.5283333333333333 0.0375 0.02
4 0.0046875 0.6208333333333333 0.009375 0.11
2 0.56328125 0.4325 0.05572916666666667 0.015
2 0.90703125 0.44958333333333333 0.0953125 0.0275