15 0.61015625 0.58625 0.0421875 0.0375
15 0.5359375 0.5404166666666667 0.019791666666666666 0.019166666666666665
15 0.6026041666666667 0.5345833333333333 0.030208333333333334 0.0275
4 0.35 0.5779166666666666 0.09583333333333334 0.1025
4 0.18932291666666667 0.6883333333333334 0.17135416666666667 0.17166666666666666
4 0.5911458333333334 0.69125 0.175 0.15916666666666668
4 0.64609375 0.42875 0.05364583333333333 0.024166666666666666
3 0.19427083333333334 0.51625 0.09895833333333333 0.07916666666666666
3 0.018489583333333334 0.6045833333333334 0.03697916666666667 0.08083333333333333
15 0.6658854166666667 0.4825 0.0234375 0.018333333333333333
15 0.63046875 0.5820833333333333 0.0421875 0.04583333333333333
13 0.5513020833333333 0.5220833333333333 0.04635416666666667 0.0325
2 0.3346354166666667 0.54375 0.08177083333333333 0.0725
2 0.19010416666666666 0.6333333333333333 0.13020833333333334 0.115
2 0.028645833333333332 0.7745833333333333 0.057291666666666664 0.21083333333333334
2 0.015104166666666667 0.85625 0.030208333333333334 0.2275
2 0.13515625 0.5375 0.0390625 0.023333333333333334
2 0.21692708333333333 0.47375 0.05572916666666667 0.0175
2 0.81484375 0.43625 0.06822916666666666 0.0225