4 0.025 0.8454166666666667 0.05 0.2625
2 0.20755208333333333 0.68375 0.14427083333333332 0.14916666666666667
4 0.35859375 0.5729166666666666 0.09427083333333333 0.10083333333333333
2 0.34010416666666665 0.54 0.075 0.07166666666666667
2 0.22838541666666667 0.6045833333333334 0.12760416666666666 0.11916666666666667
2 0.046875 0.7516666666666667 0.09375 0.18833333333333332
12 0.25625 0.48625 0.08645833333333333 0.06583333333333333
5 0.14375 0.5320833333333334 0.07916666666666666 0.06583333333333333
2 0.01640625 0.6375 0.0328125 0.11
2 0.1859375 0.5175 0.036458333333333336 0.016666666666666666
15 0.59921875 0.49833333333333335 0.019270833333333334 0.016666666666666666
15 0.7346354166666667 0.4970833333333333 0.024479166666666666 0.0225
15 0.6434895833333333 0.55 0.0328125 0.03