2 0.8450520833333334 0.5475 0.008854166666666666 0.02666666666666667
2 0.8364583333333333 0.5579166666666666 0.10625 0.07083333333333333
5 0.7080729166666667 0.5479166666666667 0.13072916666666667 0.0875
4 0.48489583333333336 0.5708333333333333 0.109375 0.07166666666666667
2 0.9494791666666667 0.6529166666666667 0.10104166666666667 0.0925
3 0.9640625 0.7383333333333333 0.071875 0.145
2 0.8018229166666667 0.7491666666666666 0.20052083333333334 0.13
2 0.5505208333333333 0.74 0.17916666666666667 0.13833333333333334
2 0.6932291666666667 0.5041666666666667 0.078125 0.05
2 0.5890625 0.6495833333333333 0.14479166666666668 0.0975
2 0.26979166666666665 0.7291666666666666 0.18854166666666666 0.13166666666666665
2 0.22005208333333334 0.58 0.12552083333333333 0.08
4 0.05859375 0.6429166666666667 0.1171875 0.09916666666666667
4 0.13203125 0.8520833333333333 0.2640625 0.19583333333333333
2 0.0 0.5579166666666666 0.0 0.015833333333333335
4 0.0 0.5775 0.0 0.09333333333333334