4 0.36380208333333336 0.5608333333333333 0.10677083333333333 0.11
2 0.2877604166666667 0.5641666666666667 0.09947916666666666 0.09166666666666666
6 0.19505208333333332 0.65375 0.1765625 0.17083333333333334
2 0.0984375 0.6970833333333334 0.053125 0.0625
6 0.925 0.5725 0.15 0.115
15 0.6130208333333333 0.565 0.023958333333333335 0.02666666666666667
15 0.62578125 0.545 0.03177083333333333 0.03333333333333333
15 0.7541666666666667 0.64625 0.05 0.0675
15 0.7140625 0.6283333333333333 0.051041666666666666 0.04
15 0.6489583333333333 0.5854166666666667 0.029166666666666667 0.0225
15 0.6052083333333333 0.4891666666666667 0.019791666666666666 0.025
15 0.6645833333333333 0.4825 0.030208333333333334 0.028333333333333332
15 0.6557291666666667 0.4820833333333333 0.026041666666666668 0.020833333333333332
15 0.65 0.48333333333333334 0.023958333333333335 0.021666666666666667
6 0.9549479166666667 0.43666666666666665 0.09010416666666667 0.08
2 0.84453125 0.505 0.12552083333333333 0.08666666666666667