0 0.6458333333333334 0.52125 0.18333333333333332 0.14083333333333334
4 0.8869791666666667 0.5120833333333333 0.22604166666666667 0.15083333333333335
0 1.0 0.53375 0.0 0.13583333333333333
2 0.9578125 0.44666666666666666 0.084375 0.09833333333333333
3 0.77109375 0.4379166666666667 0.18177083333333333 0.11583333333333333
2 0.5481770833333334 0.44375 0.15052083333333333 0.09916666666666667
4 0.2171875 0.4395833333333333 0.16666666666666666 0.10416666666666667
0 0.06276041666666667 0.3854166666666667 0.12552083333333333 0.07916666666666666
4 0.3567708333333333 0.3670833333333333 0.11979166666666667 0.09083333333333334
2 0.5901041666666667 0.36833333333333335 0.125 0.075
2 0.7317708333333334 0.35541666666666666 0.109375 0.06583333333333333
3 0.92109375 0.33458333333333334 0.14635416666666667 0.08416666666666667
3 0.7692708333333333 0.3120833333333333 0.12083333333333333 0.08583333333333333
2 0.6200520833333333 0.32416666666666666 0.10677083333333333 0.07833333333333334
2 0.4588541666666667 0.33208333333333334 0.10625 0.0725
4 0.7989583333333333 0.27375 0.08020833333333334 0.0725
2 0.7653645833333333 0.2504166666666667 0.0734375 0.0225
2 0.08854166666666667 0.5229166666666667 0.17708333333333334 0.1225
13 0.85390625 0.31166666666666665 0.025520833333333333 0.021666666666666667