11 0.22734375 0.3433333333333333 0.3609375 0.16166666666666665
2 0.02890625 0.38208333333333333 0.0578125 0.0925
2 0.33098958333333334 0.45375 0.16197916666666667 0.11583333333333333
2 0.5520833333333334 0.4504166666666667 0.09375 0.0975
11 0.7921875 0.4866666666666667 0.415625 0.22166666666666668
2 0.54140625 0.36291666666666667 0.11510416666666666 0.0875
4 0.6359375 0.32375 0.103125 0.06583333333333333
2 0.7421875 0.3566666666666667 0.11666666666666667 0.07166666666666667
2 0.7854166666666667 0.31833333333333336 0.11354166666666667 0.07333333333333333
2 0.8888020833333333 0.35333333333333333 0.11302083333333333 0.05
2 0.0 0.56125 0.0 0.13583333333333333