2 0.3971354166666667 0.5583333333333333 0.09322916666666667 0.095
4 0.33046875 0.5433333333333333 0.07864583333333333 0.08166666666666667
2 0.19505208333333332 0.6820833333333334 0.1421875 0.1425
4 0.16067708333333333 0.6354166666666666 0.15572916666666667 0.14083333333333334
2 0.03515625 0.84 0.0703125 0.22666666666666666
2 0.030208333333333334 0.7783333333333333 0.06041666666666667 0.21666666666666667
2 0.18880208333333334 0.5241666666666667 0.09010416666666667 0.07
2 0.14192708333333334 0.5275 0.07552083333333333 0.06166666666666667
15 0.5315104166666667 0.5075 0.03177083333333333 0.021666666666666667
15 0.6510416666666666 0.49916666666666665 0.030208333333333334 0.021666666666666667
15 0.6638020833333333 0.47791666666666666 0.03697916666666667 0.0275
2 0.019791666666666666 0.60125 0.026041666666666668 0.050833333333333335
2 0.011458333333333333 0.605 0.022916666666666665 0.10166666666666667