13 0.5244791666666667 0.5370833333333334 0.0375 0.034166666666666665
15 0.5588541666666667 0.5408333333333334 0.021875 0.02
15 0.6221354166666667 0.52 0.030729166666666665 0.03
15 0.5489583333333333 0.5129166666666667 0.020833333333333332 0.019166666666666665
15 0.5833333333333334 0.51875 0.014583333333333334 0.014166666666666666
15 0.5947916666666667 0.505 0.023958333333333335 0.021666666666666667
13 0.4817708333333333 0.52 0.04791666666666667 0.03833333333333333
4 0.32447916666666665 0.5425 0.071875 0.07666666666666666
5 0.35078125 0.5745833333333333 0.1109375 0.11083333333333334
4 0.190625 0.6270833333333333 0.121875 0.11916666666666667
2 0.021614583333333333 0.7908333333333334 0.043229166666666666 0.21833333333333332
3 0.11432291666666666 0.7345833333333334 0.20885416666666667 0.21083333333333334
2 0.21302083333333333 0.5154166666666666 0.078125 0.06583333333333333