13 0.4036458333333333 0.5575 0.04479166666666667 0.04
2 0.284375 0.6275 0.11145833333333334 0.115
4 0.13125 0.7295833333333334 0.17083333333333334 0.17583333333333334
4 0.25416666666666665 0.5925 0.12395833333333334 0.11833333333333333
2 0.05 0.75 0.1 0.19166666666666668
2 0.25234375 0.49833333333333335 0.06927083333333334 0.058333333333333334
2 0.14895833333333333 0.54375 0.08020833333333334 0.0625
2 0.01484375 0.6108333333333333 0.0296875 0.095
2 0.005729166666666666 0.6666666666666666 0.011458333333333333 0.12666666666666668
15 0.5078125 0.5291666666666667 0.021875 0.023333333333333334
13 0.440625 0.49125 0.020833333333333332 0.019166666666666665
15 0.5299479166666666 0.5045833333333334 0.027604166666666666 0.024166666666666666
15 0.5078125 0.49083333333333334 0.025 0.018333333333333333
15 0.55859375 0.5116666666666667 0.0203125 0.025
15 0.5880208333333333 0.49833333333333335 0.01875 0.016666666666666666
15 0.5966145833333333 0.48333333333333334 0.0171875 0.016666666666666666
13 0.5515625 0.4845833333333333 0.028125 0.0175
15 0.5606770833333333 0.46875 0.0171875 0.0125
15 0.61015625 0.6479166666666667 0.043229166666666666 0.034166666666666665
15 0.6005208333333333 0.6229166666666667 0.034375 0.024166666666666666
13 0.5708333333333333 0.4175 0.022916666666666665 0.015
13 0.47578125 0.41875 0.0171875 0.0125