2 0.34661458333333334 0.5279166666666667 0.17760416666666667 0.13083333333333333
2 0.7325520833333333 0.5229166666666667 0.18385416666666668 0.14416666666666667
4 0.9825520833333333 0.51625 0.034895833333333334 0.14583333333333334
3 0.9190104166666667 0.43583333333333335 0.16197916666666667 0.11333333333333333
2 0.5559895833333334 0.44375 0.1515625 0.09916666666666667
4 0.27447916666666666 0.43583333333333335 0.16145833333333334 0.11833333333333333
2 0.053125 0.435 0.10625 0.1
1 0.06458333333333334 0.3854166666666667 0.121875 0.07916666666666666
2 0.10885416666666667 0.34 0.13645833333333332 0.07833333333333334
2 0.28203125 0.345 0.1015625 0.058333333333333334
4 0.3841145833333333 0.36625 0.11302083333333333 0.08916666666666667
2 0.47604166666666664 0.33166666666666667 0.103125 0.075
2 0.5966145833333333 0.36833333333333335 0.1265625 0.08333333333333333
2 0.6877604166666667 0.3279166666666667 0.1109375 0.04416666666666667
2 0.78828125 0.35083333333333333 0.10989583333333333 0.07833333333333334
3 0.8723958333333334 0.3070833333333333 0.12083333333333333 0.0775
4 0.8122395833333333 0.245 0.07447916666666667 0.06
2 0.08411458333333334 0.5354166666666667 0.16822916666666668 0.1275