11 0.38385416666666666 0.3016666666666667 0.28958333333333336 0.13
3 0.63046875 0.31333333333333335 0.1140625 0.08
4 0.7552083333333334 0.31375 0.09270833333333334 0.0725
1 0.8635416666666667 0.31416666666666665 0.04791666666666667 0.06166666666666667
4 0.13958333333333334 0.34041666666666665 0.11458333333333333 0.0775
2 0.006510416666666667 0.3475 0.013020833333333334 0.08
4 0.058854166666666666 0.38 0.11770833333333333 0.095
4 0.22005208333333334 0.37625 0.13489583333333333 0.09416666666666666
2 0.4278645833333333 0.3695833333333333 0.1234375 0.08416666666666667
4 0.6184895833333334 0.35 0.12864583333333332 0.09
4 0.8046875 0.35208333333333336 0.115625 0.07416666666666667
4 0.9184895833333333 0.3433333333333333 0.10989583333333333 0.07666666666666666
2 0.05755208333333333 0.445 0.11510416666666666 0.095
2 0.2703125 0.44958333333333333 0.15 0.1025
4 0.5424479166666667 0.43416666666666665 0.16927083333333334 0.11
4 0.85078125 0.4370833333333333 0.17135416666666667 0.11083333333333334
2 0.9997395833333333 0.44958333333333333 0.0005208333333333333 0.10083333333333333
13 0.9325520833333333 0.7695833333333333 0.13489583333333333 0.1225
2 1.0 0.8545833333333334 0.0 0.20416666666666666
4 0.6546875 0.28458333333333335 0.08958333333333333 0.060833333333333336
2 0.5479166666666667 0.29791666666666666 0.065625 0.050833333333333335
2 0.7872395833333333 0.28708333333333336 0.050520833333333334 0.0575