15 0.54296875 0.5266666666666666 0.0171875 0.025
15 0.5635416666666667 0.5125 0.01875 0.021666666666666667
15 0.590625 0.4995833333333333 0.021875 0.0375
15 0.6221354166666667 0.49041666666666667 0.021354166666666667 0.0225
15 0.6703125 0.5270833333333333 0.022916666666666665 0.0275
2 0.13645833333333332 0.53875 0.052083333333333336 0.05583333333333333
2 0.22369791666666666 0.6620833333333334 0.14114583333333333 0.1425
4 0.2953125 0.5570833333333334 0.090625 0.0925
4 0.37265625 0.5604166666666667 0.0890625 0.09583333333333334
4 0.11666666666666667 0.6620833333333334 0.15104166666666666 0.13583333333333333
5 0.209375 0.5066666666666667 0.06875 0.06
6 0.6388020833333333 0.40291666666666665 0.05364583333333333 0.0375
2 0.8778645833333333 0.4375 0.09010416666666667 0.051666666666666666
2 0.9526041666666667 0.4270833333333333 0.07083333333333333 0.024166666666666666