3 0.8692708333333333 0.425 0.196875 0.12
2 1.0 0.4483333333333333 0.0 0.10666666666666667
2 0.9234375 0.5295833333333333 0.153125 0.12083333333333333
4 0.671875 0.5229166666666667 0.19895833333333332 0.1325
4 0.6565104166666667 0.44125 0.15572916666666667 0.11083333333333334
2 0.43515625 0.4483333333333333 0.15572916666666667 0.11
4 0.3703125 0.5179166666666667 0.16145833333333334 0.1325
2 0.115625 0.4508333333333333 0.17916666666666667 0.095
2 0.0125 0.44583333333333336 0.025 0.12166666666666667
4 0.890625 0.35083333333333333 0.052083333333333336 0.06333333333333334
2 0.753125 0.35625 0.12395833333333334 0.0775
4 0.78671875 0.315 0.11510416666666666 0.09333333333333334
0 0.6622395833333333 0.31416666666666665 0.10260416666666666 0.07666666666666666
4 0.5276041666666667 0.3570833333333333 0.11770833333333333 0.07916666666666666
0 0.51171875 0.31666666666666665 0.08072916666666667 0.06
2 0.37421875 0.3279166666666667 0.10260416666666666 0.07416666666666667
4 0.34791666666666665 0.3641666666666667 0.13958333333333334 0.09833333333333333
2 0.17786458333333333 0.37625 0.14947916666666666 0.0875
4 0.19348958333333333 0.3275 0.12552083333333333 0.08166666666666667
2 0.04921875 0.34 0.0984375 0.08166666666666667
2 0.034895833333333334 0.3775 0.06979166666666667 0.09333333333333334
4 0.10520833333333333 0.5195833333333333 0.21041666666666667 0.14083333333333334
2 0.528125 0.6433333333333333 0.23333333333333334 0.18833333333333332
2 0.7361979166666667 0.25166666666666665 0.06510416666666667 0.015