4 0.36328125 0.5679166666666666 0.09635416666666667 0.1025
2 0.30885416666666665 0.56375 0.06041666666666667 0.07583333333333334
2 0.16927083333333334 0.5404166666666667 0.08020833333333334 0.06916666666666667
4 0.18645833333333334 0.6870833333333334 0.17395833333333333 0.18083333333333335
4 0.16484375 0.6404166666666666 0.16614583333333333 0.15583333333333332
4 0.01796875 0.6379166666666667 0.0359375 0.12916666666666668
4 0.0046875 0.7995833333333333 0.009375 0.2875
2 0.02890625 0.8525 0.0578125 0.24
1 0.96640625 0.5904166666666667 0.0671875 0.08416666666666667
2 0.7903645833333334 0.5954166666666667 0.1421875 0.09916666666666667
2 0.8213541666666667 0.6441666666666667 0.17083333333333334 0.13666666666666666
15 0.7549479166666667 0.6779166666666666 0.0515625 0.0525
15 0.6846354166666667 0.66125 0.030729166666666665 0.06916666666666667
15 0.678125 0.5358333333333334 0.025 0.02666666666666667
15 0.6609375 0.5104166666666666 0.026041666666666668 0.020833333333333332
15 0.68515625 0.5054166666666666 0.028645833333333332 0.030833333333333334
15 0.7127604166666667 0.5116666666666667 0.019270833333333334 0.023333333333333334
15 0.7322916666666667 0.49666666666666665 0.017708333333333333 0.016666666666666666
15 0.5763020833333333 0.5454166666666667 0.024479166666666666 0.034166666666666665
15 0.34036458333333336 0.44666666666666666 0.016145833333333335 0.013333333333333334
4 0.8046875 0.4925 0.10416666666666667 0.08833333333333333
2 0.6341145833333334 0.4666666666666667 0.0703125 0.06666666666666667
11 0.48932291666666666 0.40791666666666665 0.1015625 0.06583333333333333
2 0.5802083333333333 0.41833333333333333 0.04479166666666667 0.04833333333333333
15 0.53359375 0.7425 0.0171875 0.035