15 0.6338541666666667 0.505 0.03229166666666667 0.02666666666666667
15 0.81953125 0.6433333333333333 0.05572916666666667 0.055
4 0.3138020833333333 0.5554166666666667 0.09010416666666667 0.0925
4 0.23541666666666666 0.66125 0.14166666666666666 0.1425
4 0.17213541666666668 0.6366666666666667 0.14114583333333333 0.12666666666666668
4 0.20572916666666666 0.515 0.08229166666666667 0.07
4 0.19661458333333334 0.47875 0.0671875 0.04583333333333333
4 0.6401041666666667 0.43125 0.065625 0.020833333333333332
4 1.0 0.45416666666666666 0.0 0.043333333333333335
4 1.0 0.6129166666666667 0.0 0.09916666666666667
11 0.06588541666666667 0.815 0.13177083333333334 0.37
1 0.3567708333333333 0.5720833333333334 0.08020833333333334 0.09083333333333334
2 0.36380208333333336 0.44458333333333333 0.05677083333333333 0.03916666666666667
2 0.7919270833333333 0.42916666666666664 0.0578125 0.021666666666666667
2 0.9518229166666666 0.45375 0.09635416666666667 0.035833333333333335
2 1.0 0.5095833333333334 0.0 0.12916666666666668