15 0.5856770833333333 0.5 0.024479166666666666 0.021666666666666667
15 0.5651041666666666 0.5204166666666666 0.03125 0.0175
15 0.53515625 0.53375 0.030729166666666665 0.020833333333333332
15 0.4859375 0.5508333333333333 0.015625 0.03166666666666667
15 0.6302083333333334 0.52125 0.03229166666666667 0.024166666666666666
15 0.6078125 0.54875 0.03229166666666667 0.024166666666666666
15 0.5627604166666667 0.5633333333333334 0.03177083333333333 0.025
15 0.7263020833333333 0.49625 0.025520833333333333 0.015833333333333335
15 0.7369791666666666 0.49666666666666665 0.026041666666666668 0.016666666666666666
13 0.8700520833333333 0.5204166666666666 0.06510416666666667 0.0425
2 0.35234375 0.5779166666666666 0.0921875 0.10416666666666667
2 0.27890625 0.5745833333333333 0.10989583333333333 0.10416666666666667
2 0.2046875 0.6683333333333333 0.12291666666666666 0.13
2 0.04921875 0.8275 0.0984375 0.235
2 0.23411458333333332 0.5054166666666666 0.0734375 0.0625
2 0.2046875 0.47791666666666666 0.0625 0.0475
2 0.14479166666666668 0.5529166666666666 0.06666666666666667 0.0575
2 0.37135416666666665 0.445 0.05625 0.016666666666666666
2 0.6083333333333333 0.3875 0.0375 0.02
2 0.5966145833333333 0.43083333333333335 0.0578125 0.04
2 0.7330729166666666 0.42041666666666666 0.059895833333333336 0.0425
2 0.7908854166666667 0.41041666666666665 0.059895833333333336 0.04083333333333333
11 0.51171875 0.345 0.09739583333333333 0.043333333333333335
2 0.3723958333333333 0.7470833333333333 0.17083333333333334 0.13916666666666666