0 0.6307291666666667 0.35375 0.09479166666666666 0.07916666666666666
2 0.16458333333333333 0.38166666666666665 0.15104166666666666 0.09
2 0.4825520833333333 0.44208333333333333 0.15677083333333333 0.1025
2 0.703125 0.44458333333333333 0.159375 0.10916666666666666
2 0.9458333333333333 0.44166666666666665 0.10833333333333334 0.105
2 0.052083333333333336 0.43916666666666665 0.10416666666666667 0.105
4 0.365625 0.3645833333333333 0.11979166666666667 0.0925
4 0.23723958333333334 0.33791666666666664 0.12135416666666667 0.0875
0 0.5630208333333333 0.32208333333333333 0.07291666666666667 0.06583333333333333
4 0.7109375 0.31416666666666665 0.11979166666666667 0.07166666666666667
2 0.8520833333333333 0.3120833333333333 0.08958333333333333 0.07083333333333333
2 0.027864583333333335 0.37958333333333333 0.05572916666666667 0.0925
2 0.91640625 0.53625 0.1671875 0.12583333333333332
0 0.3065104166666667 0.44125 0.12447916666666667 0.1025
4 0.0 0.5904166666666667 0.0 0.18083333333333335
3 0.9333333333333333 0.3375 0.13229166666666667 0.08666666666666667
2 0.7703125 0.36291666666666667 0.12395833333333334 0.06416666666666666
2 0.39765625 0.32958333333333334 0.09947916666666666 0.07583333333333334
2 0.0625 0.3408333333333333 0.121875 0.06833333333333333