2 0.9859375 0.45875 0.028125 0.07083333333333333
15 0.775 0.44708333333333333 0.026041666666666668 0.020833333333333332
2 0.6744791666666666 0.42833333333333334 0.051041666666666666 0.03166666666666667
3 0.60390625 0.4216666666666667 0.0421875 0.03833333333333333
2 0.49973958333333335 0.49416666666666664 0.06614583333333333 0.065
2 0.36223958333333334 0.4529166666666667 0.0265625 0.0125
2 0.31953125 0.4479166666666667 0.04114583333333333 0.0375
4 0.37395833333333334 0.56625 0.08645833333333333 0.0925
13 0.9234375 0.42875 0.029166666666666667 0.020833333333333332
4 0.12916666666666668 0.5633333333333334 0.017708333333333333 0.018333333333333333
2 0.17473958333333334 0.51875 0.08177083333333333 0.06583333333333333
5 0.0 0.6858333333333333 0.0 0.17
2 0.0 1.0 0.0 0.0
2 0.0 1.0 0.0 0.0