2 0.43828125 0.5229166666666667 0.18072916666666666 0.11583333333333333
2 0.75 0.51125 0.18333333333333332 0.12083333333333333
0 0.325 0.44416666666666665 0.13541666666666666 0.09833333333333333
4 0.4674479166666667 0.3645833333333333 0.11197916666666667 0.09083333333333334
4 0.65390625 0.32625 0.11302083333333333 0.07083333333333333
2 0.5216145833333333 0.32916666666666666 0.0953125 0.08166666666666667
2 0.8325520833333333 0.3466666666666667 0.11197916666666667 0.08666666666666667
2 0.678125 0.35791666666666666 0.11875 0.0925
2 0.8427083333333333 0.4483333333333333 0.16770833333333332 0.1
13 0.9307291666666667 0.7704166666666666 0.13854166666666667 0.12416666666666666
2 0.35390625 0.335 0.11302083333333333 0.08
4 0.20208333333333334 0.3325 0.125 0.065
4 0.04609375 0.34375 0.0921875 0.07416666666666667
2 0.08828125 0.39416666666666667 0.11302083333333333 0.06333333333333334
4 0.25364583333333335 0.375 0.13020833333333334 0.08333333333333333
2 0.06458333333333334 0.5266666666666666 0.12916666666666668 0.14333333333333334
2 0.6104166666666667 0.4479166666666667 0.14479166666666668 0.10416666666666667
4 0.778125 0.3016666666666667 0.11666666666666667 0.07166666666666667
0 0.9984375 0.43625 0.003125 0.09416666666666666
2 0.07604166666666666 0.44583333333333336 0.15208333333333332 0.10166666666666667
4 0.9651041666666667 0.5254166666666666 0.06979166666666667 0.14083333333333334
2 0.0 0.5375 0.0 0.13166666666666665
2 0.0 0.42291666666666666 0.0 0.13416666666666666