4 0.16276041666666666 0.5383333333333333 0.08697916666666666 0.065
4 0.290625 0.565 0.09895833333333333 0.09166666666666666
2 0.15416666666666667 0.6458333333333334 0.13958333333333334 0.13333333333333333
2 0.38359375 0.5595833333333333 0.0859375 0.08916666666666667
4 0.27005208333333336 0.6375 0.12135416666666667 0.12666666666666668
2 0.030208333333333334 0.8404166666666667 0.06041666666666667 0.23916666666666667
2 0.7494791666666667 0.61625 0.13854166666666667 0.09916666666666667
4 0.6609375 0.43625 0.04583333333333333 0.0325
15 0.5875 0.4975 0.020833333333333332 0.015
15 0.6354166666666666 0.505 0.026041666666666668 0.023333333333333334
15 0.6661458333333333 0.53375 0.03229166666666667 0.020833333333333332
15 0.80625 0.7033333333333334 0.04791666666666667 0.056666666666666664