13 0.46380208333333334 0.5325 0.04739583333333333 0.035
4 0.35546875 0.5775 0.09635416666666667 0.09833333333333333
1 0.19921875 0.6795833333333333 0.12447916666666667 0.13416666666666666
2 0.21458333333333332 0.515 0.075 0.06166666666666667
2 0.14479166666666668 0.5329166666666667 0.06145833333333333 0.035833333333333335
2 0.014583333333333334 0.6033333333333334 0.029166666666666667 0.09166666666666666
13 0.2515625 0.4583333333333333 0.025 0.013333333333333334
2 0.859375 0.4354166666666667 0.08958333333333333 0.060833333333333336
3 0.9177083333333333 0.41875 0.07395833333333333 0.0425
15 0.5408854166666667 0.5266666666666666 0.019270833333333334 0.023333333333333334
15 0.5861979166666667 0.49833333333333335 0.0203125 0.021666666666666667
15 0.5619791666666667 0.535 0.019791666666666666 0.025