4 0.33229166666666665 0.5454166666666667 0.07916666666666666 0.07916666666666666
2 0.022395833333333334 0.6104166666666667 0.035416666666666666 0.05416666666666667
2 0.14322916666666666 0.5270833333333333 0.071875 0.05583333333333333
2 0.009635416666666667 0.6058333333333333 0.019270833333333334 0.09833333333333333
4 0.8330729166666667 0.4708333333333333 0.1015625 0.07
4 0.96953125 0.47791666666666666 0.0609375 0.06916666666666667
15 0.8421875 0.6941666666666667 0.08541666666666667 0.08
15 0.59453125 0.51 0.024479166666666666 0.018333333333333333
15 1.0 0.7945833333333333 0.0 0.1125
2 0.18880208333333334 0.5266666666666666 0.08802083333333334 0.06833333333333333
2 0.8893229166666666 0.4325 0.059895833333333336 0.013333333333333334