5 0.37161458333333336 0.5629166666666666 0.1015625 0.1075
4 0.20963541666666666 0.6758333333333333 0.13385416666666666 0.13666666666666666
2 0.30052083333333335 0.5616666666666666 0.09166666666666666 0.09
15 0.6255208333333333 0.49666666666666665 0.020833333333333332 0.02
15 0.5533854166666666 0.5395833333333333 0.0234375 0.0275
15 0.53359375 0.5333333333333333 0.030729166666666665 0.023333333333333334
4 0.30520833333333336 0.4583333333333333 0.065625 0.043333333333333335
2 0.5036458333333333 0.43166666666666664 0.057291666666666664 0.028333333333333332
0 0.7973958333333333 0.41833333333333333 0.04479166666666667 0.041666666666666664
2 0.7645833333333333 0.42291666666666666 0.06666666666666667 0.04583333333333333
15 0.45208333333333334 0.7441666666666666 0.016666666666666666 0.028333333333333332
3 0.20364583333333333 0.5129166666666667 0.09583333333333334 0.07416666666666667
2 0.1328125 0.5695833333333333 0.016666666666666666 0.010833333333333334
2 0.12708333333333333 0.5458333333333333 0.009375 0.006666666666666667