4 1.0 0.5333333333333333 0.0 0.145
2 1.0 0.7066666666666667 0.0 0.22
2 0.5203125 0.45416666666666666 0.04791666666666667 0.1
2 0.7953125 0.44916666666666666 0.175 0.10333333333333333
4 0.9635416666666666 0.44416666666666665 0.07291666666666667 0.10166666666666667
2 0.8869791666666667 0.3545833333333333 0.11354166666666667 0.0525
2 0.7419270833333333 0.35583333333333333 0.11614583333333334 0.07666666666666666
1 0.5411458333333333 0.3625 0.11666666666666667 0.09166666666666666
2 0.6080729166666666 0.3179166666666667 0.10572916666666667 0.0725
2 0.7908854166666667 0.28041666666666665 0.03802083333333333 0.0775
13 0.89921875 0.315 0.030729166666666665 0.015
5 0.6419270833333334 0.48625 0.20677083333333332 0.1825
11 0.134375 0.34833333333333333 0.26875 0.16833333333333333
3 0.309375 0.6195833333333334 0.25833333333333336 0.20916666666666667