2 1.0 0.5395833333333333 0.0 0.11416666666666667
2 0.9908854166666666 0.4625 0.018229166666666668 0.075
4 0.30416666666666664 0.55625 0.10729166666666666 0.0975
2 0.3346354166666667 0.5908333333333333 0.10364583333333334 0.105
2 0.053125 0.74 0.10625 0.18833333333333332
1 0.23828125 0.50375 0.0578125 0.050833333333333335
4 0.15546875 0.5233333333333333 0.0765625 0.045
2 0.14635416666666667 0.5554166666666667 0.058333333333333334 0.0375
4 0.013802083333333333 0.5904166666666667 0.027604166666666666 0.0525
15 0.6247395833333333 0.4975 0.011979166666666667 0.021666666666666667
15 0.6286458333333333 0.4970833333333333 0.0125 0.015833333333333335