4 0.37161458333333336 0.5545833333333333 0.08489583333333334 0.09083333333333334
2 0.30390625 0.5633333333333334 0.07552083333333333 0.08166666666666667
1 0.20494791666666667 0.6191666666666666 0.10364583333333334 0.10166666666666667
2 0.18151041666666667 0.69 0.15885416666666666 0.16166666666666665
3 0.05572916666666667 0.7375 0.11145833333333334 0.21333333333333335
5 0.026822916666666665 0.8475 0.05364583333333333 0.25666666666666665
4 0.9736979166666667 0.5025 0.05260416666666667 0.10666666666666667
2 0.7653645833333333 0.48541666666666666 0.10260416666666666 0.07583333333333334
2 0.70625 0.4483333333333333 0.07395833333333333 0.05333333333333334
4 0.5640625 0.4175 0.04479166666666667 0.041666666666666664
4 0.4549479166666667 0.4166666666666667 0.034895833333333334 0.035
15 0.65546875 0.48291666666666666 0.025520833333333333 0.020833333333333332
15 0.46197916666666666 0.49833333333333335 0.021875 0.025
15 0.46536458333333336 0.48291666666666666 0.018229166666666668 0.010833333333333334
15 0.48072916666666665 0.47541666666666665 0.010416666666666666 0.0125
15 0.496875 0.46166666666666667 0.011458333333333333 0.015
15 0.47760416666666666 0.46125 0.011458333333333333 0.0175
15 0.3848958333333333 0.4683333333333333 0.022916666666666665 0.013333333333333334
15 0.40598958333333335 0.43875 0.0036458333333333334 0.009166666666666667
15 0.39817708333333335 0.43916666666666665 0.018229166666666668 0.011666666666666667
15 0.37916666666666665 0.43083333333333335 0.0125 0.02
15 0.3528645833333333 0.4295833333333333 0.0109375 0.009166666666666667
4 0.1515625 0.46791666666666665 0.040625 0.0375
2 0.13880208333333333 0.5358333333333334 0.0421875 0.02
4 0.7458333333333333 0.3908333333333333 0.04375 0.021666666666666667