4 0.32916666666666666 0.5379166666666667 0.06145833333333333 0.07583333333333334
4 0.20052083333333334 0.6170833333333333 0.12083333333333333 0.1125
2 0.023958333333333335 0.79375 0.04791666666666667 0.2275
6 0.3502604166666667 0.5733333333333334 0.1109375 0.11166666666666666
3 0.19401041666666666 0.6858333333333333 0.16927083333333334 0.17333333333333334
2 0.0 0.86125 0.0 0.18416666666666667
13 0.48932291666666666 0.5175 0.0421875 0.035
2 0.21302083333333333 0.515 0.08020833333333334 0.06666666666666667
1 0.022916666666666665 0.6104166666666667 0.029166666666666667 0.04416666666666667
2 0.12473958333333333 0.5383333333333333 0.018229166666666668 0.016666666666666666
2 0.5653645833333333 0.7166666666666667 0.15260416666666668 0.13833333333333334
15 0.7481770833333333 0.5041666666666667 0.0140625 0.013333333333333334
2 0.20703125 0.7979166666666667 0.10885416666666667 0.10916666666666666
11 0.9041666666666667 0.5025 0.19166666666666668 0.17833333333333334