1 0.790625 0.73625 0.15208333333333332 0.1225
4 0.9627604166666667 0.6591666666666667 0.07447916666666667 0.10833333333333334
2 0.8075520833333333 0.6529166666666667 0.16822916666666668 0.10583333333333333
2 0.50859375 0.6520833333333333 0.1421875 0.09416666666666666
1 0.27760416666666665 0.6491666666666667 0.14479166666666668 0.1
4 0.06614583333333333 0.6504166666666666 0.13229166666666667 0.1125
2 0.06692708333333333 0.6016666666666667 0.13385416666666666 0.07833333333333334
2 0.25286458333333334 0.5854166666666667 0.1296875 0.08416666666666667
2 0.4703125 0.5733333333333334 0.1 0.07666666666666666
4 0.6510416666666666 0.5683333333333334 0.10520833333333333 0.07166666666666667
2 0.83984375 0.5654166666666667 0.1140625 0.05583333333333333
2 0.6776041666666667 0.5320833333333334 0.090625 0.050833333333333335
4 0.46875 0.54375 0.09583333333333334 0.06583333333333333
4 0.27291666666666664 0.5420833333333334 0.10729166666666666 0.07083333333333333
2 0.1234375 0.5545833333333333 0.09270833333333334 0.0525
2 0.010416666666666666 0.5545833333333333 0.020833333333333332 0.06416666666666666