2 0.3533854166666667 0.5845833333333333 0.1015625 0.1025
3 0.30390625 0.5504166666666667 0.10260416666666666 0.09583333333333334
6 0.17395833333333333 0.6079166666666667 0.16041666666666668 0.13916666666666666
2 0.08463541666666667 0.77 0.16927083333333334 0.21833333333333332
13 0.5317708333333333 0.5491666666666667 0.03958333333333333 0.03666666666666667
13 0.5927083333333333 0.5466666666666666 0.035416666666666666 0.03166666666666667
15 0.58203125 0.5120833333333333 0.0203125 0.0225
15 0.6971354166666667 0.48833333333333334 0.015104166666666667 0.02
15 0.61484375 0.48375 0.016145833333333335 0.0175
2 0.8369791666666667 0.42125 0.07708333333333334 0.04416666666666667
0 0.19583333333333333 0.5245833333333333 0.07395833333333333 0.06416666666666666
2 0.9658854166666667 0.46166666666666667 0.06822916666666666 0.028333333333333332
2 0.14322916666666666 0.5266666666666666 0.0625 0.041666666666666664
0 1.0 0.5079166666666667 0.0 0.10083333333333333
2 1.0 0.47375 0.0 0.05583333333333333
2 0.17473958333333334 0.48625 0.06927083333333334 0.0475