2 0.01171875 0.8345833333333333 0.0234375 0.3308333333333333
2 0.15286458333333333 0.7125 0.17447916666666666 0.17833333333333334
4 0.29791666666666666 0.60875 0.11458333333333333 0.12083333333333333
2 0.33125 0.545 0.06666666666666667 0.03833333333333333
4 0.17708333333333334 0.53 0.07708333333333334 0.06666666666666667
2 0.12942708333333333 0.53875 0.0296875 0.0225
2 1.0 0.9 0.0 0.185
15 0.5848958333333333 0.5741666666666667 0.04479166666666667 0.056666666666666664
15 0.5338541666666666 0.5341666666666667 0.030208333333333334 0.025
15 0.5981770833333333 0.49875 0.0203125 0.020833333333333332
15 0.7229166666666667 0.4970833333333333 0.023958333333333335 0.0175
15 0.6927083333333334 0.48791666666666667 0.013541666666666667 0.014166666666666666
15 0.7419270833333333 0.5041666666666667 0.015104166666666667 0.02
2 0.008333333333333333 0.62125 0.016666666666666666 0.11416666666666667
2 1.0 0.6216666666666667 0.0 0.14666666666666667