3 0.5528645833333333 0.52 0.19739583333333333 0.15
3 0.88359375 0.5258333333333334 0.2328125 0.15333333333333332
2 0.87734375 0.44083333333333335 0.18177083333333333 0.09333333333333334
1 0.5385416666666667 0.43875 0.1125 0.09083333333333334
2 0.2747395833333333 0.44666666666666666 0.15677083333333333 0.105
6 0.06953125 0.4275 0.1390625 0.175
1 0.08567708333333333 0.37833333333333335 0.11822916666666666 0.075
2 0.2796875 0.37833333333333335 0.13854166666666667 0.09
2 0.3575520833333333 0.3441666666666667 0.09947916666666666 0.08333333333333333
3 0.18828125 0.33416666666666667 0.14322916666666666 0.09166666666666666
2 0.5005208333333333 0.36291666666666667 0.11145833333333334 0.07916666666666666
1 0.75625 0.35625 0.10208333333333333 0.07583333333333334
2 0.5078125 0.3283333333333333 0.10625 0.06833333333333333
2 0.69765625 0.3204166666666667 0.09427083333333333 0.05583333333333333