6 0.019270833333333334 0.5716666666666667 0.03854166666666667 0.07333333333333333
2 0.10885416666666667 0.5554166666666667 0.11666666666666667 0.06583333333333333
11 0.11666666666666667 0.7004166666666667 0.23333333333333334 0.2808333333333333
2 0.24479166666666666 0.65 0.13125 0.11
2 0.22265625 0.5520833333333334 0.09322916666666667 0.07583333333333334
2 0.5546875 0.7283333333333334 0.17604166666666668 0.13333333333333333
4 0.30546875 0.57625 0.11927083333333334 0.08583333333333333
2 0.88515625 0.7358333333333333 0.17760416666666667 0.125
6 0.47630208333333335 0.6220833333333333 0.18697916666666667 0.12583333333333332
4 0.48151041666666666 0.5529166666666666 0.09322916666666667 0.034166666666666665
5 0.3921875 0.52875 0.11041666666666666 0.0825
2 0.9716145833333333 0.65625 0.05677083333333333 0.0925
3 0.6765625 0.5620833333333334 0.11354166666666667 0.0825
2 0.57578125 0.5408333333333334 0.09427083333333333 0.07333333333333333
4 0.8958333333333334 0.5625 0.06041666666666667 0.06166666666666667
4 0.8057291666666667 0.53125 0.1 0.06583333333333333
0 0.9708333333333333 0.8591666666666666 0.058333333333333334 0.17666666666666667