2 0.7502604166666667 0.39958333333333335 0.005729166666666666 0.0225
2 0.6302083333333334 0.44 0.04791666666666667 0.043333333333333335
2 0.6893229166666667 0.40375 0.009895833333333333 0.029166666666666667
5 0.31796875 0.4525 0.07135416666666666 0.058333333333333334
1 0.2755208333333333 0.465 0.028125 0.04
1 0.20598958333333334 0.5104166666666666 0.06510416666666667 0.060833333333333336
2 0.14583333333333334 0.52625 0.06875 0.05416666666666667
2 0.5182291666666666 0.48791666666666667 0.06354166666666666 0.0625
4 0.3619791666666667 0.5225 0.07916666666666666 0.07833333333333334
5 0.1328125 0.70875 0.20208333333333334 0.20083333333333334
5 0.0 0.8954166666666666 0.0 0.20916666666666667
5 0.0 0.6879166666666666 0.0 0.11583333333333333
3 0.005729166666666666 0.5241666666666667 0.011458333333333333 0.07333333333333333
2 0.006510416666666667 0.5470833333333334 0.013020833333333334 0.05583333333333333
11 0.9630208333333333 0.36291666666666667 0.07395833333333333 0.059166666666666666
15 0.5755208333333334 0.56375 0.035416666666666666 0.0325
15 0.7809895833333333 0.45416666666666666 0.0171875 0.023333333333333334
15 0.8966145833333333 0.43041666666666667 0.018229166666666668 0.0175
15 0.8125 0.43583333333333335 0.014583333333333334 0.016666666666666666
15 0.83671875 0.44416666666666665 0.03177083333333333 0.02
15 0.97421875 0.47458333333333336 0.04635416666666667 0.0275
15 0.8609375 0.43333333333333335 0.017708333333333333 0.016666666666666666
15 0.8486979166666667 0.4320833333333333 0.022395833333333334 0.0175
15 0.8463541666666666 0.41625 0.015625 0.014166666666666666