2 0.4752604166666667 0.5108333333333334 0.06927083333333334 0.07166666666666667
2 0.36640625 0.5729166666666666 0.0890625 0.0975
4 0.3067708333333333 0.55875 0.10729166666666666 0.10083333333333333
2 0.22890625 0.6675 0.15052083333333333 0.155
2 0.1265625 0.6691666666666667 0.128125 0.12833333333333333
0 0.20260416666666667 0.5195833333333333 0.07083333333333333 0.060833333333333336
2 0.14557291666666666 0.5279166666666667 0.0671875 0.04083333333333333
2 0.012239583333333333 0.6020833333333333 0.024479166666666666 0.08083333333333333
15 0.396875 0.46041666666666664 0.010416666666666666 0.014166666666666666
15 0.33645833333333336 0.44416666666666665 0.010416666666666666 0.01
15 0.34375 0.445 0.011458333333333333 0.013333333333333334
13 0.58046875 0.53625 0.0390625 0.0275
15 0.5059895833333333 0.46875 0.016145833333333335 0.0175
15 0.40703125 0.42375 0.0015625 0.005833333333333334
15 0.40651041666666665 0.4529166666666667 0.021354166666666667 0.014166666666666666
13 0.3880208333333333 0.44666666666666666 0.016666666666666666 0.013333333333333334
15 0.41171875 0.43166666666666664 0.009895833333333333 0.008333333333333333
2 1.0 0.61 0.0 0.175
11 0.7372395833333333 0.4625 0.2203125 0.12166666666666667
2 0.9338541666666667 0.46708333333333335 0.11458333333333333 0.07083333333333333