2 0.30911458333333336 0.5570833333333334 0.0921875 0.09083333333333334
4 0.3536458333333333 0.5770833333333333 0.09479166666666666 0.10416666666666667
4 0.10963541666666667 0.6670833333333334 0.1484375 0.14416666666666667
2 0.1703125 0.7016666666666667 0.17291666666666666 0.17166666666666666
1 0.1921875 0.5204166666666666 0.07604166666666666 0.06583333333333333
2 0.12708333333333333 0.5458333333333333 0.011458333333333333 0.008333333333333333
15 0.7153645833333333 0.5129166666666667 0.0265625 0.0275
15 0.6541666666666667 0.4891666666666667 0.013541666666666667 0.02
13 0.4700520833333333 0.5275 0.0390625 0.03666666666666667
2 0.953125 0.51 0.09375 0.095
12 0.7208333333333333 0.44458333333333333 0.09375 0.06916666666666667
15 0.6466145833333333 0.5866666666666667 0.030729166666666665 0.041666666666666664
15 0.659375 0.5791666666666667 0.028125 0.043333333333333335
15 0.5291666666666667 0.5854166666666667 0.040625 0.0375
15 0.5346354166666667 0.5554166666666667 0.0234375 0.024166666666666666
15 0.5489583333333333 0.55625 0.023958333333333335 0.034166666666666665
13 0.5041666666666667 0.5616666666666666 0.04791666666666667 0.043333333333333335
13 0.54921875 0.6079166666666667 0.059895833333333336 0.0725
15 0.58828125 0.615 0.043229166666666666 0.04