2 0.5828125 0.44916666666666666 0.15520833333333334 0.105
2 0.80078125 0.45 0.17552083333333332 0.10333333333333333
4 0.9635416666666666 0.4429166666666667 0.07291666666666667 0.10083333333333333
2 0.8848958333333333 0.3541666666666667 0.115625 0.06166666666666667
2 0.7427083333333333 0.35625 0.11666666666666667 0.07083333333333333
1 0.5411458333333333 0.36291666666666667 0.11666666666666667 0.0925
2 0.7864583333333334 0.31916666666666665 0.115625 0.06833333333333333
2 0.7875 0.28 0.0375 0.056666666666666664
13 0.89296875 0.30666666666666664 0.049479166666666664 0.015
5 1.0 0.49833333333333335 0.0 0.16333333333333333
11 0.22786458333333334 0.34291666666666665 0.35989583333333336 0.16083333333333333
2 0.02890625 0.3829166666666667 0.0578125 0.0975