13 0.9395833333333333 0.7725 0.12083333333333333 0.12333333333333334
2 1.0 0.8554166666666667 0.0 0.19083333333333333
6 0.7877604166666666 0.49541666666666667 0.30364583333333334 0.1875
2 0.9963541666666667 0.5345833333333333 0.007291666666666667 0.1225
2 1.0 1.0 0.0 0.0
2 0.4635416666666667 0.52625 0.18645833333333334 0.13583333333333333
4 0.1140625 0.5275 0.228125 0.15833333333333333
4 0.58984375 0.44166666666666665 0.1203125 0.10333333333333333
2 0.3971354166666667 0.43833333333333335 0.1515625 0.11
4 0.17291666666666666 0.44458333333333333 0.17708333333333334 0.12083333333333333
2 0.01953125 0.44875 0.0390625 0.1075
2 0.40234375 0.37 0.12447916666666667 0.08833333333333333
2 0.2171875 0.3779166666666667 0.14895833333333333 0.0925
2 0.05234375 0.3854166666666667 0.1046875 0.08583333333333333
2 0.596875 0.36041666666666666 0.11145833333333334 0.09083333333333334
2 0.76328125 0.3566666666666667 0.12239583333333333 0.075
4 0.89765625 0.33708333333333335 0.1359375 0.0925
2 0.10833333333333334 0.34625 0.125 0.0625
2 0.0 0.35 0.0 0.07666666666666666
4 0.2596354166666667 0.3325 0.12135416666666667 0.07666666666666666
2 0.46171875 0.33375 0.10364583333333334 0.07916666666666666
2 0.5989583333333334 0.3275 0.103125 0.06833333333333333
2 0.7734375 0.32208333333333333 0.10416666666666667 0.060833333333333336
2 0.8424479166666666 0.23916666666666667 0.0578125 0.041666666666666664