1 0.91015625 0.735 0.16822916666666668 0.12166666666666667
4 0.8890625 0.6479166666666667 0.16770833333333332 0.09916666666666667
2 0.6953125 0.6533333333333333 0.15416666666666667 0.1
2 0.46119791666666665 0.6491666666666667 0.1421875 0.09666666666666666
4 0.25052083333333336 0.64625 0.15104166666666666 0.09916666666666667
2 0.0359375 0.6458333333333334 0.071875 0.11
2 0.7434895833333334 0.57375 0.10364583333333334 0.04583333333333333
4 0.86796875 0.5583333333333333 0.10677083333333333 0.07
4 0.6075520833333333 0.5683333333333334 0.10364583333333334 0.07166666666666667
2 0.43854166666666666 0.57375 0.103125 0.0775
2 0.24973958333333332 0.5825 0.13489583333333333 0.085
2 0.0671875 0.59125 0.134375 0.07916666666666666
2 0.8 0.5333333333333333 0.08020833333333334 0.06
2 0.6265625 0.53125 0.09166666666666666 0.060833333333333336
4 0.4666666666666667 0.53625 0.09166666666666666 0.06416666666666666
4 0.27447916666666666 0.5375 0.10729166666666666 0.07333333333333333
2 0.12291666666666666 0.5504166666666667 0.096875 0.0575
2 0.011197916666666667 0.5525 0.022395833333333334 0.06666666666666667
1 0.090625 0.7275 0.17395833333333333 0.125