4 0.16302083333333334 0.5383333333333333 0.08645833333333333 0.065
4 0.28932291666666665 0.5645833333333333 0.09739583333333333 0.09416666666666666
2 0.15416666666666667 0.6458333333333334 0.13958333333333334 0.13333333333333333
2 0.38359375 0.5595833333333333 0.0859375 0.08916666666666667
4 0.26953125 0.6379166666666667 0.12239583333333333 0.1275
2 0.029427083333333333 0.8420833333333333 0.058854166666666666 0.24083333333333334
2 0.9716145833333333 0.5925 0.05677083333333333 0.04833333333333333
3 0.9408854166666667 0.47333333333333333 0.11822916666666666 0.08666666666666667
15 0.5877604166666667 0.4970833333333333 0.0203125 0.0125
15 0.6354166666666666 0.505 0.029166666666666667 0.023333333333333334
15 0.66640625 0.5270833333333333 0.0234375 0.020833333333333332
15 0.659375 0.605 0.042708333333333334 0.03166666666666667
13 0.6083333333333333 0.7316666666666667 0.03229166666666667 0.051666666666666666