4 0.3104166666666667 0.5591666666666667 0.10520833333333333 0.10166666666666667
4 0.40677083333333336 0.5475 0.0875 0.09166666666666666
2 0.43072916666666666 0.43833333333333335 0.046875 0.018333333333333333
1 0.021354166666666667 0.8575 0.042708333333333334 0.22666666666666666
15 0.6544270833333333 0.4895833333333333 0.0328125 0.0225
15 0.61484375 0.5116666666666667 0.016145833333333335 0.02
6 0.9520833333333333 0.425 0.09583333333333334 0.08833333333333333
2 0.7666666666666667 0.42875 0.05 0.029166666666666667
2 0.2872395833333333 0.47291666666666665 0.05677083333333333 0.0275
2 0.9057291666666667 0.4295833333333333 0.03958333333333333 0.04083333333333333
2 0.1390625 0.5395833333333333 0.051041666666666666 0.029166666666666667
2 0.5270833333333333 0.43291666666666667 0.025 0.0175