2 0.47630208333333335 0.5104166666666666 0.06927083333333334 0.06916666666666667
4 0.30703125 0.5583333333333333 0.1078125 0.10166666666666667
2 0.1265625 0.6691666666666667 0.128125 0.12833333333333333
2 0.027604166666666666 0.8458333333333333 0.05520833333333333 0.225
15 0.5736979166666667 0.5258333333333334 0.0234375 0.023333333333333334
15 0.5783854166666667 0.51125 0.0203125 0.019166666666666665
15 0.5973958333333333 0.4825 0.016666666666666666 0.016666666666666666
15 0.6263020833333334 0.4979166666666667 0.022395833333333334 0.019166666666666665
0 0.20234375 0.51875 0.0703125 0.0625
2 0.14557291666666666 0.5283333333333333 0.0671875 0.041666666666666664
2 0.011979166666666667 0.6029166666666667 0.023958333333333335 0.08416666666666667
15 0.9716145833333333 0.6791666666666667 0.05677083333333333 0.06333333333333334
2 0.5861979166666667 0.4175 0.05364583333333333 0.03666666666666667
2 0.7869791666666667 0.4345833333333333 0.06979166666666667 0.0225
4 0.9380208333333333 0.4483333333333333 0.09479166666666666 0.035
6 1.0 0.445 0.0 0.08666666666666667
11 1.0 0.5270833333333333 0.0 0.2725
2 0.45390625 0.41791666666666666 0.04739583333333333 0.0175
2 0.38958333333333334 0.4166666666666667 0.04479166666666667 0.011666666666666667
13 0.32317708333333334 0.435 0.027604166666666666 0.013333333333333334
5 0.2520833333333333 0.45416666666666666 0.078125 0.04833333333333333
2 0.140625 0.4875 0.03229166666666667 0.02
5 0.33125 0.42125 0.04479166666666667 0.030833333333333334