13 0.46484375 0.53125 0.04739583333333333 0.034166666666666665
4 0.35390625 0.5775 0.09427083333333333 0.10333333333333333
1 0.19921875 0.67875 0.1265625 0.1375
4 0.275 0.5791666666666667 0.10416666666666667 0.09666666666666666
2 0.21354166666666666 0.5154166666666666 0.078125 0.0625
2 0.14505208333333333 0.5325 0.0609375 0.035
2 0.013802083333333333 0.60375 0.027604166666666666 0.0925
2 0.59921875 0.6641666666666667 0.15052083333333333 0.12833333333333333
2 0.9169270833333333 0.43875 0.1109375 0.0625
15 0.5434895833333333 0.5345833333333333 0.025520833333333333 0.0225
15 0.58671875 0.49833333333333335 0.018229166666666668 0.021666666666666667
15 0.54140625 0.5258333333333334 0.016145833333333335 0.021666666666666667