9 0.8794270833333333 0.5770833333333333 0.24114583333333334 0.1625
2 0.022395833333333334 0.8479166666666667 0.04479166666666667 0.22083333333333333
3 0.2296875 0.6683333333333333 0.16666666666666666 0.16666666666666666
2 0.04635416666666667 0.7529166666666667 0.09270833333333334 0.19916666666666666
0 0.29739583333333336 0.5608333333333333 0.09479166666666666 0.08833333333333333
15 0.57890625 0.55 0.015104166666666667 0.03
2 0.18619791666666666 0.5283333333333333 0.0921875 0.07666666666666666
1 0.7533854166666667 0.46125 0.07239583333333334 0.0575
15 0.6877604166666667 0.49041666666666667 0.0265625 0.025833333333333333
2 0.3609375 0.5695833333333333 0.09270833333333334 0.0975
15 0.4947916666666667 0.4691666666666667 0.022916666666666665 0.018333333333333333
15 0.4596354166666667 0.47583333333333333 0.0109375 0.011666666666666667
15 0.43645833333333334 0.46958333333333335 0.023958333333333335 0.0125
15 0.47213541666666664 0.46041666666666664 0.011979166666666667 0.0175
15 0.46901041666666665 0.44625 0.0140625 0.010833333333333334
15 0.38776041666666666 0.445 0.0140625 0.013333333333333334
15 0.33828125 0.44375 0.015104166666666667 0.015833333333333335