4 0.3138020833333333 0.55375 0.09427083333333333 0.09583333333333334
13 0.39921875 0.5533333333333333 0.058854166666666666 0.04666666666666667
15 0.5348958333333333 0.5658333333333333 0.03333333333333333 0.023333333333333334
15 0.6614583333333334 0.5279166666666667 0.022916666666666665 0.019166666666666665
15 0.64921875 0.53 0.0265625 0.021666666666666667
15 0.590625 0.5345833333333333 0.030208333333333334 0.015833333333333335
15 0.5786458333333333 0.5466666666666666 0.029166666666666667 0.016666666666666666
15 0.6177083333333333 0.5216666666666666 0.029166666666666667 0.02
15 0.6059895833333333 0.5183333333333333 0.030729166666666665 0.021666666666666667
3 0.0 0.8429166666666666 0.0 0.07583333333333334
11 0.3359375 0.43666666666666665 0.11666666666666667 0.065
2 0.94296875 0.45166666666666666 0.11197916666666667 0.065
2 0.20260416666666667 0.5320833333333334 0.06458333333333334 0.04416666666666667
15 0.6083333333333333 0.5025 0.03229166666666667 0.02666666666666667
16 0.6119791666666666 0.4895833333333333 0.014583333333333334 0.024166666666666666
16 0.6234375 0.5175 0.030208333333333334 0.025