13 0.46328125 0.5266666666666666 0.0390625 0.03666666666666667
4 0.36744791666666665 0.575 0.0953125 0.09833333333333333
2 0.32447916666666665 0.5470833333333334 0.09583333333333334 0.09083333333333334
2 0.17161458333333332 0.6341666666666667 0.1390625 0.13166666666666665
2 0.031510416666666666 0.7820833333333334 0.06302083333333333 0.2125
4 0.20442708333333334 0.52125 0.07864583333333333 0.06916666666666667
2 0.14322916666666666 0.5358333333333334 0.03958333333333333 0.021666666666666667
5 0.07135416666666666 0.5625 0.14270833333333333 0.11
2 0.0067708333333333336 0.6175 0.013541666666666667 0.11166666666666666
2 0.9755208333333333 0.4529166666666667 0.04895833333333333 0.06583333333333333
2 1.0 0.7429166666666667 0.0 0.25916666666666666
2 0.5734375 0.41791666666666666 0.04479166666666667 0.03916666666666667
2 0.92890625 0.5804166666666667 0.1421875 0.09416666666666666
15 0.3731770833333333 0.4454166666666667 0.011979166666666667 0.009166666666666667
15 0.378125 0.4454166666666667 0.010416666666666666 0.009166666666666667
15 0.3533854166666667 0.445 0.011979166666666667 0.013333333333333334
15 0.5361979166666667 0.49833333333333335 0.022395833333333334 0.025
15 0.3463541666666667 0.4370833333333333 0.003125 0.009166666666666667
15 0.5161458333333333 0.48375 0.020833333333333332 0.020833333333333332
15 0.60078125 0.49041666666666667 0.027604166666666666 0.020833333333333332
15 0.4908854166666667 0.4691666666666667 0.019270833333333334 0.015
15 0.45989583333333334 0.46208333333333335 0.014583333333333334 0.014166666666666666
2 1.0 0.895 0.0 0.175
4 0.1890625 0.45166666666666666 0.042708333333333334 0.035