15 0.6716145833333333 0.4816666666666667 0.022395833333333334 0.021666666666666667
15 0.6807291666666667 0.46625 0.025 0.019166666666666665
15 0.68828125 0.4666666666666667 0.0234375 0.016666666666666666
15 0.6653645833333334 0.49041666666666667 0.03177083333333333 0.030833333333333334
15 0.7049479166666667 0.47375 0.013020833333333334 0.014166666666666666
15 0.7119791666666667 0.48 0.020833333333333332 0.015
15 0.690625 0.5220833333333333 0.0375 0.0325
15 0.8895833333333333 0.5129166666666667 0.034375 0.0175
5 0.6895833333333333 0.42 0.05520833333333333 0.04666666666666667
2 0.5723958333333333 0.4370833333333333 0.05 0.04416666666666667
4 0.49270833333333336 0.5020833333333333 0.0625 0.06916666666666667
4 0.44895833333333335 0.47375 0.058333333333333334 0.0625
2 0.38776041666666666 0.43333333333333335 0.04114583333333333 0.03833333333333333
2 0.31302083333333336 0.45375 0.04375 0.034166666666666665
5 0.22682291666666668 0.5041666666666667 0.08697916666666666 0.07166666666666667
2 0.0 0.6645833333333333 0.0 0.12583333333333332