1 0.39088541666666665 0.56 0.08697916666666666 0.09166666666666666
4 0.3109375 0.56125 0.09583333333333334 0.09083333333333334
2 0.26171875 0.6466666666666666 0.14010416666666667 0.14666666666666667
4 0.07838541666666667 0.6979166666666666 0.15677083333333333 0.1625
2 0.0 0.8945833333333333 0.0 0.21083333333333334
13 0.11588541666666667 0.7433333333333333 0.10052083333333334 0.10166666666666667
0 0.21822916666666667 0.5141666666666667 0.06875 0.058333333333333334
2 0.12942708333333333 0.5458333333333333 0.016145833333333335 0.011666666666666667
15 0.37265625 0.4529166666666667 0.021354166666666667 0.015833333333333335
15 0.4234375 0.45458333333333334 0.020833333333333332 0.019166666666666665
15 0.40677083333333336 0.46041666666666664 0.0125 0.010833333333333334
15 0.3807291666666667 0.44583333333333336 0.010416666666666666 0.01
15 0.43854166666666666 0.4320833333333333 0.010416666666666666 0.0075
15 0.4348958333333333 0.44625 0.014583333333333334 0.015833333333333335
11 0.48072916666666665 0.4116666666666667 0.09791666666666667 0.06666666666666667
15 0.42109375 0.43916666666666665 0.0015625 0.01
15 0.42682291666666666 0.44666666666666666 0.013020833333333334 0.011666666666666667