4 0.37161458333333336 0.36041666666666666 0.1109375 0.1125
4 0.2565104166666667 0.37833333333333335 0.1171875 0.11666666666666667
4 0.24114583333333334 0.45208333333333334 0.14895833333333333 0.15416666666666667
2 0.07864583333333333 0.49916666666666665 0.15729166666666666 0.175
2 0.04895833333333333 0.6458333333333334 0.09791666666666667 0.23
1 0.9734375 0.34708333333333335 0.053125 0.10583333333333333
12 0.8575520833333333 0.38 0.2046875 0.14333333333333334
2 0.5653645833333333 0.44625 0.1609375 0.1075
2 1.0 0.3070833333333333 0.0 0.12583333333333332
13 0.6166666666666667 0.24666666666666667 0.03229166666666667 0.03166666666666667
15 0.8283854166666667 0.27458333333333335 0.030729166666666665 0.024166666666666666
15 0.8138020833333334 0.275 0.03177083333333333 0.025
15 0.6348958333333333 0.365 0.03333333333333333 0.041666666666666664
15 0.58828125 0.3525 0.0359375 0.03
15 0.6059895833333333 0.3525 0.033854166666666664 0.03166666666666667
15 0.49140625 0.33875 0.04010416666666667 0.030833333333333334
15 0.5677083333333334 0.285 0.030208333333333334 0.02666666666666667
15 0.5755208333333334 0.2783333333333333 0.023958333333333335 0.018333333333333333
15 0.49296875 0.24833333333333332 0.022395833333333334 0.011666666666666667
15 0.5390625 0.24666666666666667 0.021875 0.016666666666666666