3 0.97109375 0.7204166666666667 0.0578125 0.1475
2 0.83203125 0.7275 0.1953125 0.12333333333333334
4 0.5927083333333333 0.72625 0.190625 0.1475
4 0.8549479166666667 0.6533333333333333 0.1859375 0.115
4 0.6263020833333334 0.65 0.14739583333333334 0.09166666666666666
2 0.8645833333333334 0.5570833333333334 0.11041666666666666 0.06416666666666666
4 0.72109375 0.5658333333333333 0.1078125 0.056666666666666664
2 0.5528645833333333 0.575 0.10260416666666666 0.07833333333333334
6 0.8033854166666666 0.5145833333333333 0.11927083333333334 0.0725
2 0.6369791666666667 0.5395833333333333 0.08333333333333333 0.0575
2 0.4940104166666667 0.5416666666666666 0.08802083333333334 0.055
4 0.37083333333333335 0.575 0.10625 0.08166666666666667
4 0.08645833333333333 0.585 0.14583333333333334 0.08666666666666667
4 0.3421875 0.545 0.103125 0.075
4 0.290625 0.7325 0.19583333333333333 0.14333333333333334
2 0.19244791666666666 0.55125 0.1109375 0.060833333333333336
2 0.0 0.58875 0.0 0.08083333333333333
2 0.015885416666666666 0.5695833333333333 0.03177083333333333 0.0225