4 0.9765625 0.5283333333333333 0.046875 0.13666666666666666
4 1.0 0.4375 0.0 0.09666666666666666
4 0.94296875 0.34208333333333335 0.1046875 0.07416666666666667
2 0.8033854166666666 0.35083333333333333 0.12135416666666667 0.08
4 0.8083333333333333 0.30583333333333335 0.09791666666666667 0.04
2 0.6630208333333333 0.3225 0.09895833333333333 0.04666666666666667
2 0.5330729166666667 0.36666666666666664 0.11614583333333334 0.085
4 0.371875 0.36666666666666664 0.12083333333333333 0.09166666666666666
2 0.18567708333333333 0.37958333333333333 0.14947916666666666 0.0975
2 0.4786458333333333 0.33416666666666667 0.07916666666666666 0.065
2 0.2638020833333333 0.33666666666666667 0.11822916666666666 0.07833333333333334
2 0.09088541666666666 0.3408333333333333 0.14635416666666667 0.06666666666666667