0 0.3578125 0.5775 0.0875 0.09666666666666666
5 0.3 0.5620833333333334 0.109375 0.11083333333333334
2 0.21145833333333333 0.6754166666666667 0.146875 0.1575
2 0.024739583333333332 0.8545833333333334 0.049479166666666664 0.2525
4 0.07291666666666667 0.7116666666666667 0.14583333333333334 0.18666666666666668
2 0.23333333333333334 0.50625 0.07604166666666666 0.0675
2 0.14270833333333333 0.55875 0.04375 0.024166666666666666
2 0.13072916666666667 0.52875 0.022916666666666665 0.0125
2 0.012239583333333333 0.6529166666666667 0.024479166666666666 0.13916666666666666
6 0.8190104166666666 0.46958333333333335 0.27239583333333334 0.1525
0 0.6848958333333334 0.44333333333333336 0.05 0.05
11 0.45286458333333335 0.4041666666666667 0.0890625 0.06333333333333334
15 0.73671875 0.49833333333333335 0.0265625 0.023333333333333334
15 0.4739583333333333 0.4475 0.013541666666666667 0.015
15 0.39609375 0.46875 0.022395833333333334 0.025833333333333333
4 0.9864583333333333 0.45416666666666666 0.027083333333333334 0.07166666666666667