2 0.5434895833333333 0.4479166666666667 0.050520833333333334 0.050833333333333335
2 0.478125 0.5083333333333333 0.07291666666666667 0.07333333333333333
4 0.3932291666666667 0.5066666666666667 0.065625 0.06666666666666667
2 0.2760416666666667 0.62875 0.1375 0.1375
2 0.30494791666666665 0.46458333333333335 0.0609375 0.0525
15 0.44505208333333335 0.7395833333333334 0.018229166666666668 0.0425
15 0.6809895833333334 0.5204166666666666 0.03802083333333333 0.030833333333333334
13 0.6596354166666667 0.5191666666666667 0.0421875 0.03833333333333333
13 0.63125 0.5125 0.042708333333333334 0.035
15 0.8049479166666667 0.47041666666666665 0.019270833333333334 0.0225
15 0.7442708333333333 0.45625 0.016666666666666666 0.019166666666666665
15 0.8640625 0.43291666666666667 0.017708333333333333 0.015833333333333335
15 0.8192708333333333 0.4191666666666667 0.016666666666666666 0.016666666666666666