11 0.9361979166666666 0.41125 0.12760416666666666 0.10416666666666667
5 0.37135416666666665 0.5641666666666667 0.10104166666666667 0.10666666666666667
4 0.20963541666666666 0.6758333333333333 0.13697916666666668 0.13833333333333334
2 0.30234375 0.56125 0.09635416666666667 0.08583333333333333
2 0.3059895833333333 0.45916666666666667 0.05364583333333333 0.021666666666666667
1 0.14505208333333333 0.4975 0.03697916666666667 0.03833333333333333
15 0.62578125 0.49666666666666665 0.0203125 0.018333333333333333
15 0.5533854166666666 0.5395833333333333 0.0234375 0.0275
15 0.5388020833333333 0.5391666666666667 0.0234375 0.02
4 0.67578125 0.4270833333333333 0.022395833333333334 0.025833333333333333
2 0.9213541666666667 0.4483333333333333 0.10416666666666667 0.04833333333333333
3 0.20286458333333332 0.51375 0.0953125 0.07416666666666667
2 0.13255208333333332 0.5695833333333333 0.0171875 0.010833333333333334
2 0.12734375 0.5458333333333333 0.008854166666666666 0.006666666666666667