4 0.36302083333333335 0.56625 0.09270833333333334 0.10083333333333333
2 0.30885416666666665 0.56375 0.06041666666666667 0.07583333333333334
2 0.16927083333333334 0.5404166666666667 0.08020833333333334 0.06916666666666667
4 0.18645833333333334 0.6870833333333334 0.17395833333333333 0.18083333333333335
4 0.16458333333333333 0.6404166666666666 0.16666666666666666 0.15583333333333332
4 0.01796875 0.6379166666666667 0.0359375 0.12916666666666668
4 0.0046875 0.7995833333333333 0.009375 0.2875
2 0.02890625 0.8525 0.0578125 0.24
1 0.96640625 0.5904166666666667 0.0671875 0.08416666666666667
2 0.7924479166666667 0.5925 0.1421875 0.125
2 0.82265625 0.6433333333333333 0.1671875 0.12
15 0.91875 0.7404166666666666 0.06145833333333333 0.0725
15 0.6796875 0.53625 0.023958333333333335 0.025833333333333333
15 0.6546875 0.49875 0.023958333333333335 0.024166666666666666
15 0.6846354166666667 0.5058333333333334 0.0296875 0.03
15 0.7127604166666667 0.5116666666666667 0.019270833333333334 0.023333333333333334
15 0.7471354166666667 0.4975 0.0296875 0.025
15 0.64609375 0.5991666666666666 0.028645833333333332 0.045
15 0.3177083333333333 0.4354166666666667 0.004166666666666667 0.0125
2 0.9760416666666667 0.54375 0.04791666666666667 0.11416666666666667
11 0.7046875 0.45666666666666667 0.19895833333333332 0.13
15 0.5903645833333333 0.6333333333333333 0.04739583333333333 0.051666666666666666
6 0.9953125 0.47791666666666666 0.009375 0.1125
11 0.503125 0.41041666666666665 0.11145833333333334 0.0775