2 0.0109375 0.57 0.021875 0.04
4 0.11666666666666667 0.54875 0.12395833333333334 0.07416666666666667
4 0.2520833333333333 0.5475 0.11458333333333333 0.075
2 0.4432291666666667 0.5416666666666666 0.09375 0.065
5 0.6182291666666667 0.5079166666666667 0.09583333333333334 0.0625
4 0.746875 0.5 0.07916666666666666 0.065
2 0.7994791666666666 0.5341666666666667 0.07604166666666666 0.055
2 0.06692708333333333 0.5991666666666666 0.13385416666666666 0.075
2 0.24973958333333332 0.5845833333333333 0.13489583333333333 0.08416666666666667
2 0.43828125 0.5758333333333333 0.10260416666666666 0.07833333333333334
4 0.60703125 0.5695833333333333 0.10364583333333334 0.07083333333333333
2 0.7424479166666667 0.5741666666666667 0.0984375 0.045
2 0.8658854166666666 0.55875 0.10572916666666667 0.06916666666666667
2 0.46145833333333336 0.6508333333333334 0.14375 0.095
2 0.6955729166666667 0.65625 0.15260416666666668 0.0975
4 0.8888020833333333 0.655 0.17135416666666667 0.10333333333333333
2 0.25026041666666665 0.64625 0.15052083333333333 0.10083333333333333
0 0.5049479166666667 0.5166666666666667 0.0734375 0.035
4 0.36744791666666665 0.5120833333333333 0.0828125 0.06416666666666666
2 0.7869791666666667 0.47708333333333336 0.053125 0.009166666666666667