4 0.11432291666666666 0.7283333333333334 0.20885416666666667 0.21
4 0.3575520833333333 0.5729166666666666 0.10364583333333334 0.1075
2 0.33229166666666665 0.5420833333333334 0.08020833333333334 0.07916666666666666
4 0.14348958333333334 0.5554166666666667 0.0453125 0.0225
2 0.21510416666666668 0.5095833333333334 0.08020833333333334 0.06583333333333333
6 0.14583333333333334 0.5095833333333334 0.10104166666666667 0.07583333333333334
13 0.5466145833333333 0.4845833333333333 0.027604166666666666 0.020833333333333332
15 0.49192708333333335 0.46958333333333335 0.021354166666666667 0.015833333333333335
15 0.45859375 0.4841666666666667 0.024479166666666666 0.03
15 0.46458333333333335 0.46125 0.010416666666666666 0.014166666666666666
15 0.4049479166666667 0.47541666666666665 0.0109375 0.014166666666666666
15 0.40546875 0.44625 0.0109375 0.0125
15 0.36302083333333335 0.4454166666666667 0.010416666666666666 0.010833333333333334
13 0.34427083333333336 0.43666666666666665 0.0020833333333333333 0.008333333333333333
15 0.3765625 0.43083333333333335 0.009375 0.008333333333333333
15 0.38307291666666665 0.43083333333333335 0.0109375 0.01
15 0.4078125 0.4241666666666667 0.0020833333333333333 0.01
11 0.5239583333333333 0.41583333333333333 0.11666666666666667 0.08166666666666667
11 0.8877604166666667 0.5070833333333333 0.22447916666666667 0.2075
4 0.7197916666666667 0.45208333333333334 0.06875 0.049166666666666664
2 0.0049479166666666664 0.6133333333333333 0.009895833333333333 0.06666666666666667