3 0.8890625 0.51875 0.221875 0.1425
2 0.92734375 0.44125 0.1453125 0.09416666666666666
0 0.61796875 0.52 0.16197916666666667 0.11666666666666667
2 0.3763020833333333 0.4354166666666667 0.15885416666666666 0.11083333333333334
2 0.228125 0.515 0.20729166666666668 0.12666666666666668
5 0.37864583333333335 0.3104166666666667 0.12291666666666666 0.08916666666666667
4 0.3927083333333333 0.36375 0.12395833333333334 0.09083333333333334
3 0.5729166666666666 0.3541666666666667 0.12604166666666666 0.09333333333333334
2 0.57734375 0.3154166666666667 0.10260416666666666 0.059166666666666666
4 0.7296875 0.3541666666666667 0.11354166666666667 0.08
4 0.721875 0.3179166666666667 0.10833333333333334 0.07416666666666667
0 0.815625 0.31708333333333333 0.07708333333333334 0.0625
0 0.88828125 0.3408333333333333 0.11614583333333334 0.07333333333333333
4 0.7502604166666667 0.2920833333333333 0.08489583333333334 0.0575
4 0.0 0.37916666666666665 0.0 0.09
2 0.19375 0.3416666666666667 0.11770833333333333 0.07166666666666667
2 0.7822916666666667 0.25416666666666665 0.08541666666666667 0.04833333333333333
4 0.17161458333333332 0.24333333333333335 0.0328125 0.045