2 0.9927083333333333 0.9954166666666666 0.014583333333333334 0.009166666666666667
13 0.9020833333333333 0.9654166666666667 0.15625 0.06916666666666667
2 1.0 0.6683333333333333 0.0 0.09833333333333333
4 0.63359375 0.655 0.15989583333333332 0.11166666666666666
2 0.28828125 0.6529166666666667 0.15989583333333332 0.10416666666666667
4 0.0 0.6425 0.0 0.11166666666666666
3 0.0 0.6325 0.0 0.115
4 0.9125 0.5575 0.11875 0.07166666666666667
0 0.5921875 0.5704166666666667 0.08645833333333333 0.0675
4 0.08619791666666667 0.5866666666666667 0.1296875 0.075
2 0.0 0.7420833333333333 0.0 0.0925
2 0.6744791666666666 0.5120833333333333 0.08854166666666667 0.05416666666666667
4 0.46015625 0.5191666666666667 0.08177083333333333 0.06166666666666667
4 0.10833333333333334 0.5266666666666666 0.12291666666666666 0.06666666666666667
2 0.7744791666666667 0.46 0.057291666666666664 0.015
2 0.7104166666666667 0.4708333333333333 0.042708333333333334 0.01
13 0.7190104166666667 0.7741666666666667 0.10677083333333333 0.09