2 1.0 0.745 0.0 0.135
2 1.0 0.665 0.0 0.09833333333333333
2 0.9901041666666667 0.73375 0.019791666666666666 0.11416666666666667
2 0.9776041666666667 0.6570833333333334 0.04479166666666667 0.10083333333333333
4 0.7932291666666667 0.7425 0.196875 0.13833333333333334
2 0.8432291666666667 0.6570833333333334 0.16354166666666667 0.0975
2 0.8080729166666667 0.5629166666666666 0.11510416666666666 0.0675
2 0.7846354166666667 0.53375 0.0890625 0.04083333333333333
6 0.6080729166666666 0.6395833333333333 0.1578125 0.11083333333333334
3 0.62421875 0.56375 0.11927083333333334 0.08083333333333333
0 0.6614583333333334 0.5354166666666667 0.065625 0.0425
6 0.6619791666666667 0.50375 0.096875 0.059166666666666666
2 0.5223958333333333 0.5395833333333333 0.10104166666666667 0.06916666666666667
0 0.47552083333333334 0.7375 0.13333333333333333 0.13333333333333333
4 0.39114583333333336 0.6470833333333333 0.14166666666666666 0.1125
0 0.44921875 0.5725 0.08177083333333333 0.075
2 0.34609375 0.55375 0.0984375 0.0475
4 0.2484375 0.7325 0.21145833333333333 0.15
2 0.06796875 0.7379166666666667 0.1359375 0.12416666666666666
2 0.15703125 0.64875 0.16927083333333334 0.1025
2 0.1765625 0.5566666666666666 0.12916666666666668 0.07333333333333333
2 0.008072916666666667 0.6516666666666666 0.016145833333333335 0.10666666666666667
0 0.2877604166666667 0.58375 0.0953125 0.0725
4 0.11432291666666666 0.5891666666666666 0.13177083333333334 0.08333333333333333
13 0.05859375 0.5529166666666666 0.05572916666666667 0.034166666666666665