15 0.6276041666666666 0.5641666666666667 0.035416666666666666 0.02666666666666667
15 0.5848958333333333 0.5925 0.03333333333333333 0.03166666666666667
15 0.61171875 0.5054166666666666 0.03177083333333333 0.0225
4 1.0 0.6475 0.0 0.18833333333333332
4 1.0 0.5733333333333334 0.0 0.09833333333333333
2 0.63046875 0.6708333333333333 0.16197916666666667 0.12666666666666668
6 0.4361979166666667 0.4041666666666667 0.058854166666666666 0.05333333333333334
1 0.25390625 0.49083333333333334 0.058854166666666666 0.055
2 0.0 0.6758333333333333 0.0 0.13166666666666665
2 0.0 0.6325 0.0 0.11833333333333333
4 0.00078125 0.5295833333333333 0.0015625 0.07416666666666667
4 0.16640625 0.4633333333333333 0.05677083333333333 0.051666666666666666