2 1.0 0.8595833333333334 0.0 0.20916666666666667
13 0.93046875 0.7716666666666666 0.1390625 0.14166666666666666
2 0.8859375 0.4475 0.178125 0.105
2 0.07083333333333333 0.34291666666666665 0.134375 0.07583333333333334
2 1.0 0.5345833333333333 0.0 0.12916666666666668
2 0.9940104166666667 0.4508333333333333 0.011979166666666667 0.105
2 1.0 0.4454166666666667 0.0 0.11583333333333333
2 1.0 0.5283333333333333 0.0 0.155
2 1.0 0.5675 0.0 0.16833333333333333
2 1.0 0.46166666666666667 0.0 0.10833333333333334
4 0.17890625 0.3745833333333333 0.1359375 0.10583333333333333
2 0.3651041666666667 0.37166666666666665 0.13020833333333334 0.09
2 0.5395833333333333 0.3641666666666667 0.11354166666666667 0.08333333333333333
0 0.6901041666666666 0.35333333333333333 0.096875 0.07666666666666666
4 0.8375 0.3425 0.115625 0.08333333333333333
4 0.875 0.30916666666666665 0.10625 0.07666666666666666
4 0.240625 0.33458333333333334 0.11875 0.07083333333333333
4 0.5830729166666667 0.32666666666666666 0.1015625 0.06666666666666667
2 0.7330729166666666 0.32625 0.09947916666666666 0.0375
2 1.0 0.33708333333333335 0.0 0.060833333333333336
13 0.8026041666666667 0.2783333333333333 0.0625 0.07333333333333333
2 0.4203125 0.33708333333333335 0.090625 0.0575
4 0.6005208333333333 0.4320833333333333 0.16354166666666667 0.1125
2 0.3380208333333333 0.44416666666666665 0.165625 0.11833333333333333