4 0.33229166666666665 0.5941666666666666 0.1 0.10333333333333333
2 0.16875 0.7025 0.17083333333333334 0.16666666666666666
4 0.10963541666666667 0.6670833333333334 0.1484375 0.1425
2 0.309375 0.5558333333333333 0.09166666666666666 0.08666666666666667
2 0.13515625 0.535 0.033854166666666664 0.021666666666666667
0 0.19166666666666668 0.5225 0.075 0.06333333333333334
15 0.7135416666666666 0.5133333333333333 0.027083333333333334 0.02666666666666667
15 0.5171875 0.5616666666666666 0.03229166666666667 0.025
15 0.5455729166666666 0.5333333333333333 0.028645833333333332 0.021666666666666667
15 0.5752604166666667 0.5208333333333334 0.0265625 0.02666666666666667
15 0.5984375 0.4975 0.01875 0.015
2 1.0 0.9041666666666667 0.0 0.17833333333333334