0 0.6442708333333333 0.5208333333333334 0.171875 0.13666666666666666
4 0.88828125 0.5104166666666666 0.2234375 0.1475
0 1.0 0.53375 0.0 0.13583333333333333
2 0.9580729166666667 0.44708333333333333 0.08385416666666666 0.0975
3 0.7713541666666667 0.43875 0.18125 0.1125
2 0.5479166666666667 0.44416666666666665 0.15 0.09833333333333333
4 0.21744791666666666 0.4395833333333333 0.16614583333333333 0.10416666666666667
0 0.01953125 0.3875 0.0390625 0.08
4 0.3125 0.36875 0.12291666666666666 0.08916666666666667
2 0.5901041666666667 0.36833333333333335 0.125 0.075
2 0.73203125 0.355 0.10989583333333333 0.06833333333333333
3 0.9140625 0.33416666666666667 0.146875 0.08666666666666667
3 0.7692708333333333 0.3125 0.12083333333333333 0.085
2 0.6205729166666667 0.3254166666666667 0.10572916666666667 0.06583333333333333
2 0.4578125 0.3325 0.10416666666666667 0.07333333333333333
4 0.3 0.30333333333333334 0.10833333333333334 0.07666666666666666
2 0.7375 0.25166666666666665 0.058333333333333334 0.045
13 0.8497395833333333 0.31125 0.0203125 0.0125