15 0.5604166666666667 0.5195833333333333 0.020833333333333332 0.0175
15 0.6658854166666667 0.47458333333333336 0.0328125 0.020833333333333332
4 0.33151041666666664 0.5420833333333334 0.07760416666666667 0.07916666666666666
2 0.38229166666666664 0.5654166666666667 0.09583333333333334 0.10416666666666667
4 0.16015625 0.635 0.1546875 0.14
2 0.19817708333333334 0.6854166666666667 0.1453125 0.14083333333333334
2 0.030989583333333334 0.7783333333333333 0.06197916666666667 0.21833333333333332
2 0.033854166666666664 0.8379166666666666 0.06770833333333333 0.2175
2 0.18984375 0.52625 0.0890625 0.0675
4 0.14401041666666667 0.5254166666666666 0.07135416666666666 0.060833333333333336
2 0.7307291666666667 0.42375 0.058333333333333334 0.0375
2 1.0 0.45875 0.0 0.0825
2 1.0 0.5008333333333334 0.0 0.058333333333333334
2 0.011458333333333333 0.60625 0.022916666666666665 0.1025
2 0.019010416666666665 0.6020833333333333 0.027604166666666666 0.05583333333333333