2 0.15572916666666667 0.5470833333333334 0.09166666666666666 0.07583333333333334
4 0.3684895833333333 0.5179166666666667 0.08385416666666666 0.08083333333333333
4 0.23802083333333332 0.6020833333333333 0.103125 0.10083333333333333
13 0.13671875 0.6608333333333334 0.0796875 0.07833333333333334
4 0.32890625 0.5916666666666667 0.1203125 0.12
15 0.7192708333333333 0.5125 0.026041666666666668 0.016666666666666666
11 0.6861979166666666 0.4558333333333333 0.1984375 0.12333333333333334
2 0.965625 0.45125 0.06875 0.0725
2 1.0 0.44958333333333333 0.0 0.07083333333333333
15 0.9109375 0.7420833333333333 0.04479166666666667 0.06416666666666666
2 1.0 0.85125 0.0 0.2975