15 0.5075520833333333 0.5475 0.030729166666666665 0.021666666666666667
15 0.54609375 0.53375 0.0296875 0.029166666666666667
15 0.57265625 0.5125 0.016145833333333335 0.018333333333333333
15 0.6028645833333334 0.5120833333333333 0.022395833333333334 0.020833333333333332
15 0.584375 0.4979166666666667 0.019791666666666666 0.0175
15 0.6356770833333333 0.49 0.027604166666666666 0.021666666666666667
2 0.3533854166666667 0.5895833333333333 0.09947916666666666 0.10583333333333333
4 0.2796875 0.5733333333333334 0.09479166666666666 0.095
3 0.215625 0.5108333333333334 0.08229166666666667 0.07
4 0.08307291666666666 0.6908333333333333 0.16614583333333333 0.14833333333333334
2 0.8575520833333333 0.5945833333333334 0.16302083333333334 0.10416666666666667
11 0.92265625 0.41291666666666665 0.1546875 0.09583333333333334
4 0.72265625 0.41833333333333333 0.06614583333333333 0.058333333333333334
2 0.6666666666666666 0.4008333333333333 0.06666666666666667 0.04
0 0.9901041666666667 0.46166666666666667 0.019791666666666666 0.065