15 0.6588541666666666 0.47333333333333333 0.034375 0.025
15 0.5619791666666667 0.53375 0.03229166666666667 0.029166666666666667
2 0.86796875 0.42625 0.06822916666666666 0.0175
4 0.33177083333333335 0.5429166666666667 0.078125 0.0775
2 0.3736979166666667 0.5725 0.09322916666666667 0.10833333333333334
4 0.16223958333333333 0.64125 0.15572916666666667 0.1425
2 0.08802083333333334 0.76375 0.17604166666666668 0.19083333333333333
2 0.030729166666666665 0.7770833333333333 0.06145833333333333 0.2175
2 0.1890625 0.52625 0.08854166666666667 0.0675
4 0.14401041666666667 0.5258333333333334 0.07135416666666666 0.06
4 1.0 0.4633333333333333 0.0 0.045
9 1.0 0.46375 0.0 0.1675
4 1.0 0.5079166666666667 0.0 0.0675
2 0.6986979166666667 0.445 0.05260416666666667 0.04
2 0.25052083333333336 0.4583333333333333 0.05520833333333333 0.043333333333333335
2 0.19140625 0.4708333333333333 0.049479166666666664 0.03
2 0.010677083333333334 0.6058333333333333 0.021354166666666667 0.1
2 0.020052083333333335 0.6016666666666667 0.027604166666666666 0.055