1 0.39114583333333336 0.5595833333333333 0.084375 0.0875
4 0.30911458333333336 0.5616666666666666 0.09739583333333333 0.09
2 0.26171875 0.6454166666666666 0.1390625 0.14583333333333334
4 0.06380208333333333 0.7195833333333334 0.12760416666666666 0.16916666666666666
2 0.0 0.8933333333333333 0.0 0.21333333333333335
13 0.11875 0.7420833333333333 0.09895833333333333 0.1025
0 0.22369791666666666 0.5116666666666667 0.08385416666666666 0.06333333333333334
2 0.12916666666666668 0.54625 0.015625 0.010833333333333334
2 0.2786458333333333 0.76 0.15104166666666666 0.13
15 0.5697916666666667 0.5270833333333333 0.020833333333333332 0.030833333333333334
15 0.6140625 0.4979166666666667 0.027083333333333334 0.04583333333333333
13 0.6744791666666666 0.49916666666666665 0.030208333333333334 0.03
11 0.18177083333333333 0.46 0.13125 0.075