2 0.33828125 0.58625 0.10260416666666666 0.1075
4 0.30859375 0.5566666666666666 0.1046875 0.1
2 0.1015625 0.74375 0.2 0.2025
4 0.17578125 0.6416666666666667 0.14322916666666666 0.13
5 0.18828125 0.5108333333333334 0.10364583333333334 0.08166666666666667
1 0.13203125 0.5304166666666666 0.03802083333333333 0.0225
1 0.018489583333333334 0.6054166666666667 0.03697916666666667 0.06583333333333333
4 0.011197916666666667 0.5908333333333333 0.022395833333333334 0.06666666666666667
2 0.9419270833333333 0.5858333333333333 0.11614583333333334 0.10666666666666667
2 0.75 0.62375 0.159375 0.11416666666666667
5 0.8125 0.4841666666666667 0.12604166666666666 0.08666666666666667
15 0.4856770833333333 0.45458333333333334 0.018229166666666668 0.019166666666666665
15 0.71640625 0.49666666666666665 0.0234375 0.023333333333333334
15 0.7369791666666666 0.4970833333333333 0.023958333333333335 0.0225
15 0.9328125 0.8229166666666666 0.00625 0.015833333333333335
15 0.8778645833333333 0.3954166666666667 0.0171875 0.0125
15 0.9416666666666667 0.4083333333333333 0.020833333333333332 0.021666666666666667
15 0.9296875 0.39958333333333335 0.0020833333333333333 0.0075
15 0.9596354166666666 0.4058333333333333 0.019270833333333334 0.013333333333333334
15 0.95 0.4066666666666667 0.021875 0.016666666666666666