2 0.2890625 0.5654166666666667 0.10416666666666667 0.09583333333333334
2 0.13776041666666666 0.6695833333333333 0.13489583333333333 0.1125
2 0.9026041666666667 0.6179166666666667 0.15625 0.10416666666666667
15 0.5768229166666666 0.5329166666666667 0.028645833333333332 0.024166666666666666
15 0.5893229166666667 0.52625 0.0171875 0.020833333333333332
15 0.646875 0.5045833333333334 0.027083333333333334 0.0225
15 0.6244791666666667 0.4975 0.014583333333333334 0.025
2 0.9708333333333333 0.4529166666666667 0.058333333333333334 0.07083333333333333
2 0.18333333333333332 0.5283333333333333 0.09479166666666666 0.07666666666666666
2 0.13203125 0.5366666666666666 0.030729166666666665 0.023333333333333334
2 0.005989583333333334 0.6133333333333333 0.011979166666666667 0.09833333333333333