1 0.39114583333333336 0.5604166666666667 0.08645833333333333 0.0925
4 0.3109375 0.56125 0.09583333333333334 0.09083333333333334
2 0.26145833333333335 0.6466666666666666 0.13958333333333334 0.14666666666666667
4 0.0640625 0.71875 0.128125 0.16916666666666666
2 0.0 0.8975 0.0 0.205
13 0.11875 0.74375 0.1 0.0975
0 0.21822916666666667 0.5141666666666667 0.06875 0.058333333333333334
2 0.12942708333333333 0.5458333333333333 0.016145833333333335 0.011666666666666667
15 0.44635416666666666 0.4841666666666667 0.025 0.02
15 0.49661458333333336 0.47041666666666665 0.0265625 0.0275
15 0.35833333333333334 0.4454166666666667 0.010416666666666666 0.010833333333333334
15 0.3880208333333333 0.41583333333333333 0.011458333333333333 0.006666666666666667
15 0.3776041666666667 0.43 0.010416666666666666 0.011666666666666667
13 0.9221354166666667 0.5166666666666667 0.05677083333333333 0.035
2 0.7223958333333333 0.4533333333333333 0.07916666666666666 0.06
2 0.66875 0.4295833333333333 0.053125 0.03916666666666667
15 0.36354166666666665 0.43041666666666667 0.0125 0.009166666666666667
15 0.3690104166666667 0.43041666666666667 0.011979166666666667 0.010833333333333334