5 0.34479166666666666 0.5708333333333333 0.15625 0.14
2 0.20546875 0.6166666666666667 0.1234375 0.11333333333333333
4 0.05364583333333333 0.7370833333333333 0.10729166666666666 0.18416666666666667
5 0.1015625 0.7408333333333333 0.203125 0.225
15 0.6703125 0.6108333333333333 0.036458333333333336 0.035
15 0.625 0.5479166666666667 0.03229166666666667 0.025833333333333333
15 0.54765625 0.5475 0.030729166666666665 0.02666666666666667
15 0.578125 0.5191666666666667 0.027083333333333334 0.023333333333333334
15 0.6223958333333334 0.49041666666666667 0.029166666666666667 0.014166666666666666
2 0.9330729166666667 0.45166666666666666 0.11510416666666666 0.05333333333333334
13 0.61640625 0.41583333333333333 0.016145833333333335 0.021666666666666667