2 0.23385416666666667 0.5066666666666667 0.07708333333333334 0.06666666666666667
2 0.14322916666666666 0.5575 0.04791666666666667 0.02666666666666667
2 0.13098958333333333 0.5283333333333333 0.022395833333333334 0.011666666666666667
2 0.012760416666666666 0.6541666666666667 0.025520833333333333 0.13833333333333334
5 0.2984375 0.5620833333333334 0.109375 0.10916666666666666
0 0.35833333333333334 0.5770833333333333 0.0875 0.0975
2 0.21302083333333333 0.675 0.14375 0.15333333333333332
4 0.07369791666666667 0.715 0.14739583333333334 0.19666666666666666
2 0.025520833333333333 0.8525 0.051041666666666666 0.24666666666666667
15 0.58515625 0.48333333333333334 0.0234375 0.025
15 0.7403645833333333 0.4975 0.025520833333333333 0.023333333333333334
5 0.8348958333333333 0.44416666666666665 0.12083333333333333 0.075
4 0.51015625 0.4191666666666667 0.0328125 0.025
5 0.46640625 0.41208333333333336 0.050520833333333334 0.03916666666666667
15 0.48359375 0.5070833333333333 0.0296875 0.025833333333333333
15 0.4921875 0.5041666666666667 0.03229166666666667 0.021666666666666667