13 0.93046875 0.7758333333333334 0.1390625 0.14833333333333334
4 0.28177083333333336 0.5191666666666667 0.184375 0.14166666666666666
4 0.55703125 0.5229166666666667 0.16614583333333333 0.13916666666666666
2 0.8174479166666667 0.5154166666666666 0.21197916666666666 0.1225
2 0.9690104166666667 0.4504166666666667 0.06197916666666667 0.10083333333333333
2 0.9877604166666667 0.5283333333333333 0.024479166666666666 0.12166666666666667
4 0.5859375 0.4525 0.14166666666666666 0.105
2 0.2981770833333333 0.44666666666666666 0.16614583333333333 0.10833333333333334
4 0.06901041666666667 0.4425 0.13802083333333334 0.12833333333333333
2 0.09921875 0.385 0.16927083333333334 0.105
2 0.2947916666666667 0.375 0.13020833333333334 0.09166666666666666
2 0.4890625 0.36583333333333334 0.109375 0.085
4 0.6536458333333334 0.35291666666666666 0.11354166666666667 0.08083333333333333
4 0.8403645833333333 0.34375 0.12447916666666667 0.08416666666666667
2 0.7244791666666667 0.3120833333333333 0.109375 0.0675
4 0.5533854166666666 0.325 0.1140625 0.08
3 0.3776041666666667 0.3304166666666667 0.11041666666666666 0.08916666666666667
3 0.21666666666666667 0.33416666666666667 0.140625 0.08833333333333333
4 0.05026041666666667 0.3475 0.10052083333333334 0.06166666666666667
2 1.0 0.8570833333333333 0.0 0.1925