3 0.34661458333333334 0.5316666666666666 0.0890625 0.09333333333333334
4 0.37005208333333334 0.5654166666666667 0.09427083333333333 0.09583333333333334
4 0.7166666666666667 0.6329166666666667 0.14479166666666668 0.1075
2 0.21953125 0.4925 0.0703125 0.04833333333333333
4 0.21432291666666667 0.5141666666666667 0.0828125 0.065
6 0.07526041666666666 0.5854166666666667 0.14010416666666667 0.10083333333333333
2 0.14869791666666668 0.5366666666666666 0.043229166666666666 0.021666666666666667
2 0.94765625 0.49833333333333335 0.1046875 0.08666666666666667
2 0.61171875 0.42291666666666666 0.008854166666666666 0.0225
6 0.2015625 0.46375 0.10416666666666667 0.0675
6 0.009635416666666667 0.545 0.019270833333333334 0.08166666666666667