15 0.58125 0.6691666666666667 0.05625 0.043333333333333335
4 0.025260416666666667 0.845 0.050520833333333334 0.265
2 0.20807291666666666 0.6841666666666667 0.14427083333333332 0.15333333333333332
4 0.35911458333333335 0.5729166666666666 0.09427083333333333 0.10083333333333333
2 0.34010416666666665 0.54 0.075 0.07166666666666667
2 0.22838541666666667 0.6045833333333334 0.12760416666666666 0.11916666666666667
2 0.046614583333333334 0.7520833333333333 0.09322916666666667 0.1925
12 0.2578125 0.48583333333333334 0.084375 0.06166666666666667
5 0.14270833333333333 0.5325 0.08125 0.065
2 0.1859375 0.5175 0.036458333333333336 0.016666666666666666
2 0.016145833333333335 0.6375 0.03229166666666667 0.11
2 0.7140625 0.43625 0.07395833333333333 0.04583333333333333
2 0.82734375 0.42291666666666666 0.07447916666666667 0.04416666666666667
2 0.9903645833333333 0.4633333333333333 0.019270833333333334 0.05333333333333334
2 0.40546875 0.44708333333333333 0.05677083333333333 0.0375
15 0.6 0.4979166666666667 0.017708333333333333 0.0175
15 0.7278645833333334 0.49625 0.021354166666666667 0.0225