9 0.04505208333333333 0.4170833333333333 0.09010416666666667 0.1825
2 0.18958333333333333 0.44333333333333336 0.16770833333333332 0.11333333333333333
1 0.41692708333333334 0.4475 0.11510416666666666 0.10333333333333333
2 0.6450520833333333 0.445 0.16302083333333334 0.11166666666666666
2 0.8682291666666667 0.4504166666666667 0.18645833333333334 0.10583333333333333
2 0.8864583333333333 0.34541666666666665 0.12604166666666666 0.0725
1 0.7315104166666667 0.35041666666666665 0.09947916666666666 0.07916666666666666
1 0.60546875 0.36125 0.0953125 0.0825
2 0.4669270833333333 0.36291666666666667 0.10989583333333333 0.08916666666666667
2 0.26171875 0.37875 0.14322916666666666 0.09416666666666666
1 0.08125 0.38083333333333336 0.125 0.08666666666666667
4 0.039322916666666666 0.3304166666666667 0.07864583333333333 0.0625
3 0.18723958333333332 0.3333333333333333 0.14427083333333332 0.09333333333333334
2 0.3411458333333333 0.34458333333333335 0.11354166666666667 0.0875
2 0.478125 0.32666666666666666 0.10520833333333333 0.07333333333333333
2 0.63671875 0.3225 0.10677083333333333 0.06833333333333333
4 0.7684895833333333 0.30583333333333335 0.1015625 0.06833333333333333
2 0.8723958333333334 0.31166666666666665 0.08958333333333333 0.06333333333333334
3 0.6713541666666667 0.2608333333333333 0.008333333333333333 0.0033333333333333335