4 0.16927083333333334 0.5120833333333333 0.030208333333333334 0.0425
4 0.21744791666666666 0.5079166666666667 0.0765625 0.06416666666666666
5 0.13489583333333333 0.5445833333333333 0.040625 0.024166666666666666
2 0.014322916666666666 0.6325 0.028645833333333332 0.1
4 0.440625 0.5179166666666667 0.08229166666666667 0.0775
2 0.3390625 0.5870833333333333 0.103125 0.10583333333333333
15 0.5942708333333333 0.5120833333333333 0.016666666666666666 0.019166666666666665
15 0.90546875 0.7320833333333333 0.0796875 0.0825
15 0.8940104166666667 0.7141666666666666 0.0640625 0.06666666666666667
4 0.76640625 0.46041666666666664 0.09114583333333333 0.06416666666666666
11 0.16822916666666668 0.46 0.115625 0.07666666666666666
6 0.09270833333333334 0.8154166666666667 0.18541666666666667 0.36916666666666664