4 0.36354166666666665 0.5691666666666667 0.09583333333333334 0.09666666666666666
2 0.3106770833333333 0.56375 0.06197916666666667 0.07916666666666666
2 0.17239583333333333 0.5420833333333334 0.07916666666666666 0.06416666666666666
4 0.13463541666666667 0.5283333333333333 0.05572916666666667 0.06166666666666667
4 0.19010416666666666 0.68625 0.17395833333333333 0.1725
4 0.017708333333333333 0.63625 0.035416666666666666 0.1225
15 0.5552083333333333 0.5266666666666666 0.01875 0.021666666666666667
15 0.5794270833333334 0.5208333333333334 0.0296875 0.03166666666666667
15 0.5958333333333333 0.5129166666666667 0.01875 0.024166666666666666
15 0.67734375 0.4970833333333333 0.0234375 0.0225
15 0.70703125 0.51125 0.0265625 0.020833333333333332
15 0.6236979166666666 0.505 0.0234375 0.025
15 0.6265625 0.4979166666666667 0.017708333333333333 0.020833333333333332
15 0.62578125 0.56625 0.03697916666666667 0.0325
4 0.8776041666666666 0.6091666666666666 0.16145833333333334 0.11333333333333333
4 0.7752604166666667 0.43291666666666667 0.07864583333333333 0.0475
4 0.32890625 0.4529166666666667 0.058854166666666666 0.0325