3 0.41953125 0.5383333333333333 0.0984375 0.1
11 0.159375 0.725 0.31875 0.3883333333333333
2 0.3203125 0.54875 0.0875 0.08583333333333333
2 0.496875 0.7208333333333333 0.16979166666666667 0.15333333333333332
6 0.21197916666666666 0.505 0.08541666666666667 0.07166666666666667
3 0.14114583333333333 0.5170833333333333 0.07708333333333334 0.0525
2 0.016666666666666666 0.63 0.03333333333333333 0.10666666666666667
13 0.7075520833333333 0.47375 0.0265625 0.0175
13 0.7716145833333333 0.4816666666666667 0.0515625 0.025
15 0.7697916666666667 0.5041666666666667 0.014583333333333334 0.015
15 0.5765625 0.5116666666666667 0.020833333333333332 0.02
15 0.8283854166666667 0.6875 0.0390625 0.058333333333333334
15 0.9755208333333333 0.7416666666666667 0.04895833333333333 0.095
15 0.9861979166666667 0.68375 0.027604166666666666 0.05583333333333333