4 0.37942708333333336 0.44208333333333333 0.14427083333333332 0.10916666666666666
2 0.17239583333333333 0.44083333333333335 0.17708333333333334 0.10833333333333334
2 0.8348958333333333 0.44333333333333336 0.165625 0.09833333333333333
2 0.996875 0.54 0.00625 0.125
2 0.9734375 0.44916666666666666 0.053125 0.10666666666666667
4 0.06692708333333333 0.3829166666666667 0.13385416666666666 0.08416666666666667
2 0.21588541666666666 0.3770833333333333 0.1546875 0.10083333333333333
2 0.403125 0.37 0.125 0.08833333333333333
2 0.5963541666666666 0.36083333333333334 0.1125 0.095
2 0.7638020833333333 0.3566666666666667 0.12864583333333332 0.07
4 0.8752604166666667 0.33916666666666667 0.09427083333333333 0.095
2 0.7567708333333333 0.3258333333333333 0.10625 0.065
2 0.57109375 0.32625 0.10260416666666666 0.07416666666666667
2 0.4265625 0.33958333333333335 0.10520833333333333 0.0625
4 0.2596354166666667 0.3333333333333333 0.12135416666666667 0.07666666666666666
0 0.10703125 0.34625 0.1265625 0.060833333333333336
2 1.0 0.8466666666666667 0.0 0.195
13 0.9302083333333333 0.7754166666666666 0.13958333333333334 0.14583333333333334
2 0.5013020833333334 0.31416666666666665 0.06510416666666667 0.04666666666666667
2 0.66015625 0.29833333333333334 0.0953125 0.06166666666666667
4 0.7822916666666667 0.28375 0.0875 0.08416666666666667
2 0.775 0.24916666666666668 0.05520833333333333 0.06
4 0.6372395833333333 0.2683333333333333 0.0578125 0.016666666666666666
4 0.29739583333333336 0.29791666666666666 0.109375 0.07416666666666667
2 0.12239583333333333 0.24375 0.07083333333333333 0.014166666666666666