2 0.5981770833333333 0.44916666666666666 0.049479166666666664 0.05
2 0.45 0.49541666666666667 0.053125 0.07083333333333333
2 0.9294270833333333 0.5779166666666666 0.14114583333333333 0.0875
2 0.16770833333333332 0.7045833333333333 0.16145833333333334 0.16916666666666666
2 0.4114583333333333 0.745 0.16354166666666667 0.17166666666666666
2 0.10755208333333334 0.67625 0.15885416666666666 0.1475
2 0.2682291666666667 0.48833333333333334 0.06354166666666666 0.055
4 0.2877604166666667 0.46 0.0640625 0.05
15 0.8731770833333333 0.4325 0.019270833333333334 0.018333333333333333
15 0.8638020833333333 0.4325 0.021354166666666667 0.02
15 0.7971354166666667 0.4370833333333333 0.015104166666666667 0.0125
12 0.45807291666666666 0.5091666666666667 0.10572916666666667 0.085
15 0.8940104166666667 0.43083333333333335 0.022395833333333334 0.02
15 0.9044270833333333 0.42875 0.0171875 0.014166666666666666