4 0.37213541666666666 0.5591666666666667 0.09427083333333333 0.1
2 0.2234375 0.6608333333333334 0.14791666666666667 0.14666666666666667
4 0.29583333333333334 0.5566666666666666 0.09166666666666666 0.09
5 0.21015625 0.51 0.07239583333333334 0.06333333333333334
2 0.13489583333333333 0.5383333333333333 0.05625 0.06333333333333334
2 0.0 0.62625 0.0 0.11083333333333334
15 0.5666666666666667 0.5354166666666667 0.029166666666666667 0.020833333333333332
15 0.5424479166666667 0.5283333333333333 0.0234375 0.025
15 0.58125 0.5129166666666667 0.021875 0.019166666666666665
15 0.61796875 0.49833333333333335 0.022395833333333334 0.018333333333333333
15 0.6125 0.52875 0.03229166666666667 0.0275
1 0.6364583333333333 0.41333333333333333 0.041666666666666664 0.03666666666666667
2 0.7838541666666666 0.43666666666666665 0.0875 0.03833333333333333
3 0.9059895833333333 0.41875 0.09947916666666666 0.0525