3 0.36875 0.5175 0.08541666666666667 0.08166666666666667
3 0.32864583333333336 0.5929166666666666 0.12083333333333333 0.12083333333333333
2 0.23802083333333332 0.6016666666666667 0.103125 0.1
13 0.13776041666666666 0.66125 0.08385416666666666 0.08083333333333333
2 0.6471354166666666 0.44083333333333335 0.06510416666666667 0.055
4 0.9815104166666667 0.455 0.03697916666666667 0.06666666666666667
15 0.7065104166666667 0.5845833333333333 0.0140625 0.0325
15 0.6390625 0.5958333333333333 0.03854166666666667 0.03333333333333333
15 0.4158854166666667 0.4691666666666667 0.022395833333333334 0.011666666666666667
15 0.44192708333333336 0.4608333333333333 0.0109375 0.011666666666666667
15 0.3776041666666667 0.4608333333333333 0.011458333333333333 0.011666666666666667
15 0.43307291666666664 0.44625 0.013020833333333334 0.014166666666666666