2 0.04895833333333333 0.5266666666666666 0.09791666666666667 0.13
4 0.26484375 0.5279166666666667 0.20677083333333332 0.14583333333333334
3 0.5828125 0.5166666666666667 0.19791666666666666 0.14833333333333334
2 0.8333333333333334 0.5291666666666667 0.1875 0.12166666666666667
2 0.96484375 0.4479166666666667 0.0703125 0.09083333333333334
3 0.7536458333333333 0.44583333333333336 0.1875 0.11666666666666667
2 0.4544270833333333 0.44958333333333333 0.15260416666666668 0.10583333333333333
2 0.20182291666666666 0.45458333333333334 0.16822916666666668 0.09416666666666666
2 0.00625 0.4508333333333333 0.0125 0.08833333333333333
2 0.06510416666666667 0.3825 0.13020833333333334 0.08833333333333333
2 0.24661458333333333 0.37375 0.13489583333333333 0.09416666666666666
2 0.45703125 0.3720833333333333 0.12239583333333333 0.08583333333333333
2 0.64765625 0.35541666666666666 0.1234375 0.0825
4 0.79375 0.35333333333333333 0.10833333333333334 0.07833333333333334
2 0.9380208333333333 0.3416666666666667 0.12083333333333333 0.07
6 0.7802083333333333 0.30666666666666664 0.12916666666666668 0.08166666666666667
2 0.6424479166666667 0.31833333333333336 0.09739583333333333 0.07333333333333333
6 0.4765625 0.31166666666666665 0.11875 0.09
4 0.3182291666666667 0.3308333333333333 0.10833333333333334 0.07833333333333334
13 0.9296875 0.77375 0.140625 0.14083333333333334
2 1.0 0.8545833333333334 0.0 0.20916666666666667