11 0.30390625 0.5908333333333333 0.2671875 0.22333333333333333
2 0.053385416666666664 0.8025 0.10677083333333333 0.19666666666666666
11 0.9109375 0.5154166666666666 0.178125 0.2075
15 0.3453125 0.45958333333333334 0.011458333333333333 0.0125
2 0.21979166666666666 0.51875 0.08541666666666667 0.06583333333333333
15 0.56484375 0.5120833333333333 0.0203125 0.019166666666666665
15 0.52265625 0.48375 0.019270833333333334 0.010833333333333334
15 0.5294270833333333 0.48375 0.022395833333333334 0.015833333333333335
15 0.47994791666666664 0.4979166666666667 0.0234375 0.0325
15 0.4328125 0.48333333333333334 0.019791666666666666 0.018333333333333333
15 0.4427083333333333 0.48291666666666666 0.020833333333333332 0.015833333333333335
15 0.45859375 0.47541666666666665 0.009895833333333333 0.014166666666666666
2 0.016666666666666666 0.6216666666666667 0.03333333333333333 0.08333333333333333
2 0.13619791666666667 0.5370833333333334 0.04010416666666667 0.020833333333333332