15 0.5984375 0.49041666666666667 0.025 0.024166666666666666
15 0.5888020833333333 0.49041666666666667 0.009895833333333333 0.0125
15 0.5799479166666667 0.4970833333333333 0.0015625 0.0008333333333333334
13 0.55 0.52875 0.03125 0.04083333333333333
15 0.52421875 0.52625 0.019270833333333334 0.0175
13 0.5861979166666667 0.5204166666666666 0.03697916666666667 0.03916666666666667
15 0.5802083333333333 0.5345833333333333 0.019791666666666666 0.025833333333333333
13 0.52734375 0.5479166666666667 0.04114583333333333 0.035833333333333335
3 0.37942708333333336 0.5629166666666666 0.10364583333333334 0.10916666666666666
0 0.23932291666666666 0.6695833333333333 0.1296875 0.1375
2 0.31328125 0.5525 0.0734375 0.07833333333333334
4 0.17994791666666668 0.6345833333333334 0.1234375 0.12083333333333333
2 0.014583333333333334 0.61375 0.029166666666666667 0.06916666666666667
2 0.20625 0.53125 0.07083333333333333 0.04083333333333333
2 0.1390625 0.5275 0.052083333333333336 0.02666666666666667
2 0.011979166666666667 0.58875 0.023958333333333335 0.0675
3 0.0 0.7975 0.0 0.16666666666666666
15 0.6265625 0.57375 0.030208333333333334 0.0375
4 0.0 0.6125 0.0 0.08833333333333333
4 0.14010416666666667 0.47708333333333336 0.05416666666666667 0.04083333333333333