3 0.25729166666666664 0.48375 0.08333333333333333 0.06416666666666666
5 0.14270833333333333 0.5320833333333334 0.08229166666666667 0.06583333333333333
2 0.34322916666666664 0.54125 0.07916666666666666 0.06916666666666667
2 0.228125 0.60375 0.12708333333333333 0.12083333333333333
2 0.046875 0.7483333333333333 0.09375 0.18
4 0.3580729166666667 0.5729166666666666 0.09322916666666667 0.10083333333333333
2 0.20833333333333334 0.6833333333333333 0.14479166666666668 0.14833333333333334
2 0.03046875 0.8408333333333333 0.0609375 0.275
13 0.47734375 0.5466666666666666 0.04635416666666667 0.03666666666666667
15 0.6260416666666667 0.5191666666666667 0.030208333333333334 0.023333333333333334
15 0.6567708333333333 0.53625 0.03333333333333333 0.0225
15 0.653125 0.5054166666666666 0.027083333333333334 0.024166666666666666
15 0.7322916666666667 0.49666666666666665 0.023958333333333335 0.01
15 0.6416666666666667 0.585 0.04375 0.03666666666666667
15 0.59140625 0.5554166666666667 0.022395833333333334 0.020833333333333332