0 0.5640625 0.5720833333333334 0.084375 0.07083333333333333
2 0.6846354166666667 0.73875 0.17552083333333332 0.1225
0 0.70390625 0.56625 0.08072916666666667 0.06916666666666667
4 0.8611979166666667 0.5545833333333333 0.1078125 0.0725
4 0.77578125 0.52875 0.09739583333333333 0.0625
11 0.8973958333333333 0.7095833333333333 0.20520833333333333 0.2175
2 1.0 0.7491666666666666 0.0 0.13333333333333333
2 1.0 0.7645833333333333 0.0 0.12416666666666666
2 1.0 0.75625 0.0 0.13916666666666666
2 1.0 0.6958333333333333 0.0 0.1
2 0.63203125 0.5104166666666666 0.07864583333333333 0.0375
4 0.49661458333333336 0.5175 0.0765625 0.056666666666666664
13 0.8994791666666667 0.965 0.15520833333333334 0.07
2 0.043229166666666666 0.65 0.08645833333333333 0.105
2 0.25625 0.5908333333333333 0.128125 0.08166666666666667
5 0.5864583333333333 0.4841666666666667 0.06770833333333333 0.018333333333333333
2 0.74453125 0.47583333333333333 0.06822916666666666 0.015
15 1.0 1.0 0.0 0.0
2 0.9963541666666667 0.9991666666666666 0.007291666666666667 0.0016666666666666668