2 0.3184895833333333 0.5170833333333333 0.1921875 0.1275
0 0.625 0.5204166666666666 0.16145833333333334 0.11583333333333333
3 0.8893229166666666 0.5195833333333333 0.22135416666666666 0.14416666666666667
11 0.10052083333333334 0.47791666666666666 0.20104166666666667 0.22916666666666666
2 0.92734375 0.44125 0.1453125 0.09416666666666666
2 0.7447916666666666 0.44208333333333333 0.16770833333333332 0.10416666666666667
6 0.4856770833333333 0.4116666666666667 0.19947916666666668 0.12833333333333333
2 0.16796875 0.44666666666666666 0.044270833333333336 0.07
4 0.31276041666666665 0.3645833333333333 0.12447916666666667 0.09083333333333334
5 0.40520833333333334 0.31083333333333335 0.11875 0.09333333333333334
3 0.6502604166666667 0.35208333333333336 0.12760416666666666 0.0925
2 0.5705729166666667 0.32625 0.0953125 0.06916666666666667
4 0.7221354166666667 0.3104166666666667 0.1046875 0.07083333333333333
4 0.8010416666666667 0.35041666666666665 0.11354166666666667 0.0775
0 0.8276041666666667 0.31708333333333333 0.09791666666666667 0.06416666666666666
0 0.94375 0.34208333333333335 0.10625 0.0675
2 0.22395833333333334 0.33791666666666664 0.09270833333333334 0.07583333333333334
0 0.09973958333333334 0.3441666666666667 0.12760416666666666 0.07333333333333333
5 0.010677083333333334 0.36 0.021354166666666667 0.075