2 0.9270833333333334 0.7425 0.14583333333333334 0.125
2 0.55546875 0.7320833333333333 0.17135416666666667 0.12083333333333333
2 0.19244791666666666 0.7316666666666667 0.18697916666666667 0.12166666666666667
12 0.8609375 0.53625 0.011458333333333333 0.04416666666666667
4 0.7473958333333334 0.56375 0.09895833333333333 0.0725
2 0.6557291666666667 0.5333333333333333 0.090625 0.06
2 0.5802083333333333 0.5745833333333333 0.09895833333333333 0.0775
2 0.49609375 0.5391666666666667 0.0828125 0.06333333333333334
2 0.30442708333333335 0.5479166666666667 0.10885416666666667 0.0425
4 0.30625 0.5825 0.1125 0.08333333333333333
2 0.06015625 0.5529166666666666 0.034895833333333334 0.03916666666666667
2 0.12395833333333334 0.585 0.14166666666666666 0.08333333333333333
2 0.00859375 0.55375 0.0171875 0.07083333333333333