15 0.58046875 0.5383333333333333 0.0328125 0.028333333333333332
15 0.5502604166666667 0.53375 0.0296875 0.020833333333333332
15 0.534375 0.5341666666666667 0.029166666666666667 0.02
5 0.37083333333333335 0.5645833333333333 0.10104166666666667 0.1075
4 0.20833333333333334 0.6745833333333333 0.13541666666666666 0.1375
4 0.021354166666666667 0.8529166666666667 0.042708333333333334 0.22583333333333333
2 0.30130208333333336 0.5629166666666666 0.0953125 0.08916666666666667
3 0.20286458333333332 0.5129166666666667 0.09635416666666667 0.07583333333333334
0 0.90234375 0.43875 0.07760416666666667 0.03916666666666667
15 0.6265625 0.49625 0.021875 0.019166666666666665
2 0.13177083333333334 0.56375 0.010416666666666666 0.009166666666666667
2 0.12708333333333333 0.54625 0.009375 0.005833333333333334