13 0.07682291666666667 0.81125 0.06302083333333333 0.07083333333333333
12 0.8375 0.4175 0.221875 0.095
15 0.6544270833333333 0.5408333333333334 0.0421875 0.03333333333333333
15 0.7341145833333333 0.4970833333333333 0.0234375 0.0225
15 0.6 0.4979166666666667 0.01875 0.0175
15 0.6776041666666667 0.6066666666666667 0.03958333333333333 0.03666666666666667
4 0.3580729166666667 0.56875 0.09114583333333333 0.09916666666666667
2 0.20807291666666666 0.6841666666666667 0.14322916666666666 0.15333333333333332
4 0.025 0.8441666666666666 0.05 0.2633333333333333
2 0.04609375 0.7470833333333333 0.0921875 0.18916666666666668
2 0.22838541666666667 0.605 0.12760416666666666 0.12
2 0.3411458333333333 0.5379166666666667 0.07395833333333333 0.07083333333333333
2 0.015364583333333333 0.6341666666666667 0.030729166666666665 0.10833333333333334
5 0.14270833333333333 0.5325 0.08125 0.065
2 0.1859375 0.5179166666666667 0.036458333333333336 0.0175
12 0.25807291666666665 0.48541666666666666 0.0828125 0.0625