15 0.5765625 0.48291666666666666 0.022916666666666665 0.0175
15 0.5846354166666666 0.535 0.03697916666666667 0.02666666666666667
13 0.47421875 0.545 0.044270833333333336 0.04
11 0.2794270833333333 0.6041666666666666 0.3255208333333333 0.2633333333333333
4 0.2109375 0.5104166666666666 0.07604166666666666 0.06416666666666666
2 0.013541666666666667 0.5920833333333333 0.027083333333333334 0.06583333333333333
2 0.05703125 0.73875 0.1140625 0.18916666666666668
15 0.9721354166666667 0.7333333333333333 0.05572916666666667 0.06833333333333333
11 0.9088541666666666 0.5141666666666667 0.18229166666666666 0.21166666666666667
13 0.40911458333333334 0.47541666666666665 0.013020833333333334 0.015833333333333335
2 0.13411458333333334 0.5691666666666667 0.0203125 0.011666666666666667