4 0.33229166666666665 0.5941666666666666 0.1 0.10333333333333333
2 0.16848958333333333 0.7020833333333333 0.1703125 0.1675
4 0.11145833333333334 0.6683333333333333 0.146875 0.13166666666666665
2 0.309375 0.5558333333333333 0.09166666666666666 0.08666666666666667
2 0.13489583333333333 0.5345833333333333 0.034375 0.0225
0 0.19140625 0.5225 0.07447916666666667 0.06333333333333334
15 0.7151041666666667 0.5133333333333333 0.026041666666666668 0.025
15 0.5197916666666667 0.5495833333333333 0.03229166666666667 0.025833333333333333
15 0.5471354166666667 0.5258333333333334 0.019270833333333334 0.02
15 0.5752604166666667 0.5208333333333334 0.024479166666666666 0.023333333333333334
15 0.5973958333333333 0.4970833333333333 0.020833333333333332 0.015833333333333335
2 1.0 0.9045833333333333 0.0 0.1775