4 0.36041666666666666 0.5766666666666667 0.09479166666666666 0.10333333333333333
2 0.27786458333333336 0.5795833333333333 0.10364583333333334 0.10083333333333333
2 0.23828125 0.6579166666666667 0.1296875 0.13583333333333333
5 0.10130208333333333 0.6770833333333334 0.18697916666666667 0.16583333333333333
2 0.06432291666666666 0.81 0.12864583333333332 0.24666666666666667
15 0.5348958333333333 0.7183333333333334 0.04479166666666667 0.035
15 0.6338541666666667 0.5058333333333334 0.03125 0.018333333333333333
15 0.5768229166666666 0.49833333333333335 0.0171875 0.02
15 0.6838541666666667 0.49666666666666665 0.022916666666666665 0.016666666666666666
15 0.775 0.5041666666666667 0.016666666666666666 0.016666666666666666
2 0.15807291666666667 0.53625 0.1046875 0.08083333333333333
2 0.01640625 0.6341666666666667 0.0328125 0.1