6 0.7171875 0.4891666666666667 0.096875 0.06333333333333334
4 0.47369791666666666 0.5095833333333334 0.0828125 0.0575
4 0.76328125 0.47041666666666665 0.05364583333333333 0.034166666666666665
2 0.3416666666666667 0.7308333333333333 0.184375 0.14
4 0.0734375 0.7204166666666667 0.146875 0.13916666666666666
2 0.5596354166666667 0.7366666666666667 0.18072916666666666 0.13666666666666666
2 0.8067708333333333 0.7483333333333333 0.21041666666666667 0.13833333333333334
3 0.9638020833333333 0.7395833333333334 0.07239583333333334 0.1475
2 0.9484375 0.6504166666666666 0.103125 0.09916666666666667
2 0.75078125 0.6541666666666667 0.16197916666666667 0.09166666666666666
4 0.4588541666666667 0.6491666666666667 0.13958333333333334 0.105
0 0.2125 0.6508333333333334 0.128125 0.09666666666666666
2 0.02109375 0.6420833333333333 0.0421875 0.0975
2 0.0 0.55625 0.0 0.0775
2 0.052083333333333336 0.5870833333333333 0.10416666666666667 0.0775
2 0.0953125 0.5508333333333333 0.12604166666666666 0.07
4 0.22708333333333333 0.5758333333333333 0.14166666666666666 0.08333333333333333
2 0.36770833333333336 0.5754166666666667 0.109375 0.08083333333333333
4 0.5223958333333333 0.5654166666666667 0.11041666666666666 0.0775
5 0.7088541666666667 0.5445833333333333 0.134375 0.08083333333333333
2 0.8377604166666667 0.5579166666666666 0.1078125 0.0675
2 0.7877604166666666 0.53375 0.0546875 0.04083333333333333
2 0.6440104166666667 0.5341666666666667 0.0390625 0.05
4 0.5385416666666667 0.535 0.10416666666666667 0.055
2 0.3809895833333333 0.54625 0.0953125 0.06583333333333333
0 0.25885416666666666 0.54375 0.096875 0.06916666666666667