2 0.39765625 0.5583333333333333 0.09010416666666667 0.09166666666666666
4 0.33151041666666664 0.5429166666666667 0.0765625 0.07916666666666666
4 0.1625 0.6358333333333334 0.153125 0.13833333333333334
2 0.19713541666666667 0.6841666666666667 0.14427083333333332 0.14333333333333334
2 0.03359375 0.8383333333333334 0.0671875 0.21666666666666667
2 0.03046875 0.7775 0.0609375 0.215
2 0.18802083333333333 0.5245833333333333 0.08541666666666667 0.0725
2 0.14296875 0.5254166666666666 0.07135416666666666 0.05583333333333333
2 0.020052083333333335 0.5995833333333334 0.025520833333333333 0.050833333333333335
2 0.9200520833333333 0.58 0.15572916666666667 0.095
15 0.65625 0.4891666666666667 0.03229166666666667 0.018333333333333333
15 0.5161458333333333 0.6416666666666667 0.042708333333333334 0.035
2 0.9736979166666667 0.5291666666666667 0.05260416666666667 0.10333333333333333
2 1.0 0.6616666666666666 0.0 0.21833333333333332
4 1.0 0.5283333333333333 0.0 0.12166666666666667
11 0.5169270833333334 0.41541666666666666 0.11614583333333334 0.0725
15 0.66171875 0.4666666666666667 0.0203125 0.011666666666666667
2 0.009895833333333333 0.6058333333333333 0.019791666666666666 0.09833333333333333