6 0.4786458333333333 0.7025 0.24270833333333333 0.23
4 0.14114583333333333 0.7125 0.18958333333333333 0.185
2 0.20703125 0.6158333333333333 0.1265625 0.11666666666666667
4 0.35833333333333334 0.5741666666666667 0.10520833333333333 0.10833333333333334
2 0.33151041666666664 0.5416666666666666 0.07864583333333333 0.07833333333333334
15 0.91953125 0.7458333333333333 0.06302083333333333 0.07666666666666666
15 0.7708333333333334 0.655 0.03854166666666667 0.06
15 0.64921875 0.5958333333333333 0.03177083333333333 0.03666666666666667
15 0.54921875 0.5258333333333334 0.016145833333333335 0.025
2 0.21484375 0.5095833333333334 0.07760416666666667 0.06416666666666666
2 0.14322916666666666 0.5554166666666667 0.04375 0.0225
6 0.14635416666666667 0.5095833333333334 0.096875 0.0725
6 0.63828125 0.4320833333333333 0.08385416666666666 0.0575