15 0.50703125 0.53375 0.027604166666666666 0.025833333333333333
15 0.5458333333333333 0.53375 0.029166666666666667 0.025833333333333333
15 0.5729166666666666 0.5125 0.015625 0.018333333333333333
15 0.6026041666666667 0.5120833333333333 0.021875 0.0225
15 0.5846354166666666 0.4979166666666667 0.0203125 0.015833333333333335
15 0.6346354166666667 0.49 0.025520833333333333 0.02
2 0.21588541666666666 0.51 0.08177083333333333 0.06833333333333333
2 0.28020833333333334 0.5729166666666666 0.09583333333333334 0.09416666666666666
2 0.3536458333333333 0.5891666666666666 0.1 0.105
2 0.2708333333333333 0.46416666666666667 0.06666666666666667 0.043333333333333335
4 0.6830729166666667 0.39666666666666667 0.049479166666666664 0.035
4 0.75390625 0.43375 0.06614583333333333 0.04583333333333333
2 0.9484375 0.44 0.084375 0.025