3 0.50390625 0.6829166666666666 0.1703125 0.15916666666666668
3 0.25885416666666666 0.5845833333333333 0.11875 0.11583333333333333
2 0.1640625 0.5454166666666667 0.07395833333333333 0.04416666666666667
15 0.5950520833333334 0.7525 0.009895833333333333 0.03
15 0.6236979166666666 0.7554166666666666 0.0026041666666666665 0.0125
15 0.9192708333333334 0.735 0.04479166666666667 0.06666666666666667
15 0.61328125 0.5641666666666667 0.033854166666666664 0.02
15 0.60390625 0.49125 0.0265625 0.020833333333333332
15 0.6489583333333333 0.49666666666666665 0.019791666666666666 0.02
15 0.6559895833333333 0.49666666666666665 0.008854166666666666 0.013333333333333334
15 0.63984375 0.49041666666666667 0.0265625 0.0275
15 0.7354166666666667 0.48041666666666666 0.028125 0.019166666666666665