4 0.18958333333333333 0.6270833333333333 0.125 0.1225
5 0.35078125 0.5741666666666667 0.11302083333333333 0.11333333333333333
4 0.32369791666666664 0.5416666666666666 0.07447916666666667 0.07833333333333334
13 0.5291666666666667 0.5420833333333334 0.028125 0.035833333333333335
9 0.9838541666666667 0.43083333333333335 0.03229166666666667 0.10833333333333334
13 0.9247395833333333 0.44666666666666666 0.03697916666666667 0.025
2 0.21692708333333333 0.5141666666666667 0.09010416666666667 0.07
13 0.01015625 0.55 0.013020833333333334 0.008333333333333333
2 0.7434895833333334 0.45958333333333334 0.06302083333333333 0.050833333333333335
2 0.023177083333333334 0.7941666666666667 0.04635416666666667 0.23166666666666666
0 0.023177083333333334 0.6095833333333334 0.03177083333333333 0.0525
2 0.12473958333333333 0.5383333333333333 0.016145833333333335 0.018333333333333333