2 0.33671875 0.5358333333333334 0.06510416666666667 0.07
2 0.315625 0.5983333333333334 0.12395833333333334 0.12833333333333333
2 0.20833333333333334 0.6208333333333333 0.11770833333333333 0.11166666666666666
2 0.14739583333333334 0.7125 0.17916666666666667 0.18
2 0.19583333333333333 0.52625 0.08541666666666667 0.06916666666666667
9 0.14348958333333334 0.5154166666666666 0.08802083333333334 0.06916666666666667
2 0.018489583333333334 0.6145833333333334 0.024479166666666666 0.0475
13 0.08177083333333333 0.6925 0.06458333333333334 0.06666666666666667
15 0.53046875 0.5925 0.0328125 0.043333333333333335
2 1.0 0.8325 0.0 0.335
2 1.0 0.6916666666666667 0.0 0.19166666666666668
2 0.9776041666666667 0.51625 0.04479166666666667 0.0975
0 0.7453125 0.48125 0.07291666666666667 0.0625
2 0.7026041666666667 0.44583333333333336 0.07083333333333333 0.03333333333333333
2 0.52578125 0.43666666666666665 0.0453125 0.051666666666666666
15 0.7151041666666667 0.49916666666666665 0.036458333333333336 0.025
15 0.70234375 0.49416666666666664 0.027604166666666666 0.02
15 0.95 0.7908333333333334 0.08541666666666667 0.07833333333333334
2 0.0 0.8541666666666666 0.0 0.17833333333333334
15 0.39791666666666664 0.46125 0.016666666666666666 0.019166666666666665
15 0.4010416666666667 0.44 0.011458333333333333 0.016666666666666666
15 0.41432291666666665 0.43375 0.016145833333333335 0.024166666666666666
15 0.3846354166666667 0.435 0.016145833333333335 0.011666666666666667
15 0.3651041666666667 0.4675 0.027083333333333334 0.025