4 0.25442708333333336 0.5945833333333334 0.12447916666666667 0.12416666666666666
2 0.2520833333333333 0.495 0.06666666666666667 0.056666666666666664
15 0.5330729166666667 0.54125 0.011979166666666667 0.019166666666666665
13 0.5549479166666667 0.5404166666666667 0.028645833333333332 0.030833333333333334
15 0.59453125 0.5266666666666666 0.021354166666666667 0.013333333333333334
15 0.5703125 0.5120833333333333 0.017708333333333333 0.019166666666666665
15 0.6 0.5125 0.022916666666666665 0.015
15 0.6078125 0.47541666666666665 0.010416666666666666 0.010833333333333334
15 0.6453125 0.4970833333333333 0.022916666666666665 0.019166666666666665
13 0.40390625 0.5570833333333334 0.044270833333333336 0.04083333333333333
15 0.5721354166666667 0.6316666666666667 0.044270833333333336 0.03666666666666667
2 0.8638020833333333 0.42291666666666666 0.0890625 0.049166666666666664
4 0.7559895833333333 0.42375 0.059895833333333336 0.04083333333333333
13 0.6177083333333333 0.4975 0.029166666666666667 0.02666666666666667