2 0.3299479166666667 0.5504166666666667 0.09114583333333333 0.08583333333333333
4 0.3578125 0.57625 0.08229166666666667 0.09083333333333334
3 0.18046875 0.6320833333333333 0.1515625 0.1425
2 0.18177083333333333 0.53 0.0875 0.07166666666666667
2 0.14322916666666666 0.5279166666666667 0.075 0.06416666666666666
2 0.015885416666666666 0.6208333333333333 0.03177083333333333 0.025
2 0.004166666666666667 0.5904166666666667 0.008333333333333333 0.0675
15 0.5057291666666667 0.5345833333333333 0.03333333333333333 0.0225
13 0.55 0.5445833333333333 0.034375 0.0325
15 0.5846354166666666 0.51625 0.0296875 0.014166666666666666
2 0.015885416666666666 0.8041666666666667 0.03177083333333333 0.23166666666666666
2 0.171875 0.6954166666666667 0.165625 0.16416666666666666
2 0.26223958333333336 0.46416666666666667 0.06510416666666667 0.03
2 0.7276041666666667 0.44083333333333335 0.06145833333333333 0.02
2 0.77421875 0.4170833333333333 0.06614583333333333 0.029166666666666667
4 1.0 0.46208333333333335 0.0 0.07416666666666667