0 0.028645833333333332 0.44333333333333336 0.057291666666666664 0.09833333333333333
4 0.8880208333333334 0.5183333333333333 0.22395833333333334 0.145
4 0.36276041666666664 0.36666666666666664 0.11822916666666666 0.09
2 0.2677083333333333 0.34708333333333335 0.09270833333333334 0.04583333333333333
4 0.0 0.96625 0.0 0.0675
1 0.06328125 0.38333333333333336 0.1265625 0.08166666666666667
13 0.8572916666666667 0.31 0.034375 0.02
2 0.5486979166666667 0.44083333333333335 0.15677083333333333 0.10166666666666667
3 0.9265625 0.33208333333333334 0.146875 0.09416666666666666
2 0.6200520833333333 0.3258333333333333 0.10677083333333333 0.06666666666666667
3 0.76953125 0.30583333333333335 0.11822916666666666 0.08333333333333333
3 0.771875 0.43583333333333335 0.18541666666666667 0.11666666666666667
4 0.6442708333333333 0.5208333333333334 0.175 0.14
0 0.32526041666666666 0.5258333333333334 0.1828125 0.12666666666666668
0 0.7317708333333334 0.3466666666666667 0.10729166666666666 0.06666666666666667
2 0.5893229166666667 0.36375 0.12760416666666666 0.07916666666666666
2 0.45807291666666666 0.3304166666666667 0.10572916666666667 0.07583333333333334
4 0.21692708333333333 0.4375 0.1703125 0.10833333333333334
0 0.95859375 0.44083333333333335 0.0828125 0.09833333333333333