2 0.18072916666666666 0.5183333333333333 0.08125 0.05333333333333334
2 0.0 0.6958333333333333 0.0 0.15
2 0.0 0.8420833333333333 0.0 0.24916666666666668
15 0.7453125 0.44875 0.020833333333333332 0.014166666666666666
15 0.7299479166666667 0.48041666666666666 0.021354166666666667 0.0125
15 0.7921875 0.47125 0.016666666666666666 0.024166666666666666
15 0.7611979166666667 0.455 0.016145833333333335 0.011666666666666667
15 1.0 0.7704166666666666 0.0 0.09083333333333334
15 0.7958333333333333 0.6820833333333334 0.022916666666666665 0.06416666666666666
1 0.8231770833333333 0.3854166666666667 0.0453125 0.030833333333333334
1 0.3567708333333333 0.43083333333333335 0.03125 0.03333333333333333
1 0.40182291666666664 0.5458333333333333 0.07552083333333333 0.07833333333333334
1 0.246875 0.49375 0.06145833333333333 0.05583333333333333
1 0.016145833333333335 0.60625 0.028125 0.0575
3 0.4075520833333333 0.42291666666666666 0.04635416666666667 0.0375
3 0.33489583333333334 0.5429166666666667 0.07916666666666666 0.08416666666666667
4 0.6463541666666667 0.43666666666666665 0.052083333333333336 0.03333333333333333
4 0.0 0.8854166666666666 0.0 0.22916666666666666
4 0.10859375 0.7429166666666667 0.2171875 0.2175
5 0.5580729166666667 0.4345833333333333 0.0609375 0.049166666666666664
15 0.9986979166666666 0.4225 0.0026041666666666665 0.0016666666666666668