5 0.8380208333333333 0.50375 0.240625 0.15083333333333335
2 1.0 0.5154166666666666 0.0 0.13083333333333333
4 0.46015625 0.3254166666666667 0.10572916666666667 0.08083333333333333
4 0.5854166666666667 0.32166666666666666 0.09479166666666666 0.07
13 0.7143229166666667 0.355 0.05260416666666667 0.03333333333333333
2 0.7583333333333333 0.31958333333333333 0.10520833333333333 0.06583333333333333
2 0.8106770833333333 0.34833333333333333 0.1296875 0.06833333333333333
4 0.88828125 0.30791666666666667 0.1015625 0.060833333333333336
2 0.96171875 0.345 0.0765625 0.07
4 0.13385416666666666 0.3408333333333333 0.12291666666666666 0.07833333333333334
3 0.023958333333333335 0.43083333333333335 0.04791666666666667 0.13
4 0.19166666666666668 0.23958333333333334 0.042708333333333334 0.0075