11 0.3046875 0.5845833333333333 0.265625 0.22083333333333333
2 0.053385416666666664 0.8041666666666667 0.10677083333333333 0.195
11 0.6916666666666667 0.45375 0.19583333333333333 0.1325
11 0.47708333333333336 0.40791666666666665 0.096875 0.07583333333333334
2 0.8848958333333333 0.48083333333333333 0.12083333333333333 0.07666666666666666
15 0.48203125 0.6266666666666667 0.03802083333333333 0.03333333333333333
2 0.22083333333333333 0.5170833333333333 0.08854166666666667 0.06583333333333333
2 0.13671875 0.5383333333333333 0.0234375 0.05333333333333334
2 0.016927083333333332 0.6225 0.033854166666666664 0.08333333333333333
2 0.0013020833333333333 0.6066666666666667 0.0026041666666666665 0.08333333333333333
15 0.37578125 0.45916666666666667 0.013020833333333334 0.011666666666666667
15 0.48098958333333336 0.46166666666666667 0.009895833333333333 0.013333333333333334
15 0.44505208333333335 0.44708333333333333 0.009895833333333333 0.0125
15 0.4390625 0.44666666666666666 0.010416666666666666 0.005
15 0.37083333333333335 0.45958333333333334 0.011458333333333333 0.010833333333333334
15 0.40651041666666665 0.45416666666666666 0.021354166666666667 0.023333333333333334
15 0.3924479166666667 0.4533333333333333 0.021354166666666667 0.013333333333333334
2 0.007291666666666667 0.5304166666666666 0.004166666666666667 0.009166666666666667
2 0.5752604166666667 0.43291666666666667 0.0265625 0.0175