5 0.46328125 0.50875 0.0890625 0.09416666666666666
4 0.31927083333333334 0.5516666666666666 0.09583333333333334 0.095
4 0.18802083333333333 0.62625 0.14270833333333333 0.13416666666666666
4 0.27630208333333334 0.63 0.12864583333333332 0.13666666666666666
4 0.09765625 0.74625 0.1953125 0.19916666666666666
2 0.018229166666666668 0.7958333333333333 0.036458333333333336 0.23333333333333334
2 0.014322916666666666 0.6095833333333334 0.028645833333333332 0.1075
11 0.4979166666666667 0.41375 0.11145833333333334 0.08083333333333333
2 1.0 0.6245833333333334 0.0 0.1825
2 0.7354166666666667 0.47791666666666666 0.096875 0.0775
13 0.5684895833333333 0.4175 0.024479166666666666 0.015
2 0.0 0.6895833333333333 0.0 0.16083333333333333
15 0.4473958333333333 0.43916666666666665 0.0010416666666666667 0.008333333333333333
15 0.6653645833333334 0.60125 0.049479166666666664 0.04083333333333333
15 0.4276041666666667 0.4395833333333333 0.019791666666666666 0.015833333333333335
15 0.47604166666666664 0.4608333333333333 0.0125 0.016666666666666666
15 0.3921875 0.46 0.011458333333333333 0.015
15 0.3567708333333333 0.44458333333333333 0.010416666666666666 0.009166666666666667
15 0.38671875 0.4454166666666667 0.009895833333333333 0.0125
15 0.4466145833333333 0.46791666666666665 0.021354166666666667 0.024166666666666666
15 0.4192708333333333 0.44625 0.010416666666666666 0.009166666666666667
15 0.440625 0.455 0.019791666666666666 0.015
2 0.20286458333333332 0.5191666666666667 0.0796875 0.06833333333333333