15 0.7265625 0.48125 0.017708333333333333 0.015833333333333335
15 0.6796875 0.5279166666666667 0.023958333333333335 0.020833333333333332
13 0.6419270833333334 0.5683333333333334 0.044270833333333336 0.045
15 0.6546875 0.4975 0.023958333333333335 0.021666666666666667
15 0.6111979166666667 0.4975 0.0171875 0.013333333333333334
15 0.48671875 0.63 0.0453125 0.03166666666666667
2 0.9908854166666666 0.45708333333333334 0.018229166666666668 0.0725
2 0.6057291666666667 0.45208333333333334 0.017708333333333333 0.035833333333333335
1 0.2869791666666667 0.7541666666666667 0.14375 0.16166666666666665
4 0.24114583333333334 0.6095833333333334 0.125 0.12083333333333333
13 0.031510416666666666 0.8258333333333333 0.06302083333333333 0.12666666666666668
4 0.0234375 0.6070833333333333 0.046875 0.0725
2 0.0 1.0 0.0 0.0
15 0.6143229166666667 0.49 0.0296875 0.023333333333333334