6 0.016145833333333335 0.5704166666666667 0.03229166666666667 0.0725
2 0.10963541666666667 0.555 0.11822916666666666 0.06666666666666667
4 0.11432291666666666 0.8345833333333333 0.22864583333333333 0.20916666666666667
11 0.09114583333333333 0.705 0.18229166666666666 0.2633333333333333
2 0.15859375 0.65875 0.04739583333333333 0.07083333333333333
2 0.22526041666666666 0.5529166666666666 0.08385416666666666 0.06916666666666667
2 0.2955729166666667 0.7275 0.18489583333333334 0.13166666666666665
4 0.3033854166666667 0.5775 0.11614583333333334 0.085
2 0.5888020833333333 0.7316666666666667 0.15052083333333333 0.12333333333333334
6 0.4578125 0.6233333333333333 0.18645833333333334 0.12
4 0.4401041666666667 0.5445833333333333 0.059375 0.034166666666666665
6 0.3919270833333333 0.5266666666666666 0.1078125 0.07833333333333334
4 0.8427083333333333 0.7341666666666666 0.21145833333333333 0.14333333333333334
2 0.70234375 0.6529166666666667 0.1515625 0.1025
3 0.6153645833333333 0.56625 0.1140625 0.08416666666666667
2 0.54375 0.5408333333333334 0.08645833333333333 0.06333333333333334
2 0.8885416666666667 0.6520833333333333 0.16145833333333334 0.09083333333333334
4 0.7546875 0.565 0.10104166666666667 0.07
4 0.68125 0.5341666666666667 0.09583333333333334 0.06666666666666667
2 0.8833333333333333 0.5575 0.09479166666666666 0.06333333333333334
2 0.7768229166666667 0.53375 0.08489583333333334 0.05583333333333333