6 0.9447916666666667 0.33666666666666667 0.11041666666666666 0.08666666666666667
2 0.8049479166666667 0.32125 0.10572916666666667 0.08416666666666667
13 0.8723958333333334 0.3566666666666667 0.06354166666666666 0.04
4 0.7348958333333333 0.35333333333333333 0.11354166666666667 0.09333333333333334
4 0.6536458333333334 0.32083333333333336 0.10416666666666667 0.07
4 0.5361979166666667 0.36041666666666666 0.11302083333333333 0.08583333333333333
6 1.0 0.44916666666666666 0.0 0.11833333333333333
2 0.7213541666666666 0.2966666666666667 0.09375 0.06166666666666667
2 0.46510416666666665 0.3333333333333333 0.08333333333333333 0.07666666666666666
4 0.72109375 0.4370833333333333 0.16510416666666666 0.1125
2 0.16640625 0.4395833333333333 0.17760416666666667 0.10583333333333333
2 0.0 0.38166666666666665 0.0 0.08833333333333333