4 0.94375 0.34208333333333335 0.10625 0.07416666666666667
2 0.80390625 0.3491666666666667 0.1203125 0.075
4 0.8088541666666667 0.30666666666666664 0.09791666666666667 0.035
2 0.6627604166666666 0.3233333333333333 0.0984375 0.043333333333333335
4 0.9763020833333333 0.5283333333333333 0.04739583333333333 0.13
2 0.4786458333333333 0.32708333333333334 0.07916666666666666 0.060833333333333336
2 0.26328125 0.33625 0.1171875 0.07916666666666666
2 0.5330729166666667 0.36625 0.11614583333333334 0.08583333333333333
4 1.0 0.4379166666666667 0.0 0.09416666666666666
4 0.37083333333333335 0.3670833333333333 0.12395833333333334 0.0925
2 0.1796875 0.38 0.14895833333333333 0.09666666666666666
2 0.08307291666666666 0.34041666666666665 0.14739583333333334 0.08083333333333333