5 0.34453125 0.57375 0.1578125 0.14416666666666667
2 0.20494791666666667 0.61625 0.12239583333333333 0.11416666666666667
4 0.05390625 0.7370833333333333 0.1078125 0.18416666666666667
5 0.1 0.7416666666666667 0.2 0.22333333333333333
15 0.74609375 0.645 0.0515625 0.045
15 0.6419270833333334 0.5808333333333333 0.03697916666666667 0.03
15 0.55546875 0.54875 0.03177083333333333 0.024166666666666666
15 0.5794270833333334 0.52 0.0265625 0.018333333333333333
15 0.6223958333333334 0.49083333333333334 0.029166666666666667 0.013333333333333334
2 0.98125 0.4625 0.0375 0.055
13 0.7572916666666667 0.42375 0.030208333333333334 0.015833333333333335