2 0.99765625 0.5966666666666667 0.0046875 0.115
2 0.3307291666666667 0.60625 0.1125 0.12083333333333333
2 0.30494791666666665 0.56125 0.0890625 0.0875
2 0.15442708333333333 0.7108333333333333 0.1640625 0.165
2 0.20651041666666667 0.5204166666666666 0.0765625 0.0625
3 0.1359375 0.53 0.05416666666666667 0.04
3 0.017447916666666667 0.6091666666666666 0.034895833333333334 0.07833333333333334
15 0.5424479166666667 0.5408333333333334 0.021354166666666667 0.018333333333333333
15 0.5541666666666667 0.5345833333333333 0.03125 0.0225
15 0.5489583333333333 0.5116666666666667 0.0010416666666666667 0.006666666666666667
15 0.56171875 0.5270833333333333 0.018229166666666668 0.024166666666666666
15 0.5989583333333334 0.5204166666666666 0.025 0.019166666666666665
15 0.6171875 0.5058333333333334 0.017708333333333333 0.023333333333333334
15 0.6171875 0.4825 0.005208333333333333 0.01
15 0.5864583333333333 0.48291666666666666 0.016666666666666666 0.014166666666666666