2 0.9940104166666667 0.5808333333333333 0.011979166666666667 0.08833333333333333
2 0.7096354166666666 0.6316666666666667 0.1453125 0.12
2 0.3731770833333333 0.75375 0.1578125 0.14583333333333334
2 0.6822916666666666 0.41333333333333333 0.04375 0.03666666666666667
2 0.6049479166666667 0.4529166666666667 0.03177083333333333 0.0425
4 0.53828125 0.45 0.049479166666666664 0.04833333333333333
3 0.4661458333333333 0.50625 0.084375 0.08083333333333333
2 0.2833333333333333 0.5741666666666667 0.10208333333333333 0.1
5 0.37734375 0.43166666666666664 0.05572916666666667 0.045
2 0.33880208333333334 0.4325 0.0265625 0.028333333333333332
4 0.275 0.47875 0.06041666666666667 0.0525
2 0.0 0.8908333333333334 0.0 0.21833333333333332
2 0.0 0.9179166666666667 0.0 0.16416666666666666
5 0.5 0.5 1.0 1.0
15 0.7385416666666667 0.44875 0.025 0.019166666666666665
15 0.7830729166666667 0.45416666666666666 0.0140625 0.015
15 0.7950520833333333 0.4625 0.025520833333333333 0.018333333333333333
15 0.8075520833333333 0.46208333333333335 0.025520833333333333 0.015833333333333335
15 0.8239583333333333 0.46125 0.03125 0.019166666666666665
15 0.8375 0.4608333333333333 0.029166666666666667 0.015
15 0.85234375 0.41583333333333333 0.016145833333333335 0.015
15 0.8630208333333333 0.41541666666666666 0.017708333333333333 0.0175
15 0.8739583333333333 0.42333333333333334 0.03125 0.011666666666666667
15 1.0 0.74375 0.0 0.1025