1 0.9104166666666667 0.73375 0.16875 0.1225
4 0.8895833333333333 0.6470833333333333 0.16875 0.10083333333333333
2 0.6955729166666667 0.65375 0.15572916666666667 0.0975
2 0.4622395833333333 0.6491666666666667 0.1453125 0.09666666666666666
4 0.25052083333333336 0.64625 0.15104166666666666 0.09916666666666667
2 0.0359375 0.6458333333333334 0.071875 0.11
2 0.7434895833333334 0.57375 0.10364583333333334 0.04583333333333333
4 0.86796875 0.5583333333333333 0.10677083333333333 0.07
4 0.6072916666666667 0.5683333333333334 0.103125 0.07166666666666667
2 0.43854166666666666 0.57375 0.103125 0.0775
2 0.24765625 0.58125 0.13385416666666666 0.08583333333333333
2 0.06770833333333333 0.5916666666666667 0.13541666666666666 0.07833333333333334
2 0.8 0.5333333333333333 0.08020833333333334 0.06
2 0.6265625 0.53 0.09270833333333334 0.06166666666666667
4 0.46953125 0.5370833333333334 0.09635416666666667 0.06583333333333333
4 0.271875 0.5379166666666667 0.11041666666666666 0.06916666666666667
2 0.12239583333333333 0.5495833333333333 0.09479166666666666 0.0575
2 0.010416666666666666 0.5533333333333333 0.020833333333333332 0.06666666666666667