0 0.5213541666666667 0.4191666666666667 0.025 0.035
2 0.5981770833333333 0.46708333333333335 0.018229166666666668 0.009166666666666667
5 0.47109375 0.4666666666666667 0.07239583333333334 0.06333333333333334
2 0.3268229166666667 0.6083333333333333 0.1203125 0.12166666666666667
2 0.22083333333333333 0.6070833333333333 0.11979166666666667 0.1125
0 0.0 0.87 0.0 0.21666666666666667
0 0.21041666666666667 0.515 0.06041666666666667 0.058333333333333334
2 0.14010416666666667 0.535 0.057291666666666664 0.05
4 0.30755208333333334 0.45958333333333334 0.033854166666666664 0.014166666666666666
2 0.0 0.6733333333333333 0.0 0.15166666666666667
3 0.0 0.6320833333333333 0.0 0.13916666666666666
15 0.6661458333333333 0.6008333333333333 0.03958333333333333 0.04666666666666667
15 0.77890625 0.43875 0.018229166666666668 0.015833333333333335
15 0.8125 0.46458333333333335 0.035416666666666666 0.030833333333333334
15 0.93203125 0.455 0.0421875 0.02666666666666667
15 0.9127604166666666 0.44875 0.0203125 0.020833333333333332
15 0.92109375 0.4479166666666667 0.0203125 0.014166666666666666
15 0.8072916666666666 0.43666666666666665 0.019791666666666666 0.02
15 0.7885416666666667 0.4220833333333333 0.015625 0.0125
15 0.9044270833333333 0.43041666666666667 0.019270833333333334 0.014166666666666666