4 0.3567708333333333 0.5766666666666667 0.08854166666666667 0.095
6 0.190625 0.6775 0.23645833333333333 0.225
4 0.08489583333333334 0.6966666666666667 0.16979166666666667 0.16
3 0.31354166666666666 0.5545833333333333 0.1 0.09416666666666666
0 0.1859375 0.5283333333333333 0.071875 0.06333333333333334
4 1.0 0.6941666666666667 0.0 0.24833333333333332
2 1.0 0.5308333333333334 0.0 0.12
11 0.5283854166666667 0.42291666666666666 0.09947916666666666 0.06916666666666667
2 0.6481770833333333 0.43041666666666667 0.05677083333333333 0.0425
4 0.5859375 0.4270833333333333 0.03125 0.0475
15 0.4552083333333333 0.4841666666666667 0.021875 0.018333333333333333
15 0.43984375 0.48291666666666666 0.022395833333333334 0.019166666666666665
15 0.44869791666666664 0.46875 0.018229166666666668 0.0125
15 0.3640625 0.46708333333333335 0.01875 0.0225
15 0.40546875 0.45375 0.0203125 0.014166666666666666
15 0.4356770833333333 0.4325 0.0109375 0.011666666666666667
15 0.4765625 0.44708333333333333 0.009375 0.010833333333333334
15 0.49244791666666665 0.4691666666666667 0.019270833333333334 0.013333333333333334
15 0.5018229166666667 0.47 0.018229166666666668 0.015
15 0.5059895833333333 0.46875 0.0203125 0.019166666666666665
15 0.41770833333333335 0.44666666666666666 0.015625 0.016666666666666666
15 0.35859375 0.45208333333333334 0.019270833333333334 0.014166666666666666
15 0.38645833333333335 0.43083333333333335 0.009375 0.006666666666666667
15 0.403125 0.43083333333333335 0.009375 0.01