2 0.3536458333333333 0.585 0.10208333333333333 0.10333333333333333
3 0.30442708333333335 0.5516666666666666 0.1046875 0.09833333333333333
6 0.17369791666666667 0.6079166666666667 0.15989583333333332 0.13916666666666666
2 0.084375 0.76875 0.16875 0.21416666666666667
0 0.19661458333333334 0.5233333333333333 0.08072916666666667 0.07
2 0.14348958333333334 0.5275 0.06302083333333333 0.04
13 0.5307291666666667 0.5470833333333334 0.034375 0.035833333333333335
15 0.58203125 0.5120833333333333 0.021354166666666667 0.0225
15 0.6236979166666666 0.49083333333333334 0.021354166666666667 0.021666666666666667
0 1.0 0.65125 0.0 0.18916666666666668
4 0.4080729166666667 0.7308333333333333 0.15052083333333333 0.16
3 0.2591145833333333 0.44958333333333333 0.06822916666666666 0.035833333333333335
15 1.0 0.6433333333333333 0.0 0.06833333333333333
13 0.5927083333333333 0.5475 0.0375 0.03333333333333333